-78.77
-70.59
-82.57
-69.02
-75.87
-71.48
-68.09
-78.31
-66.64
-75.97
-72.55
-78.46
-74.44
-74.14
-75.07
-73.48
-74.78
-81.84
-72.98
-81.14
-78.72
-66.97
-79.09
-77.61
-75.69
-68.8
-72.88
-83.01
-77.93
-73.58
-81.64
-74.47
-74.21
-72.26
-77.24
-90.6
-75.75
-85.41
-79.79
-75.62
-81.55
-81.82
-76.48
-65.18
-87.63
-79.05
-74.52
-81.05
-78.35
-73.74
-80.4
-71.16
-77.24
-76.03
-71.39
-69.32
-70.21
-67.53
-76.39
-72.03
-69.44
-76.27
-74.22
-54.0
-58.73
-72.12
-59.33
-57.69
-71.21
-75.08
-71.74
-64.89
-72.23
-78.32
-71.74
-67.81
-59.78
-71.19
-65.98
-65.7
-68.83
-67.3
-69.38
-67.17
-69.23
-72.76
-77.87
-78.81
-88.25
-78.76
-77.0
-81.37
-83.23
-83.88
-80.91
-76.39
-81.44
-70.89
-82.34
-73.2
-85.84
-76.25
-78.1
-83.9
-78.62
-78.78
-77.34
-67.91
-77.01
-77.47
-84.25
-81.47
-76.15
-69.95
-77.58
-74.72
-66.12
-75.7
-66.44
-77.04
-77.6
-74.65
-63.77
-73.57
-67.08
-70.33
-68.83
-77.62
-73.86
-73.6
-75.54
-86.42
-78.55
-78.9
-73.7
-75.49
-71.97
-82.76
-83.78
-70.04
-78.19
-65.24
-72.6
-73.1
-67.38
-71.02
-74.67
-68.02
-71.37
-74.42
-71.22
-64.65
-72.65
-75.68
-74.5
-81.74
-76.22
-73.27
-82.78
-85.58
-83.7
-79.75
-68.82
-78.58
-74.03
-79.81
-71.67
-85.1
-73.25
-80.61
-74.39
-73.24
-75.97
-75.24
-78.49
-81.67
-74.12
-82.17
-78.58
-74.35
-79.1
-77.69
-68.48
-77.02
-78.03
-72.42
-81.86
-80.63
-81.06
-77.08
-78.26
-72.37
-74.28
-77.57
-78.3
-70.83
-80.27
-84.03
-81.76
-77.56
-75.12
-73.82
-69.66
-78.64
-74.57
-61.49
-68.31
-65.99
-74.94
-72.36
-70.5
-71.23
-62.57
-77.66
-71.31
-75.3
-74.87
-73.96
-74.54
-79.5
-78.52
-71.44
-70.58
-75.5
-66.94
-62.99
-73.43
-75.92
-72.15
-60.73
-71.5
-71.36
-76.49
-61.19
-66.44
-73.0
-76.65
-73.78
-75.99
-81.46
-81.63
-80.75
-64.54
-79.11
-72.69
-67.05
-74.01
-72.1
-71.92
-60.79
-73.18
-71.43
-68.12
-73.03
-61.93
-68.18
-70.31
-73.42
-77.41
-67.02
-71.39
-71.88
-72.89
-61.54
-68.66
-72.82
-71.97
-64.01
-59.65
-65.01
-61.52
-68.99
-73.89
-71.88
-73.4
-74.93
-62.0
-78.69
-74.39
-75.37
-73.74
-76.5
-70.73
-74.8
-72.62
-74.19
-75.57
-71.21
-64.69
-73.51
-74.47
-65.11
-75.12
-78.04
-69.39
-70.12
-68.66
-68.22
-77.97
-73.29
-73.33
-74.35
-78.79
-67.92
-62.01
-72.6
-65.91
-73.72
-75.84
-74.53
-67.49
-72.03
-58.71
-66.62
-65.86
-66.25
-68.8
-66.16
-62.57
-65.35
-78.13
-66.37
-62.64
-61.05
-60.82
-67.25
-71.09
-69.86
-66.36
-71.62
-65.09
-64.81
-64.07
-63.79
-60.57
-68.5
-67.92
-67.1
-66.67
-68.53
-68.11
-66.17
-65.39
-56.03
-73.24
-74.13
-66.21
-59.29
-72.26
-66.17
-67.45
-62.2
-61.06
-55.39
-61.08
-61.01
-70.78
-66.6
-72.6
-71.23
-73.99
-70.06
-73.06
-60.52
-58.96
-58.56
-63.43
-71.04
-63.08
-52.98
-58.46
-57.45
-61.75
-68.09
-68.96
-61.26
-67.95
-63.12
-61.23
-69.66
-63.16
-61.11
-57.76
-67.59
-58.17
-58.95
-66.99
-53.76
-58.94
-60.75
-66.59
-64.09
-55.79
-57.62
-68.62
-59.07
-67.69
-58.68
-52.17
-66.42
-59.01
-54.2
-53.87
-57.04
-66.28
-68.25
-69.85
-65.51
-67.94
-63.37
-65.97
-63.02
-62.0
-64.46
-49.96
-69.5
-66.68
-67.71
-66.39
-59.11
-66.34
-69.39
-59.34
-66.39
-67.0
-71.38
-67.59
-60.5
-64.52
-65.89
-67.21
-67.17
-72.38
-65.52
-62.78
-68.7
-77.17
-69.89
-67.36
-67.49
-61.0
-69.56
-68.08
-68.32
-67.47
-66.6
-63.69
-61.94
-64.22
-59.59
-66.32
-75.05
-64.0
-64.79
-60.62
-63.21
-69.65
-69.83
-73.27
-74.3
-67.83
-72.33
-78.21
-64.72
-67.88
-75.56
-68.08
-67.99
-65.13
-65.85
-62.87
-68.41
-69.33
-60.81
-65.96
-67.79
-72.89
-74.73
-63.26
-63.29
-69.04
-63.79
-63.01
-66.75
-71.25
-60.71
-69.41
-67.7
-66.63
-70.31
-60.63
-58.5
-68.26
-66.16
-75.16
-72.33
-67.11
-62.75
-71.99
-55.78
-68.0
