-2.218
-1.978
-1.996
-1.811
-1.947
-1.833
-1.137
-2.055
-2.017
-2.16
-1.584
-1.504
-0.86
-1.629
-2.017
-1.903
-1.575
-1.559
-1.118
-1.809
-2.219
-1.594
-1.659
-1.0
-1.773
-1.22
-2.0
-1.504
-1.985
-1.898
-2.092
-2.622
-1.503
-2.381
-1.548
-1.881
-1.908
-2.127
-1.938
-2.354
-1.912
-2.319
-2.041
-2.452
-2.214
-1.77
-1.867
-2.331
-2.558
-2.162
-2.067
-2.312
-2.496
-2.495
-1.939
-1.942
-2.158
-2.225
-1.639
-1.379
-1.413
-1.468
-2.115
-1.011
-1.807
-1.756
-2.55
-1.783
-2.426
-2.501
-2.114
-2.176
-1.531
-1.882
-2.611
-1.954
-2.233
-1.716
-2.101
-1.804
-1.746
-1.564
-2.346
-1.44
-2.393
-1.659
-1.927
-1.608
-2.488
-1.972
-1.902
-1.575
-1.943
-1.882
-2.152
-2.094
-2.542
-1.547
-1.199
-2.294
-2.745
-1.944
-1.87
-1.916
-2.117
-2.25
-2.013
-2.47
-2.389
-1.956
-2.197
-2.403
-1.732
-2.2
-1.113
-2.011
-1.428
-1.937
-2.022
-1.887
-1.992
-1.744
-2.183
-2.019
-1.933
-1.786
-1.54
-2.154
-2.255
-1.906
-2.652
-2.659
-2.27
-2.211
-2.247
-1.732
-2.19
-2.347
-2.468
-2.208
-2.353
-2.262
-1.774
-2.022
-1.732
-1.86
-1.828
-2.075
-1.668
-1.465
-1.975
-1.405
-1.847
-1.619
-2.382
-2.21
-2.047
-2.479
-2.59
-2.624
-2.356
-2.039
-2.542
-1.516
-1.682
-1.896
-1.855
-2.195
-1.776
-2.44
-2.29
-2.146
-2.353
-2.05
-2.153
-2.135
-1.953
-2.449
-1.698
-2.038
-1.764
-1.796
-2.231
-2.419
-2.444
-2.432
-2.113
-2.077
-1.735
-2.135
-1.585
-1.647
-2.362
-2.637
-2.611
-2.141
-1.863
-1.905
-2.444
-1.921
-1.767
-1.919
-1.835
-2.158
-1.719
-1.553
-2.308
-1.876
-1.991
-1.398
-1.85
-2.099
-1.17
-1.608
-1.829
-1.784
-2.367
-1.799
-1.673
-1.561
-2.02
-2.293
-2.031
-1.384
-1.988
-1.003
-1.878
-2.031
-1.962
-2.04
-1.973
-2.081
-2.71
-2.14
-2.767
-2.37
-2.094
-2.0
-1.481
-1.992
-2.02
-1.876
-1.738
-1.891
-2.361
-2.335
-2.191
-1.525
-2.128
-2.307
-2.293
-1.848
-2.239
-1.543
-1.049
-1.609
-1.411
-2.022
-2.451
-1.983
-2.05
-1.757
-2.344
-1.864
-1.597
-2.155
-1.792
-1.636
-1.789
-2.093
-0.756
-2.211
-2.135
-2.261
-1.899
-2.079
-2.461
-2.515
-1.878
-1.14
-1.862
-1.583
-2.03
-2.492
-1.877
-2.34
-1.587
-1.578
-1.982
-1.83
-1.668
-1.743
-2.478
-2.3
-2.174
-2.161
-2.305
-1.267
-1.854
-2.27
-2.053
-2.436
-2.351
-2.573
-2.594
-1.616
-1.323
-2.234
-2.172
-2.299
-2.446
-2.514
-1.719
-1.949
-2.132
-1.965
-2.262
-1.937
-1.918
-2.016
-2.094
-1.935
-2.026
-1.202
-1.844
-2.359
-1.715
-1.368
-1.129
-2.272
-1.088
-1.73
-1.947
-1.888
-1.839
-1.994
-1.727
-1.239
-2.253
-2.235
-2.468
-2.108
-2.163
-1.78
-2.577
-2.404
-2.612
-2.102
-2.671
-2.397
-1.52
-1.557
-2.395
-1.911
-1.845
-2.19
-2.07
-2.431
-2.416
-2.239
-2.3
-2.008
-2.024
-2.21
-2.353
-0.988
-1.699
-1.598
-1.428
-1.783
-1.596
-2.593
-2.076
-1.247
-2.091
-2.453
-1.539
-1.764
-1.777
-2.532
-1.496
-2.069
-1.895
-2.166
-1.836
-1.52
-1.723
-1.522
-1.304
-1.813
-1.782
-1.97
-1.307
-1.785
-1.648
-2.142
-1.897
-1.687
-1.827
-1.957
-1.072
-1.471
-1.424
-1.437
-2.317
-2.151
-1.941
-2.08
-2.511
-2.685
-2.372
-1.744
-1.115
-1.631
-1.217
-1.419
-1.339
-1.805
-1.973
-2.023
-2.055
-2.658
-2.39
-1.286
-2.012
-2.215
-1.521
-1.775
-1.681
-1.683
-1.98
-1.929
-2.035
-1.443
-1.745
-1.794
-1.808
-2.132
-2.014
-1.942
-1.595
-1.751
-2.13
-1.687
-1.35
-1.656
-1.573
-1.333
-1.841
-1.276
-1.891
-1.944
-0.598
-1.265
-1.333
-1.7
-1.53
-1.7
-2.376
-1.839
-2.252
-2.277
-1.607
-2.22
-1.652
-2.725
-2.12
-2.453
-1.508
-2.265
-2.185
-1.533
-1.502
-1.867
-1.49
-2.421
-2.116
-2.05
-1.989
-1.807
-2.011
-2.105
-1.867
-1.601
-1.96
-1.828
-2.373
-1.688
-1.705
-2.302
-1.61
-2.096
-2.543
-2.169
-2.32
-1.439
-2.009
-1.464
-2.239
-2.184
-2.457
