-23.302
-13.283
-25.105
-20.671
-23.621
-19.176
-13.451
-22.834
-24.505
-24.38
-22.757
-18.141
-19.985
-20.464
-18.413
-20.167
-14.615
-23.854
-21.091
-23.357
-25.208
-16.884
-22.483
-19.802
-15.264
-20.803
-14.237
-23.34
-24.637
-25.606
-22.851
-23.896
-20.261
-20.954
-24.629
-21.876
-16.32
-23.531
-19.892
-19.155
-23.084
-22.317
-18.911
-20.483
-21.997
-20.434
-20.24
-21.478
-22.076
-23.072
-23.409
-16.023
-25.525
-23.416
-22.564
-18.891
-23.965
-18.282
-22.21
-19.641
-21.211
-20.017
-19.685
-17.288
-17.206
-22.647
-22.267
-18.767
-21.945
-19.959
-18.811
-20.81
-22.752
-24.399
-22.103
-19.323
-20.221
-24.833
-19.192
-20.751
-21.739
-18.172
-23.567
-23.381
-19.878
-23.567
-13.555
-22.137
-19.263
-20.257
-19.386
-15.503
-22.034
-23.093
-12.027
-22.574
-24.203
-19.553
-23.27
-22.768
-19.887
-23.065
-24.654
-21.246
-22.271
-12.474
-18.277
-17.843
-17.711
-18.018
-21.733
-20.714
-18.332
-19.729
-23.912
-26.027
-19.064
-22.484
-20.705
-20.578
-18.702
-23.262
-18.926
-20.175
-19.593
-18.064
-20.52
-20.294
-25.11
-19.683
-18.934
-23.333
-25.235
-19.169
-23.478
-22.955
-22.273
-24.612
-26.831
-17.603
-21.61
-18.803
-23.462
-20.323
-18.772
-23.124
-22.769
-18.238
-23.535
-22.52
-20.182
-18.489
-22.565
-21.95
-19.505
-25.068
-20.42
-18.821
-18.301
-22.831
-21.272
-10.744
-22.857
-20.87
-17.995
-21.874
-22.608
-23.692
-17.938
-25.164
-24.447
-17.036
-22.462
-25.423
-21.842
-23.732
-20.849
-22.362
-21.524
-20.511
-21.868
-20.944
-21.502
-19.857
-22.662
-22.185
-21.223
-25.124
-24.435
-21.478
-19.823
-22.07
-20.969
-24.22
-19.933
-21.638
-23.29
-19.966
-22.085
-25.832
-25.035
-18.454
-23.656
-20.346
-23.049
-15.225
-22.672
-17.194
-24.976
-21.045
-21.666
-16.669
-19.049
-22.004
-23.221
-17.054
-25.232
-19.601
-21.145
-21.289
-17.815
-18.4
-21.377
-20.734
-21.1
-20.892
-17.686
-21.189
-22.003
-23.218
-22.813
-20.414
-24.846
-18.8
-25.265
-23.037
-20.444
-19.506
-24.204
-24.882
-26.693
-21.651
-21.512
-23.038
-23.644
-15.137
-23.223
-19.512
-19.936
-18.628
-20.789
-21.532
-22.387
-24.009
-16.148
-20.38
-20.642
-20.495
-21.476
-20.35
-14.548
-16.855
-20.774
-19.978
-19.433
-19.094
-23.452
-19.713
-22.569
-23.973
-17.29
-19.327
-22.03
-21.998
-22.819
-20.294
-20.505
-25.295
-25.496
-19.243
-19.866
-23.632
-20.237
-25.982
-20.079
-22.483
-15.258
-18.363
-18.079
-22.191
-23.495
-22.665
-22.28
-15.841
-18.48
-20.276
-16.522
-24.554
-22.558
-19.48
-23.73
-21.617
-15.639
-18.062
-19.133
-21.25
-20.68
-21.154
-20.571
-22.35
-14.335
-25.982
-22.12
-22.929
-21.215
-22.342
-18.818
-22.408
-15.222
-21.375
-24.351
-24.19
-18.701
-15.927
-19.126
-16.539
-22.565
-28.028
-19.832
-25.723
-22.208
-23.327
-24.022
-16.483
-16.886
-16.542
-21.917
-22.898
-16.769
-19.761
-23.13
-20.05
-18.129
-19.149
-21.494
-17.385
-20.577
-19.341
-20.727
-24.733
-21.877
-18.329
-16.554
-17.869
-19.041
-16.578
-23.334
-18.216
-18.439
-23.55
-21.939
-16.232
-16.188
-18.779
-14.898
-16.058
-14.781
-23.301
-15.166
-22.413
-19.339
-22.601
-18.25
-20.736
-18.788
-19.455
-19.853
-14.42
-15.184
-20.996
-18.699
-22.108
-14.991
-18.531
-19.583
-18.797
-19.05
-13.839
-19.306
-13.617
-20.066
-19.24
-10.027
-16.718
-16.733
-19.343
-15.608
-16.89
-14.129
-20.509
-21.714
-17.501
-19.43
-19.694
-12.166
-20.53
-17.476
-16.032
-19.269
-21.644
-21.085
-14.964
-20.92
-19.687
-17.476
-22.15
-22.038
-19.653
-22.348
-18.983
-14.278
-21.18
-15.387
-19.684
-19.284
-23.946
-16.052
-21.431
-23.207
-20.802
-19.276
-22.572
-17.57
-18.54
-16.269
-18.429
-14.055
-25.314
-18.858
-15.919
-15.119
-18.497
-19.284
-16.744
-18.086
-15.884
-21.959
-20.499
-22.198
-16.609
-21.263
-19.087
-19.691
-19.599
-22.906
-21.336
-19.616
-23.677
-22.617
-22.864
-25.12
-24.123
-22.134
-15.096
-17.617
-23.628
-21.119
-26.247
-22.62
-21.606
-20.746
-21.822
-16.104
-20.815
-20.167
-23.704
-23.759
-20.777
-19.725
-22.414
-22.025
-24.92
-23.543
-22.382
-25.982
-23.3
-19.898
-24.271
-21.163
-26.784
-17.989
-17.95
-22.721
-23.384
-21.216
-18.915
-19.199
-15.291
-20.543
-17.977
-17.971
