-297.344
-312.631
-289.134
-266.867
-362.319
-308.938
-321.665
-331.942
-344.42
-301.611
-271.991
-361.138
-361.064
-328.333
-332.067
-315.473
-325.737
-309.154
-289.601
-341.128
-372.946
-339.025
-363.668
-336.834
-386.908
-316.764
-330.206
-363.628
-353.39
-322.495
-319.909
-390.391
-331.078
-282.551
-358.073
-380.456
-351.321
-324.268
-343.622
-334.672
-379.198
-384.615
-307.749
-368.703
-344.95
-326.253
-370.113
-351.938
-360.883
-341.765
-323.988
-355.825
-367.06
-329.223
-267.469
-236.209
-263.91
-335.94
-306.451
-317.819
-269.733
-286.904
-309.731
-231.064
-319.224
-292.449
-286.498
-281.732
-346.695
-339.376
-330.22
-318.647
-329.69
-338.52
-322.528
-310.414
-274.911
-329.417
-332.576
-256.06
-304.415
-277.041
-316.848
-297.013
-293.827
-355.748
-392.769
-334.383
-432.872
-387.575
-458.619
-437.256
-458.945
-416.983
-413.429
-386.146
-401.233
-376.354
-449.208
-228.755
-437.369
-362.567
-390.202
-446.22
-377.944
-399.709
-407.729
-347.533
-389.988
-368.605
-381.692
-379.303
-310.523
-340.522
-375.075
-330.606
-323.281
-347.418
-291.244
-283.04
-348.564
-362.045
-313.934
-368.854
-335.4
-292.007
-355.273
-346.512
-310.576
-324.064
-335.399
-362.524
-368.582
-331.011
-372.048
-394.78
-345.109
-386.493
-391.546
-345.26
-325.463
-308.885
-297.589
-338.215
-346.774
-337.748
-322.557
-337.47
-271.979
-317.446
-326.967
-288.203
-296.421
-253.861
-329.913
-331.072
-317.725
-375.105
-332.716
-369.234
-366.93
-350.413
-351.43
-377.976
-349.885
-346.424
-313.383
-366.549
-300.316
-366.5
-343.898
-362.893
-332.822
-371.261
-358.213
-343.813
-355.421
-335.865
-328.737
-333.767
-352.716
-358.254
-344.239
-325.021
-337.29
-356.399
-354.657
-333.504
-357.564
-342.804
-309.951
-326.305
-334.466
-341.728
-323.736
-298.163
-349.213
-347.22
-350.028
-353.73
-322.614
-383.83
-359.416
-336.907
-396.854
-307.684
-239.82
-327.873
-339.959
-370.568
-364.882
-327.324
-303.985
-349.559
-323.086
-294.682
-308.688
-311.915
-304.362
-309.91
-321.304
-337.231
-314.016
-383.54
-314.734
-305.19
-380.172
-351.157
-370.792
-398.726
-379.559
-337.975
-374.774
-342.594
-337.444
-317.945
-335.141
-364.719
-380.133
-381.531
-387.062
-416.725
-319.857
-375.951
-376.395
-343.607
-331.454
-371.153
-358.428
-348.895
-302.627
-305.574
-400.529
-329.384
-285.036
-308.002
-302.939
-355.02
-349.871
-370.183
-357.795
-358.075
-325.591
-340.712
-334.674
-353.77
-308.956
-321.178
-329.864
-331.922
-351.611
-323.433
-363.7
-310.113
-401.381
-418.438
-317.537
-363.609
-384.216
-388.808
-365.131
-339.546
-366.738
-425.15
-332.478
-433.737
-407.096
-408.829
-337.049
-354.235
-322.079
-310.687
-350.509
-349.59
-339.084
-335.365
-277.628
-271.693
-320.521
-326.142
-314.174
-351.342
-297.775
-370.992
-348.571
-352.008
-293.401
-330.844
-325.374
-293.218
-300.213
-327.098
-290.914
-306.044
-314.692
-302.57
-275.481
-266.213
-304.488
-318.353
-343.682
-316.817
-323.737
-293.208
-267.462
-291.302
-328.515
-319.864
-339.008
-365.161
-337.945
-302.558
-335.077
-281.51
-307.039
-324.674
-342.833
-276.665
-281.814
-315.739
-294.858
-304.657
-320.793
-231.292
-324.512
-363.359
-354.576
-304.667
-339.877
-263.759
-277.276
-292.865
-270.954
-272.053
-306.002
-325.92
-348.286
-330.026
-361.898
-357.249
-349.306
-344.12
-336.282
-317.926
-330.294
-306.025
-276.26
-317.327
-313.271
-296.964
-260.012
-322.215
-310.188
-309.411
-296.432
-283.507
-274.702
-338.521
-302.937
-353.53
-294.492
-312.34
-334.546
-331.963
-365.282
-320.984
-328.448
-323.434
-278.525
-284.521
-310.126
-293.438
-245.689
-232.922
-307.811
-306.82
-364.511
-282.131
-279.564
-326.346
-342.009
-274.53
-279.204
-312.387
-332.564
-333.304
-297.665
-270.386
-269.293
-282.467
-268.486
-265.567
-270.412
-263.637
-266.566
-276.213
-277.394
-296.301
-301.942
-321.819
-288.457
-330.184
-307.664
-346.006
-311.302
-302.352
-316.356
-325.805
-278.197
-345.03
-319.279
-299.953
-293.159
-308.779
-297.76
-331.415
-322.194
-328.026
-359.497
-304.425
-298.433
-313.708
-317.306
-320.777
-290.481
-268.448
-286.951
-314.565
-326.241
-273.797
-292.912
-362.427
-298.469
-276.246
-290.917
-298.385
-351.59
-303.84
-321.499
-292.167
-302.347
-320.92
-349.128
-306.528
-297.186
-332.001
-270.165
-316.428
-311.275
-265.232
-297.892
-337.966
-330.464
-289.342
-326.053
-328.57
-302.687
-301.439
-325.66
-288.319
-291.165
-307.153
-310.006
-293.959
-310.757
-313.498
-291.296
-296.251
-300.35
-307.72
-265.194
-271.111
-291.738
-254.206
-264.315
-283.272
-303.209
-235.596
-286.28
-290.674
-299.257
