-1.382
-0.687
-5.236
-3.039
-3.124
-3.285
-5.35
-5.461
-5.297
-2.58
-3.731
-5.448
-3.901
-5.096
-6.448
-2.992
-4.146
-5.619
-3.923
-5.635
-4.46
-3.676
-3.504
-5.0
-4.856
-4.266
-4.397
-6.193
-5.221
-5.88
-4.766
-4.957
-6.694
-2.681
-5.302
-7.043
-3.431
-6.033
-5.355
-7.536
-6.599
-4.343
-3.412
-5.831
-8.068
-3.257
-6.536
-4.261
-5.027
3.014
-4.836
-3.614
-4.488
-2.768
-4.555
-2.546
-5.52
-5.473
-5.972
-3.515
-1.697
-5.486
-6.455
-2.751
-4.897
-4.273
-2.352
-4.445
-4.165
-5.818
-6.241
-3.6
-3.711
-1.553
-2.294
-2.234
-1.697
-4.956
-3.607
-2.47
-2.109
-1.942
-5.387
-1.976
-4.29
-2.372
-6.969
-4.047
-5.748
-5.241
-4.703
-3.899
-2.27
-3.993
-6.553
-7.066
-7.806
-4.982
-5.525
-6.717
-5.51
-4.495
-3.365
-3.703
-5.235
-2.867
-3.474
-1.223
-4.651
-4.039
-3.594
-4.683
-1.723
-3.096
-5.789
-4.356
-3.409
-2.456
-3.263
-2.751
-1.555
-0.739
-4.039
-4.186
-4.418
-0.891
-3.033
-4.011
-3.529
-3.328
-8.449
-6.327
-5.357
-5.186
-5.932
-4.058
-4.955
-6.462
-3.484
-1.577
-3.218
-2.104
-2.293
-4.39
-3.374
-3.62
-2.242
-2.617
-3.48
-4.072
-4.361
-1.153
-4.669
-6.226
-2.546
-4.744
-3.966
-3.677
-5.832
-7.038
-6.351
-6.863
-5.799
-6.641
-6.047
-4.211
-1.842
-4.941
-2.767
-6.305
-5.683
-1.935
-3.397
-4.225
-4.576
-3.702
0.983
-2.724
-3.224
-3.111
-3.527
-3.565
-3.944
-1.687
-4.357
-3.953
-3.696
-5.922
-4.636
-3.171
-3.766
-5.198
-5.251
-4.93
-5.997
-5.306
-1.959
-5.547
-5.089
-4.812
-4.074
-3.838
-4.903
-3.197
-2.67
-4.322
-3.693
-2.39
-1.337
-5.075
-3.983
-2.861
-3.484
-3.873
-2.875
-5.183
-3.624
-3.75
-3.557
-3.882
-5.29
-3.541
-4.803
-7.286
-6.6
-5.069
-4.05
-3.902
-4.899
-4.04
-2.989
-4.328
-6.252
-5.614
-5.971
-2.723
-6.853
-2.742
-5.776
-5.335
-3.977
-5.335
-4.042
-5.324
-4.103
-2.485
-5.188
-3.933
-3.5
-3.466
-7.029
-4.503
-3.726
-4.439
-4.473
-6.361
-6.163
-7.713
-6.402
-4.103
-6.708
-5.548
-7.332
-6.199
-5.669
-4.743
-3.4
-3.121
-3.98
-3.779
-4.7
-3.986
-4.848
-5.158
-3.408
-6.948
-6.133
-4.796
-2.967
-5.966
-6.703
-3.318
-5.723
-4.119
-5.498
-5.73
-3.38
-2.868
-5.441
-5.182
-6.14
-3.41
-3.63
-5.654
-4.16
-2.062
-3.678
-2.94
-3.048
-4.486
-0.484
-5.239
-6.727
-4.266
-2.134
-5.45
-5.225
-5.413
-5.537
-2.68
-3.485
-3.635
-5.419
-2.533
-6.421
-3.401
-5.256
-3.792
-6.236
-2.83
-2.325
-3.324
-3.686
-2.172
-2.42
-2.959
-4.398
-1.694
-2.053
-5.719
-5.277
-2.542
-3.642
-5.543
-2.512
-5.135
-2.636
-2.522
-5.162
-4.654
-2.048
-4.367
-2.615
-2.568
-2.773
-1.569
-4.799
-4.095
-1.394
0.152
-2.892
-3.211
-4.913
-2.065
-3.883
-3.676
-5.672
-4.598
-5.461
-4.444
-4.203
-4.779
-4.264
-5.576
-5.795
-2.13
-6.219
-3.567
-5.342
-5.674
-6.03
-5.005
-4.437
-2.639
-2.586
-5.794
-7.774
-5.5
-4.552
-7.13
-5.819
-5.434
-5.768
-7.121
-5.011
-4.147
-7.725
-6.279
-6.07
-8.514
-2.617
-6.96
-5.362
-9.282
-5.9
-5.113
-4.849
-3.45
-5.795
-5.402
-3.668
-3.177
-3.312
-3.82
-2.979
0.309
-5.035
-1.84
-4.968
-0.254
-2.536
-1.49
0.414
-1.63
0.974
-2.271
-2.21
-4.397
-2.816
-3.957
-3.154
-4.765
-4.953
-3.052
-1.788
-3.123
-1.852
-0.97
-3.646
-1.045
-3.428
-4.791
-2.874
-2.138
-3.094
-3.042
-3.343
-4.562
-4.634
-2.589
-2.751
-2.711
-3.526
-3.274
-3.279
-1.616
-2.317
0.195
-4.104
-4.715
-3.567
-4.574
-3.511
-2.265
-2.743
-2.474
-4.747
0.288
-3.96
-2.278
-2.17
-3.824
-3.044
-0.226
-7.016
-3.297
-1.975
-3.668
-4.485
-4.302
-2.975
-3.699
-3.378
-2.306
-0.589
-2.652
-2.168
-4.671
-6.681
-3.107
-3.669
-4.314
-3.563
-3.34
-3.385
-6.653
-5.046
-1.707
-1.131
-4.014
-1.279
-5.9
-5.022
-0.311
-3.387
-4.076
-2.195
-3.856
-2.264
-3.813
-2.476
