-471.359
-446.57
-466.132
-466.077
-483.289
-466.098
-487.461
-520.91
-518.947
-459.765
-441.356
-492.909
-517.003
-484.136
-504.551
-484.302
-481.677
-529.155
-465.117
-506.71
-500.83
-485.868
-475.168
-507.061
-520.178
-515.419
-471.011
-545.493
-504.893
-469.166
-479.462
-478.042
-497.471
-466.161
-520.605
-550.546
-514.7
-500.52
-548.21
-507.579
-544.183
-538.062
-480.393
-524.234
-514.28
-534.99
-512.935
-506.841
-517.89
-485.226
-530.854
-508.236
-528.747
-478.297
-430.65
-428.022
-454.181
-509.761
-497.528
-477.567
-497.21
-490.901
-468.448
-433.559
-477.758
-458.447
-443.331
-454.666
-465.351
-490.038
-481.237
-485.075
-511.846
-474.092
-496.113
-463.279
-464.883
-483.214
-509.583
-433.079
-436.572
-452.794
-476.704
-456.533
-463.527
-534.604
-572.256
-513.87
-529.563
-521.493
-563.16
-552.398
-557.846
-532.357
-506.118
-490.359
-504.515
-483.944
-577.919
-523.328
-547.084
-481.245
-507.116
-538.485
-532.043
-553.224
-536.571
-501.753
-528.171
-527.484
-541.57
-516.311
-514.991
-505.123
-463.409
-512.378
-522.469
-503.382
-475.713
-478.595
-526.274
-525.956
-500.574
-518.419
-505.388
-474.636
-496.155
-487.475
-526.061
-497.691
-495.994
-526.389
-553.846
-466.256
-504.077
-523.502
-501.415
-512.488
-535.705
-500.836
-485.407
-437.944
-498.809
-474.535
-477.548
-462.943
-476.142
-469.278
-409.787
-485.492
-453.015
-444.706
-506.174
-494.061
-511.854
-499.919
-484.546
-482.375
-484.391
-490.788
-500.019
-476.064
-457.805
-523.568
-508.711
-525.558
-409.398
-493.967
-441.966
-506.029
-505.118
-520.91
-519.251
-494.347
-527.163
-582.832
-506.266
-476.801
-525.125
-475.226
-462.092
-466.025
-504.627
-466.982
-465.177
-508.262
-518.947
-482.526
-494.358
-518.376
-507.013
-505.771
-490.828
-449.841
-467.855
-466.734
-473.066
-512.139
-459.701
-438.339
-502.098
-503.213
-498.717
-460.892
-527.632
-451.679
-478.781
-466.562
-496.173
-499.225
-483.919
-465.5
-465.456
-483.22
-468.03
-447.511
-450.479
-465.442
-491.423
-475.974
-467.13
-492.322
-485.715
-516.879
-475.337
-460.745
-515.958
-473.361
-510.409
-538.385
-496.212
-468.878
-514.103
-507.965
-477.551
-509.682
-517.807
-527.377
-544.731
-542.197
-489.547
-522.731
-512.425
-490.626
-505.542
-466.287
-475.147
-499.73
-509.615
-484.646
-462.447
-453.935
-473.449
-482.253
-445.852
-469.592
-437.857
-452.989
-485.426
-499.017
-500.215
-495.073
-495.07
-524.901
-490.312
-510.143
-481.378
-505.359
-503.503
-491.11
-507.619
-485.33
-529.774
-508.701
-521.428
-568.212
-478.981
-477.726
-518.897
-516.739
-521.464
-499.141
-518.99
-548.612
-510.596
-540.894
-538.982
-554.41
-475.879
-467.155
-466.794
-455.462
-497.118
-496.784
-456.728
-452.222
-422.735
-425.629
-472.638
-454.863
-522.701
-464.133
-499.112
-495.649
-505.374
-472.601
-449.437
-486.312
-432.233
-498.669
-460.869
-462.007
-451.831
-479.872
-504.967
-448.867
-471.273
-462.542
-449.903
-504.932
-504.486
-483.69
-498.357
-487.779
-459.226
-475.09
-471.063
-477.665
-487.359
-540.173
-508.864
-481.789
-517.821
-475.988
-430.894
-457.641
-468.9
-461.69
-456.139
-448.682
-449.25
-451.34
-494.447
-433.993
-509.154
-525.991
-500.522
-471.666
-504.474
-485.146
-437.481
-456.172
-469.933
-467.468
-441.713
-500.934
-527.009
-511.165
-509.928
-514.637
-487.91
-514.841
-485.259
-497.421
-500.357
-485.269
-473.905
-460.938
-485.045
-496.739
-466.537
-484.367
-462.873
-479.729
-498.626
-481.734
-467.781
-508.936
-476.689
-515.083
-459.262
-446.415
-502.316
-523.655
-525.463
-499.009
-488.258
-493.867
-451.016
-458.727
-447.855
-456.681
-427.781
-441.426
-434.372
-439.383
-475.718
-436.88
-457.928
-477.773
-470.782
-452.116
-443.048
-491.655
-501.815
-513.466
-475.691
-431.336
-471.952
-472.002
-456.409
-470.694
-489.228
-500.605
-451.437
-462.745
-445.082
-470.11
-440.39
-453.264
-439.53
-482.317
-490.505
-476.863
-459.326
-464.665
-481.501
-484.507
-457.39
-529.034
-489.558
-492.872
-472.518
-500.572
-477.241
-508.976
-479.382
-481.104
-496.536
-477.036
-479.299
-474.061
-454.821
-486.851
-482.139
-499.051
-489.789
-475.079
-473.983
-441.51
-491.796
-543.85
-466.084
-449.381
-465.249
-472.59
-499.73
-515.272
-487.175
-483.514
-466.703
-492.868
-507.567
-462.514
-479.72
-491.319
-485.149
-534.006
-459.623
-507.979
-485.034
-517.204
-499.368
-447.963
-503.439
-496.277
-485.699
-487.834
-493.631
-468.348
-470.174
-486.146
-469.244
-449.693
-467.954
-473.192
-470.994
-468.867
-456.247
-469.802
-454.902
-441.524
-442.486
-435.355
-470.526
-429.909
-485.333
-425.561
-447.706
-500.604
-462.517
