-0.16
-0.177
-0.09
-0.087
-0.152
-0.249
-0.21
-0.208
-0.194
-0.131
-0.335
-0.013
-0.278
-0.111
-0.126
-0.121
-0.105
-0.115
-0.079
-0.16
-0.092
-0.17
-0.181
-0.084
-0.024
-0.193
-0.179
-0.266
-0.331
-0.25
-0.256
-0.183
-0.227
-0.273
-0.18
-0.448
-0.161
-0.305
-0.276
-0.11
-0.253
-0.188
-0.077
-0.206
-0.286
-0.281
-0.27
-0.076
-0.304
-0.23
-0.108
-0.077
-0.155
-0.22
-0.194
-0.158
-0.117
-0.222
-0.185
-0.18
-0.148
-0.266
-0.199
-0.216
-0.152
-0.081
-0.157
-0.203
-0.03
-0.089
-0.218
-0.132
-0.13
-0.094
-0.041
-0.017
-0.105
-0.172
-0.126
-0.141
-0.09
-0.044
-0.12
-0.122
-0.082
-0.188
-0.106
-0.157
-0.243
-0.092
-0.178
-0.123
-0.121
-0.031
-0.127
-0.18
-0.133
-0.139
-0.153
-0.016
-0.145
-0.055
-0.259
-0.203
-0.309
-0.226
-0.168
-0.168
-0.198
-0.169
-0.245
-0.194
-0.228
-0.209
-0.243
-0.178
-0.147
-0.202
-0.21
-0.197
-0.354
-0.217
-0.152
-0.132
-0.131
-0.093
-0.184
-0.174
-0.249
-0.136
-0.129
-0.123
-0.182
-0.082
-0.117
-0.279
-0.272
-0.176
-0.15
-0.221
-0.15
-0.201
-0.173
-0.236
-0.202
-0.249
-0.238
-0.052
-0.14
-0.169
-0.134
-0.182
-0.123
-0.037
-0.093
-0.08
-0.125
-0.088
-0.147
-0.197
-0.055
-0.1
-0.115
-0.022
-0.112
-0.094
-0.22
-0.173
-0.194
-0.098
-0.137
-0.063
-0.149
-0.134
-0.127
-0.19
-0.276
-0.114
-0.246
-0.151
-0.164
-0.209
-0.232
-0.212
-0.284
-0.115
-0.189
-0.147
-0.124
-0.135
-0.105
-0.156
-0.117
-0.149
-0.178
-0.194
-0.134
-0.214
-0.148
-0.119
-0.272
-0.204
-0.171
-0.268
-0.179
-0.058
0.082
-0.09
-0.187
-0.041
-0.083
-0.197
-0.122
-0.111
-0.062
-0.108
-0.097
0.035
-0.166
-0.17
-0.12
-0.221
-0.097
-0.117
-0.253
-0.119
-0.218
-0.166
-0.122
-0.154
-0.206
-0.076
-0.18
-0.118
-0.13
-0.08
-0.101
-0.251
-0.091
-0.244
-0.121
-0.149
-0.188
-0.152
-0.144
-0.202
-0.132
-0.14
-0.153
-0.253
-0.199
-0.139
-0.187
-0.106
-0.218
-0.251
-0.299
-0.199
-0.191
-0.245
-0.159
-0.124
-0.275
-0.129
-0.117
-0.244
-0.228
-0.185
-0.245
-0.167
-0.132
-0.143
-0.086
-0.189
-0.177
-0.134
0.001
-0.108
-0.167
-0.054
-0.197
-0.177
-0.177
-0.125
-0.195
-0.056
-0.081
-0.119
-0.221
-0.214
-0.192
-0.229
-0.238
-0.203
-0.322
-0.273
-0.292
-0.161
-0.17
-0.155
-0.286
-0.118
-0.199
-0.226
-0.162
-0.191
-0.058
-0.155
-0.209
-0.107
-0.342
-0.285
-0.227
-0.26
-0.246
-0.233
-0.16
-0.086
-0.172
-0.206
-0.24
-0.187
-0.224
-0.195
-0.173
-0.114
-0.311
-0.174
-0.192
-0.297
-0.178
-0.212
-0.176
-0.235
-0.19
-0.161
-0.263
-0.196
-0.145
-0.251
-0.259
-0.195
-0.195
-0.189
-0.153
-0.302
-0.309
-0.31
-0.351
-0.186
-0.25
-0.201
-0.23
-0.262
-0.258
-0.216
-0.252
-0.177
-0.229
-0.201
-0.282
-0.087
-0.257
-0.29
-0.291
-0.225
-0.153
-0.187
-0.221
-0.231
-0.144
-0.164
-0.306
-0.143
-0.251
-0.177
-0.168
-0.138
-0.165
-0.165
-0.082
-0.143
-0.17
-0.155
-0.042
-0.216
-0.11
-0.012
-0.009
-0.095
-0.022
-0.118
-0.051
-0.061
-0.109
-0.122
-0.141
-0.009
-0.156
-0.041
-0.066
-0.154
-0.193
-0.199
-0.141
-0.304
-0.268
-0.321
-0.225
-0.231
-0.188
-0.21
-0.221
-0.186
-0.131
-0.28
-0.231
-0.166
-0.176
-0.233
-0.285
-0.195
-0.08
-0.239
-0.321
-0.208
-0.253
-0.214
-0.172
-0.124
-0.366
-0.215
-0.215
-0.186
-0.238
-0.288
-0.178
-0.243
-0.077
-0.231
-0.215
-0.101
-0.281
-0.238
-0.263
-0.201
-0.305
-0.203
-0.179
-0.215
-0.217
-0.258
-0.163
-0.161
-0.198
-0.167
-0.181
-0.174
-0.092
-0.129
-0.168
-0.146
-0.316
-0.141
-0.219
-0.299
-0.137
-0.235
-0.102
-0.131
-0.139
-0.104
-0.141
-0.228
-0.122
-0.174
-0.132
-0.181
-0.171
-0.203
-0.168
-0.22
-0.017
-0.145
-0.115
-0.15
-0.198
-0.133
-0.164
-0.208
-0.051
-0.18
-0.064
-0.188
-0.192
-0.102
-0.224
-0.234
-0.074
-0.166
-0.123
