-3.433
-3.556
-3.236
-5.769
-4.298
-5.245
-4.66
-3.165
-6.448
-0.859
-3.801
-4.129
-6.595
-6.343
-4.347
-5.787
-4.164
-6.199
-4.288
-5.123
-2.106
-4.128
-3.725
-2.854
-3.217
-4.391
-5.657
-3.99
-4.897
-6.951
-7.312
-4.526
-5.173
-4.573
-4.366
-3.864
-3.466
-4.9
-4.012
-6.254
-4.357
-5.036
-4.608
-2.638
-3.923
-6.394
-2.943
-2.069
-6.114
-6.167
-4.618
-4.325
-5.588
-2.936
-8.354
-3.594
-4.9
-4.965
-4.202
-5.3
-3.671
-4.51
-3.005
-2.587
-3.973
-7.738
-3.912
-4.143
-8.517
-6.014
-7.923
-5.336
-7.177
-4.896
-6.431
-2.905
-6.619
-6.007
-3.626
-4.736
0.676
-5.092
-3.536
-4.059
-4.917
-2.988
-1.076
-2.636
-4.088
-5.379
-2.084
-3.163
-0.175
-3.119
-2.425
-4.061
-2.717
-3.145
-3.864
-3.91
-3.787
-4.791
0.522
-0.291
-3.696
-0.85
0.14
-2.351
-3.479
-2.881
-5.225
-5.359
-3.775
-6.297
-5.042
-4.775
-4.388
-3.677
-4.92
-4.411
-4.334
-2.369
-3.826
-1.643
-6.302
-4.45
-8.376
-3.795
-3.733
-3.738
-5.255
-4.792
-5.187
-4.66
-5.003
-5.97
-4.86
-3.291
-3.744
-4.747
-4.522
-2.988
-0.848
-2.27
-2.893
-1.599
-1.768
-0.835
-1.445
-3.08
-0.464
-3.12
-4.082
-4.542
-2.885
-2.659
-2.394
-4.516
-1.89
-4.447
-4.133
-2.536
-1.241
-1.908
-1.406
-3.969
-4.328
-6.103
-4.747
-5.931
-4.076
-3.51
-5.826
-8.126
-6.88
-6.929
-4.234
-6.354
-4.572
-5.18
-6.783
-7.001
-5.236
-6.444
-7.312
-5.89
-5.519
-5.812
-5.46
-6.176
-4.678
-4.384
-9.469
-6.449
-7.928
-7.954
-7.577
-7.274
-6.374
-5.635
-7.969
-7.494
-6.844
-6.96
-2.764
-4.045
-7.193
-5.319
-4.214
-7.705
-4.355
-6.684
-3.131
-4.861
-8.094
-7.299
-6.947
-7.721
-8.826
-5.088
-4.439
-6.044
-6.492
-6.687
-5.453
-8.724
-6.209
-7.383
-6.517
-4.918
-5.891
-5.704
-5.636
-5.019
-6.661
-8.851
-8.669
-6.583
-8.432
-5.614
-5.694
-8.068
-6.694
-4.978
-6.259
-7.803
-6.754
-4.679
-6.71
-5.298
-6.041
-6.904
-6.062
-5.964
-6.168
-3.699
-7.286
-5.692
-4.503
-5.337
-5.1
-7.295
-4.463
-5.133
-6.435
-7.732
-7.888
-6.036
-5.839
-6.512
-8.513
-5.531
-7.686
-7.82
-6.634
-5.585
-5.65
-4.372
-5.35
-5.296
-4.497
-5.832
-5.246
-4.913
-3.929
-5.24
-4.062
-5.014
-5.414
-2.713
-5.148
-3.088
-7.817
-4.273
-4.847
-5.599
-4.719
-3.227
-5.432
-7.178
-5.856
-5.221
-4.242
-5.833
-5.085
-3.852
-6.276
-6.331
-7.204
-7.038
-7.932
-4.812
-7.662
-6.672
-7.591
-8.35
-8.278
-7.386
-6.81
-7.153
-6.854
-6.727
-7.077
-8.89
-6.751
-5.825
-7.612
-8.439
-7.884
-7.132
-8.212
-7.106
-7.286
-6.034
-5.402
-5.637
-9.439
-7.694
-6.712
-6.939
-8.011
-5.636
-5.119
-5.451
-5.538
-2.284
-5.893
-4.688
-6.309
-8.199
-6.006
-4.481
-3.689
-6.231
-5.496
-4.416
-5.489
-6.383
-7.411
-5.469
-6.571
-5.445
-6.609
-4.725
-0.889
-1.075
-3.537
-6.589
-3.843
-4.57
-6.995
-3.994
-5.28
-6.537
-2.252
-4.296
-4.365
-6.495
-7.017
-5.472
-5.567
-6.185
-4.284
-4.606
-4.747
-3.829
-5.204
-4.32
-2.34
-5.392
-7.334
-4.249
-5.679
-7.063
-4.392
-2.537
-3.663
-4.37
-4.85
-4.141
-5.461
-6.032
-4.182
-4.256
-5.535
-7.743
-7.732
-7.006
-5.289
-5.859
-4.337
-5.87
-6.095
-9.081
-6.291
-6.726
-6.715
-4.401
-8.004
-6.796
-8.297
-6.928
-6.984
-5.434
-5.057
-5.818
-5.862
-3.272
-3.866
-3.509
-1.365
-2.16
-3.342
-4.858
-3.139
-5.145
-3.219
-1.755
-7.313
-3.284
-2.732
-5.146
-4.925
-2.192
-1.538
-0.757
-3.405
-0.567
-2.3
-2.631
-3.788
-2.684
-1.983
-3.562
-5.046
-4.499
-3.17
-1.946
-6.814
-4.752
-3.555
-3.558
-3.825
-5.094
-2.105
-1.167
-2.805
-2.143
-4.22
-1.464
-4.807
-4.486
-5.355
-5.357
-4.394
-2.62
-2.741
-3.255
-3.594
-2.329
-2.46
-4.123
-2.339
-3.452
-4.777
-2.472
-3.94
-3.641
-4.39
-2.16
-4.268
-5.352
-3.775
-1.797
-4.269
-6.311
-5.399
-6.752
-6.431
-4.694
-4.254
