-1.395
-1.815
-1.043
-1.977
-2.052
-2.131
-1.884
-1.274
-1.711
-1.052
-2.04
-2.255
-2.285
-2.321
-1.967
-2.125
-2.189
-1.735
-2.037
-2.216
-2.281
-2.407
-1.925
-1.744
-2.369
-2.44
-2.429
-2.048
-2.298
-1.868
-1.808
-2.629
-2.331
-2.545
-2.605
-2.067
-1.909
-2.262
-2.164
-2.047
-2.037
-2.068
-1.959
-2.07
-2.059
-1.973
-2.509
-2.381
-2.367
-2.52
-1.602
-1.91
-1.777
-2.436
-1.984
-2.324
-2.266
-2.081
-1.577
-2.094
-2.0
-1.916
-2.721
-2.254
-2.278
-2.095
-2.091
-2.102
-1.735
-1.499
-2.031
-1.868
-1.378
-1.876
-2.395
-1.918
-1.723
-2.278
-2.536
-2.222
-2.47
-1.931
-2.379
-1.831
-2.07
-1.7
-1.314
-2.539
-2.482
-2.201
-1.786
-2.274
-2.446
-2.324
-1.554
-1.756
-2.182
-1.539
-2.203
-1.719
-2.004
-2.208
-2.102
-1.712
-2.309
-1.45
-1.579
-1.508
-2.066
-1.987
-1.806
-2.403
-1.625
-2.222
-2.421
-1.731
-2.619
-2.491
-1.848
-1.917
-2.516
-2.236
-1.921
-1.605
-1.395
-1.893
-2.21
-1.755
-1.527
-1.767
-1.846
-1.904
-1.609
-1.92
-1.892
-1.931
-1.311
-1.985
-1.355
-2.161
-1.515
-1.544
-1.681
-1.435
-1.681
-1.764
-1.787
-2.092
-1.333
-1.521
-1.471
-1.446
-1.96
-2.066
-2.002
-1.45
-1.305
-1.455
-2.075
-0.865
-1.13
-1.626
-1.854
-1.607
-1.236
-1.597
-1.189
-1.657
-1.538
-1.916
-1.921
-2.019
-1.702
-1.95
-1.045
-1.319
-1.283
-1.412
-1.435
-2.015
-1.452
-2.105
-1.983
-1.944
-2.055
-1.727
-0.949
-1.092
-1.719
-1.85
-1.328
-1.16
-1.439
-1.468
-1.786
-1.395
-1.371
-1.072
-1.394
-2.193
-1.906
-1.704
-0.788
-1.404
-1.157
-0.95
-1.219
-0.654
-1.364
-0.988
-1.618
-0.85
-0.291
-0.891
-1.277
-0.814
-1.033
-1.13
-1.917
-1.088
-2.087
-1.955
-1.275
-1.581
-1.043
-1.966
-0.475
-1.667
-1.275
-1.218
-1.164
-1.847
-0.93
-0.665
-0.973
-1.599
-2.248
-1.198
-1.565
-1.599
-1.021
-1.698
-1.754
-1.432
-0.397
-1.827
-0.751
-1.256
-1.79
-0.661
-0.932
-1.753
-1.418
-1.265
-1.148
-1.462
-1.111
-1.369
-2.546
-1.174
-1.816
-1.591
-1.657
-1.786
-1.692
-1.28
-1.601
-1.058
-2.517
-2.234
-1.765
-1.694
-2.521
-1.294
-1.843
-1.659
-1.399
-0.936
-1.632
-1.504
-1.533
-1.618
-1.574
-1.491
-2.08
-1.89
-2.273
-1.41
-2.251
-1.371
-1.551
-1.844
-1.394
-1.926
-1.704
-1.509
-1.928
-1.34
-1.722
-1.094
-1.82
-1.414
-1.635
-1.313
-1.619
-1.448
-2.029
-2.063
-1.754
-1.642
-1.19
-1.722
-1.453
-1.773
-1.482
-2.283
-2.378
-0.978
-1.808
-0.898
-1.815
-1.099
-1.943
-1.694
-1.981
-1.532
-0.573
-2.214
-0.984
-1.781
-1.395
-1.301
-1.747
-2.139
-1.196
-2.315
-1.57
-1.866
-0.807
-0.933
-1.665
-1.178
-1.339
-1.722
-0.814
-1.329
-1.496
-1.873
-2.417
-1.854
-1.58
-1.137
-1.932
-1.462
-1.783
-1.404
-1.844
-1.751
-1.581
-1.88
-1.043
-1.013
-0.952
-1.984
-1.467
-1.327
-1.233
-1.152
-1.147
-1.974
-2.151
-1.709
-1.733
-1.663
-1.606
-1.375
-1.007
-2.025
-1.402
-1.136
-0.602
-2.009
-1.502
-1.528
-1.309
-1.669
-1.647
-0.395
-1.688
-1.141
-1.699
-0.212
-0.599
-0.994
-1.002
-0.965
-0.832
-1.078
-1.949
-0.85
-1.466
-0.618
-1.118
-1.323
-1.486
-0.998
-0.969
-1.158
-1.222
-1.679
-1.82
-2.069
-1.797
-2.232
-1.899
-2.117
-2.068
-1.874
-1.369
-0.841
-1.407
-1.376
-0.789
-1.637
-1.598
-1.3
-0.598
-2.129
-1.155
-1.774
-1.244
-1.273
-1.255
-0.845
-1.296
-2.303
-1.451
-2.562
-1.795
-1.709
-0.906
-2.243
-1.778
-1.743
-1.332
-1.503
-1.575
-1.49
-1.601
-1.642
-0.652
-0.959
-1.467
-1.415
-2.097
-1.824
-1.682
-1.89
-1.178
-2.016
-1.725
-1.79
-0.908
-1.837
-1.18
-1.545
-1.019
-0.887
-1.521
-1.715
-1.891
-1.5
-1.552
-0.952
-1.222
-1.113
-1.691
-1.298
-1.361
-1.781
-1.647
-1.953
-1.522
-1.114
-1.993
-1.629
-1.791
-1.155
-1.188
-1.708
-1.18
-2.028
-1.712
-1.727
-1.629
-2.163
-1.734
-1.755
-2.084
-0.963
-1.863
