-60.89
-70.96
-64.23
-66.65
-68.94
-62.84
-58.9
-56.48
-59.45
-54.62
-57.73
-67.29
-70.02
-76.56
-66.91
-69.42
-75.96
-70.02
-76.97
-72.33
-70.19
-68.75
-66.24
-61.85
-65.9
-72.28
-70.02
-68.35
-72.28
-71.27
-70.58
-69.49
-69.75
-69.84
-65.62
-68.24
-72.02
-70.74
-80.47
-64.29
-66.18
-69.15
-65.24
-67.89
-66.98
-69.05
-70.88
-62.75
-64.84
-63.29
-67.72
-64.58
-63.8
-66.88
-57.04
-66.22
-60.81
-67.46
-70.38
-67.21
-74.22
-75.17
-68.5
-68.59
-67.19
-63.23
-70.31
-70.31
-69.2
-65.91
-64.72
-66.21
-70.32
-65.15
-56.33
-62.09
-61.55
-66.91
-71.67
-68.91
-71.73
-68.54
-77.81
-79.35
-81.86
-75.15
-79.62
-73.26
-83.83
-78.78
-70.9
-83.62
-77.64
-73.09
-68.27
-68.53
-74.7
-69.89
-75.54
-80.53
-73.0
-77.8
-73.49
-74.01
-70.87
-66.38
-68.99
-72.29
-72.23
-73.62
-71.01
-70.0
-65.14
-73.15
-69.68
-64.98
-68.84
-69.58
-76.16
-71.16
-81.9
-64.43
-79.47
-64.7
-72.05
-69.87
-70.62
-65.12
-65.31
-61.63
-60.3
-65.01
-62.74
-72.02
-74.81
-66.19
-77.8
-76.16
-70.46
-75.63
-66.69
-67.24
-72.22
-75.11
-80.99
-73.78
-77.01
-76.05
-67.48
-71.12
-70.41
-62.46
-73.14
-67.79
-74.51
-72.8
-73.73
-67.33
-82.97
-74.98
-76.07
-77.28
-65.92
-62.92
-64.65
-64.89
-61.13
-67.61
-57.16
-71.71
-68.34
-72.0
-73.37
-71.47
-65.2
-73.03
-70.89
-64.78
-67.22
-82.99
-71.94
-77.99
-68.62
-75.43
-71.54
-72.38
-68.12
-62.0
-72.79
-69.93
-73.78
-74.37
-78.14
-71.98
-79.81
-76.41
-79.34
-76.16
-82.76
-86.08
-82.85
-71.96
-63.27
-69.69
-67.12
-64.6
-75.56
-71.44
-70.12
-71.51
-78.25
-67.3
-65.67
-66.01
-65.82
-73.3
-76.96
-78.23
-82.17
-76.84
-77.94
-79.07
-66.9
-71.73
-72.97
-80.44
-70.86
-76.59
-77.33
-67.62
-67.43
-70.47
-66.66
-70.23
-63.81
-69.69
-70.55
-66.68
-76.35
-66.98
-64.25
-68.09
-72.05
-68.57
-66.41
-75.28
-67.62
-73.4
-71.75
-61.34
-76.69
-74.84
-66.34
-67.16
-68.16
-70.38
-71.5
-66.58
-71.12
-61.63
-63.07
-61.9
-67.99
-65.99
-56.47
-69.68
-70.45
-67.81
-72.38
-62.32
-75.56
-73.87
-76.16
-69.88
-72.44
-74.53
-61.12
-70.55
-69.03
-70.34
-72.66
-66.17
-68.37
-71.51
-69.18
-77.0
-69.5
-69.74
-70.55
-75.18
-73.12
-71.05
-70.47
-71.27
-73.75
-69.56
-80.05
-69.33
-77.66
-72.07
-62.31
-67.74
-70.21
-64.79
-72.12
-64.93
-69.48
-75.83
-69.57
-74.34
-68.43
-78.28
-75.15
-65.81
-78.43
-81.98
-68.63
-60.95
-71.18
-53.35
-62.18
-66.0
-69.34
-65.89
-73.83
-72.46
-72.15
-76.48
-75.84
-65.6
-76.44
-69.22
-71.54
-73.69
-70.73
-66.53
-69.25
-80.19
-68.83
-64.37
-71.88
-68.94
-70.72
-69.55
-69.79
-73.97
-73.99
-77.12
-73.08
-71.63
-71.89
-71.51
-70.62
-68.62
-68.19
-64.16
-65.1
-72.62
-68.56
-65.24
-61.8
-62.25
-52.56
-68.61
-64.38
-67.19
-69.05
-64.93
-69.18
-66.33
-70.78
-69.73
-72.28
-61.36
-73.8
-67.31
-65.25
-71.85
-69.77
-72.77
-64.98
-76.84
-77.76
-74.6
-68.95
-73.16
-63.98
-74.78
-72.42
-68.96
-80.63
-79.9
-67.51
-65.44
-66.82
-65.18
-68.34
-70.19
-72.52
-70.67
-68.76
-67.23
-68.69
-63.72
-57.62
-58.61
-62.46
-63.8
-65.35
-69.04
-66.64
-69.81
-77.43
-80.3
-75.12
-78.1
-60.79
-64.34
-59.85
-74.25
-70.82
-67.46
-67.83
-62.61
-70.28
-64.99
-69.72
-67.05
-60.5
-55.24
-61.13
-59.44
-57.52
-58.64
-67.34
-69.63
-67.07
-64.64
-62.65
-61.7
-62.8
-65.41
-57.98
-67.22
-66.9
-59.55
-67.82
-62.19
-64.33
-57.51
-61.91
-59.2
-59.92
-64.13
-58.18
-65.46
-63.11
-66.69
-58.11
-61.53
-54.65
-67.83
-53.79
-64.42
-67.83
-60.14
-57.16
-60.07
-69.17
-71.83
-63.92
-62.36
-64.87
-61.75
-59.01
-53.48
-60.0
-54.08
-59.25
-62.96
-58.19
-64.83
-61.02
-59.82
-64.18
-66.22
-61.96
-58.66
-57.64
-60.15
-59.38
-60.7
-55.48
-61.92
-52.11
-61.65
-57.44
-63.91
-58.42
-52.87
-65.26
