-397.645
-448.125
-402.843
-442.761
-461.619
-445.338
-381.088
-392.494
-379.318
-372.707
-352.088
-404.075
-425.428
-477.793
-468.975
-480.825
-471.094
-377.296
-476.503
-403.735
-481.365
-436.538
-424.168
-443.687
-427.451
-463.325
-488.416
-467.034
-462.728
-446.507
-420.286
-428.722
-457.57
-465.666
-404.794
-413.933
-432.321
-455.669
-440.648
-385.463
-434.189
-389.356
-399.863
-426.218
-403.305
-434.443
-428.921
-478.813
-459.469
-427.296
-426.045
-442.353
-439.513
-407.607
-443.278
-461.906
-430.702
-421.756
-479.744
-394.452
-487.877
-508.85
-466.116
-452.132
-450.799
-439.152
-455.994
-460.91
-428.368
-473.576
-499.411
-404.544
-436.421
-461.988
-401.501
-426.579
-443.79
-473.276
-449.412
-484.44
-457.367
-488.549
-511.599
-482.46
-460.934
-495.635
-496.741
-490.205
-509.704
-509.747
-510.225
-549.133
-496.584
-462.437
-470.409
-457.072
-445.428
-459.3
-469.843
-484.853
-440.391
-529.771
-446.134
-446.834
-428.205
-412.985
-418.76
-462.141
-462.064
-478.649
-440.234
-421.381
-411.624
-470.932
-461.061
-407.07
-448.26
-478.756
-502.101
-466.193
-475.677
-493.896
-503.59
-453.041
-455.945
-407.605
-468.592
-423.214
-444.474
-396.818
-444.727
-460.666
-441.426
-449.183
-475.541
-468.435
-495.041
-479.921
-535.692
-494.103
-501.35
-494.122
-513.608
-472.26
-495.895
-472.107
-476.89
-465.547
-469.626
-487.719
-456.879
-456.065
-461.364
-477.897
-480.565
-491.031
-434.952
-451.573
-504.201
-495.945
-458.62
-461.285
-473.779
-399.551
-391.498
-433.448
-428.668
-422.607
-450.251
-449.127
-444.738
-426.925
-435.227
-462.302
-461.388
-451.208
-515.682
-469.513
-501.155
-488.556
-524.049
-505.399
-463.695
-475.255
-492.761
-435.822
-452.601
-439.764
-470.76
-451.67
-462.726
-456.047
-494.158
-473.282
-517.554
-482.212
-507.644
-484.337
-482.468
-530.871
-489.05
-477.842
-457.975
-440.452
-482.942
-465.722
-487.276
-511.025
-475.555
-447.388
-538.667
-506.865
-472.148
-439.293
-470.758
-496.496
-569.521
-533.261
-521.495
-459.984
-536.505
-501.067
-525.964
-484.175
-461.646
-488.317
-465.572
-510.363
-480.091
-453.073
-455.108
-472.618
-440.802
-478.545
-421.915
-467.324
-483.508
-471.513
-461.004
-416.564
-494.113
-469.634
-441.994
-467.092
-433.081
-492.08
-422.225
-416.552
-449.237
-471.143
-468.258
-493.526
-458.638
-467.247
-487.953
-464.939
-476.382
-511.096
-450.715
-419.614
-427.827
-451.582
-444.922
-431.444
-486.399
-460.148
-489.508
-447.004
-465.551
-411.306
-455.956
-418.684
-449.749
-454.465
-483.605
-446.908
-395.266
-468.687
-469.967
-420.551
-447.915
-445.649
-389.444
-445.485
-446.954
-433.578
-449.091
-419.514
-445.238
-458.133
-485.192
-494.798
-475.533
-550.948
-488.693
-467.581
-520.491
-426.245
-458.642
-429.737
-459.788
-472.515
-458.879
-467.911
-460.612
-474.865
-427.364
-497.401
-473.814
-516.415
-492.024
-481.547
-479.083
-500.096
-540.378
-528.413
-536.44
-491.312
-474.285
-458.393
-451.69
-460.569
-456.519
-438.895
-469.13
-475.156
-495.798
-500.38
-518.416
-501.926
-477.531
-503.469
-499.422
-481.333
-454.23
-478.785
-534.796
-527.584
-494.698
-473.273
-481.592
-477.068
-448.998
-460.192
-490.404
-491.27
-479.333
-492.549
-461.461
-492.847
-409.062
-440.647
-466.807
-425.863
-404.733
-408.431
-445.916
-414.239
-411.241
-408.174
-422.089
-433.161
-408.738
-424.748
-422.961
-466.422
-430.476
-420.402
-438.142
-400.963
-443.487
-470.226
-446.094
-404.511
-448.061
-400.704
-422.847
-441.848
-441.171
-438.86
-413.015
-468.141
-454.289
-452.863
-497.12
-516.863
-425.505
-508.737
-493.875
-468.911
-466.098
-454.422
-472.453
-484.941
-430.964
-438.41
-475.836
-489.194
-509.736
-500.679
-450.633
-475.809
-436.969
-425.99
-406.071
-368.242
-420.283
-422.571
-427.375
-439.902
-451.041
-433.906
-479.272
-527.454
-514.435
-488.588
-442.936
-482.058
-441.478
-463.976
-486.927
-446.679
-486.997
-460.083
-469.085
-447.07
-435.575
-404.381
-393.784
-370.929
-375.199
-371.83
-361.729
-373.13
-440.94
-376.906
-440.407
-442.352
-440.001
-392.784
-410.464
-433.495
-477.219
-455.485
-426.779
-405.24
-420.91
-415.332
-416.712
-352.268
-405.214
-413.211
-370.246
-415.983
-396.169
-402.141
-388.262
-405.174
-384.993
-392.799
-361.261
-382.967
-370.715
-387.951
-416.844
-402.349
-436.913
-390.972
-401.962
-454.385
-423.223
-385.954
-414.332
-406.416
-397.803
-378.713
-363.093
-345.103
-318.291
-400.326
-378.368
-380.544
-390.019
-378.237
-417.39
-439.175
-436.944
-415.836
-397.537
-372.788
-376.322
-416.102
-364.982
-373.505
-389.871
-358.837
-376.509
-407.471
-395.117
-403.614
-399.327
