-217.725
-263.724
-254.611
-252.622
-303.378
-319.361
-209.188
-190.437
-205.258
-182.512
-140.826
-254.301
-258.072
-323.232
-259.118
-302.542
-302.555
-231.166
-289.097
-239.373
-308.718
-233.892
-263.586
-277.439
-285.988
-324.766
-353.043
-282.23
-253.89
-289.574
-249.385
-38.096
-287.588
-310.534
-235.837
-304.279
-289.636
-300.957
-238.135
-212.206
-287.262
-258.159
-251.213
-262.072
-287.997
-304.347
-298.756
-330.573
-288.564
-233.904
-271.343
-280.421
-276.415
-301.861
-289.081
-300.037
-237.874
-272.279
-335.868
-234.804
-375.085
-375.986
-309.118
-261.917
-320.348
-287.016
-325.389
-235.571
-271.749
-321.881
-130.721
-237.03
-307.045
-294.788
-243.804
-272.931
-304.14
-303.407
-312.21
-374.732
-375.775
-364.344
-396.415
-346.816
-386.544
-354.527
-383.454
-383.739
-394.971
-437.296
-396.146
-436.694
-408.486
-323.14
-336.834
-341.913
-366.675
-291.538
-369.469
-411.862
-339.904
-448.814
-315.552
-335.585
-289.885
-303.475
-306.393
-337.814
-354.868
-359.91
-337.487
-306.837
-278.895
-295.945
-298.822
-280.784
-304.564
-347.209
-349.239
-337.559
-358.409
-372.503
-348.754
-289.912
-311.929
-262.395
-257.208
-291.927
-274.163
-280.607
-275.237
-256.54
-292.237
-315.076
-342.599
-405.654
-465.918
-383.877
-387.285
-328.947
-350.634
-359.444
-354.532
-337.867
-352.332
-298.384
-307.218
-320.316
-304.159
-296.242
-286.07
-259.334
-262.279
-283.611
-281.188
-292.834
-253.059
-241.572
-323.653
-242.628
-265.637
-255.651
-260.577
-203.818
-188.251
-215.904
-221.377
-213.313
-213.958
-236.683
-230.525
-215.266
-234.179
-307.731
-289.402
-333.147
-333.249
-303.699
-332.579
-349.042
-386.958
-367.011
-289.794
-311.711
-339.486
-282.853
-276.526
-268.923
-309.077
-299.67
-313.298
-291.02
-357.398
-335.733
-366.901
-358.868
-375.608
-337.284
-348.438
-380.78
-133.164
-142.065
-315.566
-311.416
-308.368
-305.194
-161.856
-343.254
-320.551
-124.781
-388.58
-318.795
-332.091
-293.225
-134.479
-358.809
-390.344
-407.592
-258.694
-362.655
-364.78
-335.796
-371.794
-324.364
-312.588
-354.15
-334.766
-341.404
-354.353
-318.076
-328.724
-288.784
-293.075
-335.191
-295.973
-322.507
-290.061
-290.45
-268.334
-266.335
-312.321
-279.825
-275.775
-306.508
-328.916
-347.059
-303.393
-298.869
-286.964
-338.501
-304.701
-334.548
-303.769
-304.477
-312.736
-322.135
-344.418
-369.938
-296.141
-270.755
-292.097
-267.016
-266.386
-284.041
-345.88
-266.616
-344.55
-292.36
-302.336
-238.437
-304.449
-279.725
-315.326
-304.193
-291.413
-257.597
-267.843
-268.256
-274.962
-255.409
-254.728
-253.827
-245.965
-282.576
-270.043
-278.373
-268.317
-281.032
-292.139
-284.309
-341.945
-339.283
-316.51
-389.993
-333.91
-312.748
-355.897
-273.499
-298.805
-242.137
-220.233
-299.298
-305.573
-276.243
-299.469
-292.867
-248.77
-337.542
-335.62
-356.573
-306.912
-296.72
-315.831
-345.722
-370.28
-386.067
-351.519
-323.818
-317.952
-292.094
-293.106
-259.461
-257.418
-230.444
-268.793
-260.202
-268.196
-296.876
-279.878
-312.98
-299.249
-318.425
-293.752
-309.584
-257.243
-275.308
-337.234
-329.057
-291.503
-298.254
-301.62
-282.994
-247.454
-273.777
-294.248
-290.314
-272.292
-320.736
-301.755
-279.733
-268.58
-265.515
-263.929
-240.489
-200.818
-211.478
-238.014
-226.664
-223.362
-226.442
-219.07
-235.502
-198.968
-229.438
-186.87
-275.146
-228.21
-235.533
-268.008
-232.304
-247.383
-294.3
-232.841
-178.693
-270.736
-208.955
-188.185
-255.041
-248.982
-245.308
-233.405
-288.168
-281.287
-306.119
-305.186
-327.178
-295.979
-329.956
-316.603
-275.049
-334.79
-293.21
-290.786
-281.085
-272.71
-262.387
-271.611
-318.99
-328.423
-324.677
-284.32
-294.654
-274.054
-210.798
-195.775
-185.723
-210.959
-215.233
-238.49
-249.037
-240.986
-206.605
-348.427
-315.357
-357.067
-291.419
-242.258
-281.482
-241.498
-300.327
-306.019
-282.905
-271.046
-246.309
-276.219
-257.602
-277.619
-175.918
-155.783
-165.172
-179.73
-179.401
-184.538
-153.942
-174.729
-183.185
-236.048
-248.207
-205.654
-171.195
-213.337
-210.824
-219.66
-235.0
-204.587
-173.01
-188.784
-193.259
-194.525
-169.325
-193.593
-225.034
-198.256
-189.773
-202.353
-186.178
-211.57
-208.935
-178.796
-207.461
-141.637
-153.594
-148.265
-198.432
-215.445
-197.448
-204.316
-153.189
-206.676
-269.025
-213.907
-165.743
-230.619
-219.993
-209.819
-192.335
-179.907
-165.2
-135.705
-131.98
-164.283
-190.192
-167.732
-161.498
-196.359
-202.543
-237.566
-221.923
-181.715
-192.586
-170.891
-192.939
-150.257
-180.09
-193.176
-150.233
-169.649
-218.446
-179.273
-179.934
-169.998
