-19.832
-20.274
-16.952
-9.143
-24.316
-20.808
-9.982
-20.13
-13.55
-18.621
-16.695
-17.419
-22.34
-21.424
-17.498
-9.797
-16.043
-20.537
-22.937
-22.461
-13.009
-20.74
-12.425
-15.677
-16.342
-21.518
-20.366
-17.676
-22.485
-17.756
-21.629
-21.561
-17.594
-21.674
-22.1
-19.9
-22.158
-18.547
-26.098
-19.864
-15.93
-17.401
-21.189
-18.386
-21.743
-19.875
-16.053
-14.549
-17.89
-17.919
-17.669
-15.247
-20.527
-22.113
-22.248
-17.016
-19.55
-18.931
-10.59
-21.083
-11.798
-16.56
-21.337
-18.294
-19.272
-13.554
-22.561
-17.62
-19.967
-19.871
-16.537
-21.347
-17.458
-19.894
-20.141
-18.376
-17.807
-14.118
-19.935
-18.843
-20.854
-21.246
-22.039
-21.549
-19.695
-21.79
-23.505
-14.95
-17.905
-21.81
-17.258
-11.022
-17.994
-17.695
-19.471
-18.941
-17.736
-14.897
-13.299
-22.437
-21.067
-21.856
-12.853
-23.157
-24.363
-14.827
-23.504
-20.667
-15.905
-19.835
-17.462
-15.543
-12.639
-17.363
-13.607
-21.703
-15.353
-14.797
-19.178
-20.344
-19.475
-13.881
-16.557
-20.607
-20.932
-17.398
-14.815
-18.581
-20.167
-17.721
-21.346
-15.535
-11.889
-23.328
-19.317
-13.266
-14.998
-14.368
-17.294
-19.016
-17.794
-17.292
-19.559
-13.851
-15.989
-19.438
-13.417
-16.195
-18.809
-17.594
-22.669
-17.37
-20.289
-19.234
-23.246
-16.682
-20.64
-21.7
-19.62
-23.895
-22.481
-17.346
-21.633
-16.163
-15.965
-18.27
-14.396
-18.969
-21.519
-22.567
-20.111
-16.336
-16.141
-21.612
-20.439
-16.862
-18.019
-16.92
-17.899
-14.744
-21.907
-20.571
-19.316
-16.546
-16.32
-15.194
-19.711
-15.647
-18.558
-15.764
-18.316
-16.301
-23.628
-16.015
-20.982
-23.121
-20.697
-20.962
-19.063
-13.932
-20.397
-24.055
-17.657
-23.573
-22.169
-20.178
-16.702
-18.466
-18.689
-19.704
-20.846
-25.835
-13.455
-16.113
-16.275
-17.292
-21.393
-21.881
-7.693
-23.361
-23.326
-18.919
-21.157
-17.739
-19.404
-17.04
-20.473
-19.043
-20.594
-23.073
-15.009
-21.996
-18.707
-15.907
-22.036
-13.561
-17.815
-15.544
-22.492
-19.111
-15.141
-18.393
-17.985
-19.392
-19.188
-18.569
-18.349
-19.67
-17.495
-14.582
-22.293
-20.379
-18.553
-20.48
-15.948
-19.776
-21.544
-20.653
-20.859
-15.765
-16.688
-19.102
-16.476
-20.625
-18.659
-16.182
-18.029
-18.465
-27.7
-19.09
-26.222
-15.262
-20.635
-22.703
-15.734
-19.368
-19.18
-22.084
-18.485
-19.844
-19.915
-18.076
-19.38
-17.108
-10.901
-18.211
-20.715
-16.607
-22.343
-16.527
-19.467
-18.702
-17.208
-17.053
-20.851
-17.295
-24.213
-14.975
-23.128
-17.363
-17.749
-20.977
-17.878
-17.14
-18.13
-22.435
-17.725
-22.018
-14.724
-19.483
-21.487
-19.058
-18.527
-18.807
-20.243
-22.077
-15.665
-5.708
-20.857
-13.083
-16.96
-17.69
-25.395
-17.048
-20.611
-22.67
-15.56
-23.831
-21.885
-18.137
-17.334
-22.95
-19.916
14.304
-17.761
-16.26
-21.063
-23.415
-20.141
-21.582
-19.825
-22.571
-17.732
-19.849
-16.338
-20.97
-22.698
-21.931
-21.41
-22.588
-19.794
-18.779
-19.868
-18.383
30.601
-18.263
-21.397
-16.186
-18.946
-21.436
-19.044
-15.307
-17.666
-20.493
-18.661
84.96
-21.223
-12.434
-16.778
-21.754
-19.817
-17.352
-22.182
-23.487
-24.09
-21.624
-13.674
-24.2
-20.659
-18.383
-12.826
-25.569
-21.746
-10.279
-22.279
-19.721
-17.505
-23.091
-16.868
-20.099
-19.979
-18.77
-18.105
-18.036
-20.534
-13.783
-13.711
-18.577
-16.965
-19.571
-19.559
-19.784
-15.709
-17.336
-12.553
-14.595
-18.31
-18.493
-19.48
-12.914
-17.637
-19.596
-18.868
-23.059
-28.236
-19.559
-19.806
-18.219
-19.157
-18.902
-12.504
0.191
-22.555
-13.816
-20.994
-18.102
-19.128
-24.731
-20.951
-15.78
-21.934
-20.513
-18.375
-16.34
-17.092
-21.35
-20.0
-21.95
-14.743
-16.299
-17.967
-16.907
-18.978
-22.849
-20.286
-17.251
-18.214
-16.951
-19.993
-18.379
-15.352
-16.054
-17.639
-22.177
-19.536
-20.27
-22.53
-22.454
-17.534
-20.083
-16.639
-20.337
-17.069
-21.287
-19.048
-14.393
-15.547
-14.452
-20.86
-17.495
-14.431
-17.25
-17.398
-17.815
-16.366
-11.157
-17.071
-14.179
-17.131
-19.06
-20.788
-18.169
-20.198
-16.636
-16.933
-22.07
-19.797
-15.219
-16.842
-18.131
-17.43
-19.568
-20.897
-17.129
-16.756
-21.972
-13.755
-18.27
-20.37
-17.506
-18.501
