-0.225
-0.112
-0.09
-0.144
-0.186
-0.158
-0.272
-0.22
-0.153
-0.184
-0.112
-0.183
-0.332
-0.228
-0.166
-0.16
-0.217
-0.232
-0.27
-0.114
-0.265
-0.208
-0.22
-0.193
-0.196
-0.238
-0.206
-0.255
-0.189
-0.26
-0.148
-0.217
-0.333
-0.352
-0.238
-0.275
-0.362
-0.401
-0.258
-0.224
-0.259
-0.201
-0.179
-0.096
-0.236
-0.302
-0.203
-0.083
-0.227
-0.192
-0.206
-0.19
-0.091
-0.223
-0.148
-0.132
-0.23
-0.319
-0.243
-0.027
-0.165
-0.197
-0.295
-0.18
-0.231
-0.273
-0.163
-0.101
-0.232
-0.158
-0.159
-0.111
-0.119
-0.145
-0.066
-0.191
-0.101
-0.108
-0.153
-0.192
-0.261
-0.334
-0.122
-0.113
-0.246
-0.276
-0.302
-0.19
-0.09
-0.256
-0.179
-0.264
-0.13
-0.189
-0.17
-0.241
-0.225
-0.249
-0.194
-0.204
-0.232
-0.266
-0.089
-0.27
-0.111
-0.217
-0.14
-0.261
-0.251
-0.269
-0.187
-0.177
-0.208
-0.169
-0.112
-0.204
-0.262
-0.147
-0.228
-0.105
-0.188
-0.001
-0.209
-0.221
-0.049
-0.198
-0.22
-0.164
-0.194
-0.185
-0.081
-0.139
-0.062
-0.123
-0.222
-0.188
-0.12
-0.068
-0.258
-0.251
-0.217
-0.194
-0.243
-0.276
-0.177
-0.145
-0.155
-0.168
-0.104
-0.093
-0.17
-0.101
-0.162
-0.2
-0.112
-0.145
-0.066
-0.154
-0.15
-0.164
-0.199
-0.162
-0.206
-0.104
-0.078
-0.087
-0.084
-0.266
-0.043
-0.074
-0.124
-0.212
-0.157
-0.088
-0.289
-0.15
-0.146
-0.117
-0.172
-0.177
-0.297
-0.246
-0.236
-0.23
-0.107
-0.162
-0.158
-0.115
-0.262
-0.121
-0.13
-0.094
-0.164
-0.114
-0.147
-0.215
-0.151
-0.098
-0.147
-0.11
-0.061
-0.116
-0.184
-0.147
-0.007
-0.096
-0.159
-0.075
-0.167
-0.136
-0.137
-0.103
-0.294
-0.122
-0.206
-0.156
-0.22
-0.214
-0.193
-0.168
-0.138
-0.061
-0.047
-0.077
-0.149
-0.135
-0.245
-0.128
-0.267
-0.198
-0.205
-0.201
-0.151
-0.248
-0.113
-0.185
-0.265
-0.217
-0.199
-0.092
-0.241
-0.192
-0.11
-0.182
-0.188
-0.095
-0.197
-0.22
-0.169
-0.162
-0.135
-0.176
-0.072
-0.234
-0.07
-0.291
-0.174
-0.201
-0.191
-0.063
-0.155
-0.029
-0.098
-0.203
-0.232
-0.11
-0.226
-0.162
-0.1
-0.251
-0.186
-0.115
-0.243
-0.194
-0.256
-0.217
-0.124
-0.062
-0.034
-0.083
-0.18
-0.094
-0.119
-0.071
-0.186
-0.155
0.001
-0.067
-0.199
-0.039
-0.251
-0.268
-0.284
-0.079
-0.16
-0.124
-0.227
-0.161
-0.285
-0.201
-0.184
-0.268
-0.136
-0.267
-0.074
-0.137
-0.081
-0.186
-0.195
-0.237
-0.146
-0.041
-0.106
-0.113
-0.19
-0.241
-0.09
-0.117
-0.213
-0.151
-0.202
-0.121
-0.123
-0.107
-0.108
-0.159
-0.151
-0.184
-0.079
-0.074
-0.049
-0.138
-0.184
-0.146
-0.131
-0.113
-0.091
-0.167
-0.136
-0.087
-0.186
-0.127
-0.093
-0.165
-0.194
-0.06
-0.231
-0.182
-0.09
-0.141
-0.157
-0.229
-0.326
-0.199
-0.136
-0.133
-0.179
-0.251
-0.153
-0.192
-0.148
-0.121
-0.151
-0.116
-0.257
-0.115
-0.056
-0.074
-0.17
-0.125
-0.054
-0.159
-0.215
-0.051
-0.188
-0.183
-0.095
-0.164
-0.269
-0.094
-0.167
-0.156
-0.147
-0.175
-0.107
-0.117
-0.01
-0.174
-0.107
-0.056
-0.235
-0.092
-0.017
0.05
-0.034
-0.163
-0.012
-0.115
-0.065
-0.111
-0.071
-0.153
-0.128
-0.12
-0.086
-0.17
-0.143
-0.152
-0.065
-0.103
-0.066
-0.027
-0.145
-0.204
-0.064
-0.082
-0.219
-0.222
-0.114
-0.145
-0.157
-0.116
-0.263
-0.081
-0.171
-0.097
-0.141
-0.168
-0.058
-0.045
-0.032
0.009
-0.135
-0.032
-0.183
-0.163
-0.166
-0.161
-0.178
-0.213
-0.152
-0.218
-0.097
-0.065
-0.163
-0.115
-0.132
-0.102
-0.141
-0.18
-0.102
-0.213
-0.055
-0.173
-0.162
-0.191
-0.194
-0.071
-0.119
-0.162
-0.203
-0.112
-0.104
-0.133
0.03
-0.061
-0.037
-0.091
-0.171
-0.139
-0.071
-0.1
-0.028
-0.136
-0.044
-0.143
-0.11
-0.097
0.021
-0.044
-0.053
-0.108
-0.081
0.003
-0.034
-0.077
-0.247
0.018
-0.061
0.066
-0.091
-0.085
-0.06
-0.072
-0.058
-0.15
0.021
-0.166
-0.096
-0.049
-0.005
