-0.369
-0.408
-0.335
-0.411
-0.469
-0.408
-0.441
-0.46
-0.386
-0.506
-0.435
-0.567
-0.478
-0.313
-0.409
-0.515
-0.45
-0.416
-0.451
-0.487
-0.371
-0.395
-0.429
-0.32
-0.488
-0.449
-0.318
-0.37
-0.417
-0.414
-0.374
-0.362
-0.393
-0.438
-0.443
-0.367
-0.48
-0.476
-0.391
-0.408
-0.454
-0.55
-0.358
-0.389
-0.462
-0.348
-0.406
-0.357
-0.36
-0.337
-0.36
-0.41
-0.35
-0.548
-0.355
-0.428
-0.408
-0.291
-0.434
-0.367
-0.225
-0.397
-0.477
-0.358
-0.448
-0.474
-0.508
-0.458
-0.349
-0.368
-0.364
-0.339
-0.374
-0.288
-0.435
-0.358
-0.409
-0.39
-0.372
-0.431
-0.354
-0.382
-0.378
-0.414
-0.407
-0.378
-0.395
-0.332
-0.371
-0.428
-0.393
-0.391
-0.312
-0.332
-0.473
-0.401
-0.423
-0.436
-0.434
-0.259
-0.431
-0.407
-0.314
-0.347
-0.406
-0.293
-0.373
-0.353
-0.375
-0.389
-0.344
-0.36
-0.404
-0.402
-0.401
-0.435
-0.425
-0.483
-0.418
-0.371
-0.366
-0.386
-0.359
-0.2
-0.407
-0.406
-0.387
-0.378
-0.329
-0.27
-0.388
-0.459
-0.502
-0.322
-0.468
-0.482
-0.394
-0.378
-0.477
-0.37
-0.468
-0.432
-0.403
-0.453
-0.442
-0.362
-0.459
-0.406
-0.371
-0.441
-0.391
-0.366
-0.336
-0.46
-0.497
-0.45
-0.423
-0.346
-0.55
-0.396
-0.299
-0.367
-0.398
-0.472
-0.428
-0.363
-0.326
-0.31
-0.345
-0.469
-0.386
-0.484
-0.272
-0.263
-0.368
-0.366
-0.431
-0.404
-0.388
-0.319
-0.39
-0.425
-0.298
-0.356
-0.293
-0.299
-0.29
-0.345
-0.22
-0.281
-0.345
-0.383
-0.538
-0.39
-0.42
-0.288
-0.411
-0.308
-0.396
-0.406
-0.349
-0.349
-0.364
-0.436
-0.403
-0.39
-0.413
-0.283
-0.354
-0.407
-0.409
-0.343
-0.39
-0.335
-0.381
-0.452
-0.378
-0.226
-0.321
-0.303
-0.363
-0.378
-0.393
-0.35
-0.365
-0.29
-0.413
-0.263
-0.343
-0.254
-0.268
-0.399
-0.363
-0.429
-0.333
-0.328
-0.368
-0.246
-0.373
-0.305
-0.391
-0.438
-0.472
-0.392
-0.396
-0.383
-0.311
-0.351
-0.337
-0.239
-0.351
-0.342
-0.468
-0.296
-0.372
-0.394
-0.402
-0.349
-0.449
-0.264
-0.388
-0.383
-0.381
-0.242
-0.376
-0.293
-0.312
-0.381
-0.267
-0.285
-0.235
-0.33
-0.458
-0.455
-0.364
-0.272
-0.357
-0.355
-0.413
-0.256
-0.39
-0.473
-0.295
-0.457
-0.258
-0.438
-0.447
-0.448
-0.321
-0.391
-0.3
-0.374
-0.405
-0.397
-0.474
-0.348
-0.537
-0.456
-0.426
-0.396
-0.408
-0.296
-0.338
-0.332
-0.446
-0.536
-0.294
-0.304
-0.397
-0.366
-0.39
-0.457
-0.409
-0.374
-0.476
-0.408
-0.377
-0.437
-0.448
-0.441
-0.428
-0.357
-0.393
-0.3
-0.357
-0.505
-0.371
-0.41
-0.336
-0.302
-0.383
-0.339
-0.409
-0.439
-0.309
-0.294
-0.405
-0.486
-0.383
-0.458
-0.494
-0.446
-0.418
-0.327
-0.427
-0.469
-0.508
-0.374
-0.389
-0.381
-0.434
-0.354
-0.219
-0.393
-0.408
-0.459
-0.507
-0.396
-0.438
-0.38
-0.386
-0.523
-0.344
-0.361
-0.416
-0.311
-0.384
-0.416
-0.336
-0.336
-0.37
-0.439
-0.469
-0.465
-0.534
-0.491
-0.366
-0.424
-0.488
-0.395
-0.535
-0.484
-0.431
-0.493
-0.412
-0.455
-0.535
-0.316
-0.471
-0.526
-0.415
-0.403
-0.564
-0.408
-0.501
-0.437
-0.429
-0.357
-0.349
-0.375
-0.408
-0.475
-0.521
-0.429
-0.447
-0.388
-0.417
-0.561
-0.422
-0.394
-0.407
-0.481
-0.413
-0.567
-0.342
-0.322
-0.373
-0.389
-0.492
-0.426
-0.399
-0.426
-0.388
-0.349
-0.401
-0.472
-0.394
-0.439
-0.374
-0.343
-0.34
-0.403
-0.455
-0.392
-0.376
-0.425
-0.44
-0.522
-0.315
-0.36
-0.439
-0.419
-0.48
-0.358
-0.383
-0.363
-0.368
-0.425
-0.243
-0.311
-0.462
-0.441
-0.384
-0.465
-0.484
-0.382
-0.38
-0.446
-0.376
-0.406
-0.457
-0.363
-0.392
-0.312
-0.371
-0.301
-0.377
-0.413
-0.417
-0.37
-0.511
-0.436
-0.429
-0.416
-0.44
-0.505
-0.274
-0.504
-0.441
-0.403
-0.392
-0.366
-0.494
-0.382
-0.494
-0.328
-0.317
-0.385
-0.329
-0.291
-0.376
-0.312
-0.406
-0.275
-0.351
-0.382
-0.355
-0.385
-0.318
-0.221
-0.347
