-690.078
-668.732
-688.748
-669.756
-700.185
-677.662
-668.18
-612.297
-638.599
-625.89
-676.327
-655.9
-665.277
-698.883
-711.694
-693.112
-702.266
-706.474
-751.918
-731.609
-630.964
-631.054
-654.856
-648.788
-636.268
-621.004
-624.414
-653.047
-647.704
-665.778
-691.57
-679.008
-694.341
-728.75
-758.911
-673.024
-710.878
-725.299
-719.156
-693.048
-700.443
-674.298
-699.338
-727.71
-624.324
-664.534
-714.224
-667.234
-678.348
-640.375
-641.756
-625.85
-670.017
-660.375
-640.195
-683.501
-654.695
-691.937
-679.81
-673.89
-666.998
-698.469
-706.024
-684.623
-648.115
-669.507
-680.803
-706.172
-684.787
-648.313
-621.443
-674.007
-681.918
-705.298
-684.766
-690.037
-663.044
-648.3
-689.728
-724.807
-716.985
-665.127
-668.339
-680.663
-713.07
-639.148
-705.282
-656.529
-682.123
-672.058
-714.113
-709.662
-654.57
-631.048
-647.404
-676.16
-682.057
-711.397
-700.23
-676.761
-695.991
-661.764
-677.274
-672.56
-628.547
-616.234
-643.652
-648.705
-673.971
-736.218
-671.174
-730.846
-736.287
-723.598
-712.012
-733.357
-705.256
-670.556
-656.755
-694.423
-681.468
-656.83
-652.157
-605.772
-737.33
-648.408
-658.928
-627.221
-659.006
-633.371
-644.926
-704.651
-672.426
-681.135
-657.323
-701.578
-697.559
-633.154
-658.561
-671.119
-684.953
-704.87
-682.138
-698.168
-648.057
-662.932
-602.754
-637.592
-628.837
-658.619
-695.453
-618.777
-632.257
-643.574
-647.213
-662.171
-669.166
-653.863
-695.512
-648.114
-641.874
-656.752
-657.649
-674.233
-619.678
-626.878
-639.681
-663.134
-602.55
-640.497
-601.136
-610.317
-689.305
-666.367
-671.743
-663.664
-635.69
-638.298
-695.301
-676.426
-674.258
-651.51
-607.996
-690.867
-642.076
-643.333
-665.765
-610.642
-666.137
-612.499
-720.539
-668.125
-718.744
-683.942
-610.871
-600.848
-624.181
-695.229
-659.647
-698.13
-675.361
-586.311
-667.537
-683.494
-692.872
-643.278
-661.779
-588.369
-633.915
-633.111
-598.894
-627.887
-624.843
-589.084
-616.815
-617.051
-614.514
-581.626
-633.922
-595.072
-645.463
-642.128
-623.167
-642.851
-634.492
-631.729
-613.247
-617.731
-621.008
-601.948
-665.434
-636.174
-650.653
-604.398
-615.593
-596.396
-631.316
-585.028
-617.124
-617.475
-628.325
-582.767
-625.709
-582.324
-620.912
-613.163
-603.628
-617.827
-620.059
-582.978
-566.23
-568.588
-606.195
-558.866
-618.186
-590.94
-532.353
-529.213
-584.116
-573.185
-532.72
-598.016
-589.93
-596.002
-599.086
-624.121
-567.355
-583.005
-599.881
-590.981
-586.226
-612.817
-578.406
-577.891
-601.708
-602.611
-590.427
-603.569
-608.089
-579.042
-584.576
-582.663
-567.001
-596.325
-590.834
-599.205
-580.67
-595.389
-593.554
-601.247
-624.483
-596.9
-610.765
-616.997
-585.964
-577.738
-583.588
-596.827
-565.049
-593.342
-636.814
-639.143
-586.568
-583.215
-611.558
-604.009
-661.936
-629.117
-662.568
-622.602
-642.344
-644.473
-681.249
-701.604
-657.53
-648.883
-673.999
-696.938
-688.084
-670.0
-679.396
-682.387
-678.534
-698.082
-683.322
-658.37
-679.206
-690.084
-677.254
-682.946
-687.776
-684.799
-686.961
-695.868
-731.123
-691.827
-717.278
-721.496
-747.426
-689.54
-683.215
-699.682
-626.933
-677.79
-649.275
-641.132
-641.18
-670.878
-634.508
-666.488
-682.713
-680.536
-679.621
-675.62
-660.318
-674.977
-663.049
-661.376
-653.621
-710.82
-715.66
-748.125
-706.095
-678.286
-707.185
-700.21
-706.849
-681.816
-623.833
-674.083
-612.835
-664.117
-712.742
-673.39
-692.156
-697.705
-687.053
-678.384
-710.812
-762.318
-732.691
-728.284
-711.374
-741.165
-759.284
-705.719
-710.06
-741.362
-727.378
-728.483
-710.14
-756.6
-746.708
-753.09
-737.381
-756.596
-742.736
-747.026
-725.339
-696.758
-753.36
-694.915
-710.331
-784.198
-750.614
-714.045
-715.223
-740.229
-689.659
-677.477
-701.214
-695.834
-705.225
-731.374
-687.687
-738.157
-675.607
-735.251
-678.696
-673.128
-674.22
-709.923
-716.338
-703.685
-733.278
-737.421
-726.817
-681.285
-658.669
-687.238
-676.075
-662.677
-679.474
-660.478
-674.945
-670.779
-654.927
-705.113
-654.807
-662.278
-728.719
-726.408
-676.022
-677.427
-726.234
-668.954
-639.109
-668.194
-714.654
-668.524
-704.153
-685.2
-681.265
-713.541
-708.965
-667.858
-631.989
-663.483
-624.69
-659.362
-619.128
-628.323
-654.224
-678.159
-638.47
-659.542
-648.215
-714.329
-647.941
-646.486
-655.517
-695.326
-671.346
-695.105
-667.094
-676.256
-697.613
-663.067
-729.04
-709.237
-706.656
-697.752
-718.701
-627.404
-604.545
-620.159
-634.432
-632.595
-632.948
-667.332
-621.95
-611.501
-636.667
-640.175
-660.901
-639.496
-594.534
-591.633
-578.717
-576.449
-596.999
