-91.22
-77.27
-94.05
-80.92
-96.42
-82.84
-92.77
-83.31
-88.43
-97.1
-89.01
-89.88
-98.94
-101.39
-104.86
-85.17
-98.16
-84.03
-102.12
-104.07
-93.41
-82.75
-90.22
-76.41
-79.8
-87.92
-90.39
-97.12
-88.25
-99.65
-97.64
-94.87
-78.8
-97.98
-98.32
-94.46
-101.32
-105.16
-103.74
-91.81
-80.87
-84.9
-79.64
-93.64
-96.36
-91.29
-79.41
-89.62
-98.61
-87.15
-98.11
-91.8
-80.35
-76.65
-85.32
-86.13
-90.36
-93.53
-88.21
-92.2
-85.87
-96.9
-90.85
-90.3
-95.58
-76.28
-95.46
-80.91
-98.36
-88.5
-96.47
-92.27
-89.06
-90.0
-91.45
-101.44
-92.86
-90.68
-90.27
-106.55
-108.92
-90.07
-93.38
-96.41
-102.29
-93.85
-98.66
-94.6
-96.62
-95.13
-87.71
-95.27
-96.05
-86.51
-89.26
-86.0
-93.35
-96.48
-94.9
-89.66
-101.55
-100.97
-92.91
-81.15
-92.1
-97.83
-94.58
-91.41
-89.9
-92.61
-85.91
-90.69
-104.63
-97.73
-98.12
-101.49
-93.24
-93.72
-94.17
-92.77
-89.35
-93.99
-95.63
-93.69
-97.19
-99.82
-89.47
-87.39
-89.52
-83.12
-82.54
-92.94
-89.08
-83.37
-88.4
-86.74
-94.8
-87.48
-85.33
-89.4
-90.86
-95.05
-90.89
-86.3
-79.83
-92.07
-87.1
-88.19
-88.58
-103.62
-96.13
-97.95
-93.38
-87.22
-86.18
-94.03
-105.27
-90.43
-96.84
-91.5
-92.87
-80.88
-91.52
-96.3
-93.32
-101.27
-96.23
-84.93
-91.67
-95.27
-95.78
-100.46
-85.93
-91.4
-84.31
-97.05
-97.07
-91.91
-94.97
-91.27
-92.93
-91.91
-73.41
-96.11
-89.48
-89.02
-83.84
-84.42
-89.26
-86.68
-88.13
-94.16
-83.67
-88.79
-87.71
-81.3
-89.35
-82.95
-90.63
-93.11
-87.18
-91.4
-97.52
-98.14
-93.36
-95.0
-95.38
-80.03
-76.66
-84.08
-84.7
-85.7
-76.0
-83.41
-83.87
-85.75
-90.75
-87.23
-93.86
-84.91
-80.21
-93.35
-86.31
-82.4
-91.48
-86.3
-94.73
-88.15
-89.25
-80.07
-92.52
-89.87
-92.09
-84.57
-90.11
-90.25
-79.27
-78.91
-82.41
-79.32
-87.32
-88.84
-86.82
-79.16
-85.64
-79.77
-78.66
-80.29
-74.79
-87.91
-77.97
-79.01
-67.97
-88.35
-87.2
-88.27
-84.32
-81.42
-81.6
-80.51
-85.56
-74.74
-87.9
-74.32
-82.73
-77.97
-82.0
-78.82
-88.94
-82.56
-85.08
-75.34
-83.19
-77.61
-75.0
-75.65
-80.51
-75.22
-86.54
-86.94
-77.59
-87.01
-74.4
-83.37
-71.34
-74.59
-86.63
-74.12
-81.15
-77.64
-83.81
-81.91
-65.29
-83.98
-77.54
-82.68
-76.53
-81.22
-75.12
-72.07
-82.63
-73.47
-83.68
-77.94
-80.51
-83.96
-86.47
-86.31
-83.86
-94.23
-90.35
-88.85
-89.26
-95.32
-85.06
-80.85
-91.08
-99.64
-98.36
-101.54
-92.3
-89.53
-97.47
-92.29
-91.56
-102.31
-96.57
-88.76
-94.34
-87.77
-95.48
-98.11
-83.89
-90.22
-100.4
-98.46
-77.12
-85.52
-95.08
-91.45
-97.11
-94.02
-94.7
-88.04
-88.11
-100.3
-93.9
-88.38
-90.59
-90.79
-97.22
-92.29
-101.77
-98.25
-94.83
-91.76
-93.4
-93.61
-91.09
-86.77
-92.3
-86.58
-87.16
-80.77
-72.05
-99.06
-94.4
-92.97
-79.03
-95.7
-90.57
-96.0
-82.46
-93.0
-96.19
-99.49
-92.94
-89.96
-91.5
-101.46
-93.31
-96.26
-99.87
-100.83
-108.44
-104.06
-94.97
-102.25
-91.93
-91.27
-87.42
-99.28
-98.87
-100.11
-96.97
-105.63
-93.57
-101.62
-85.07
-92.5
-82.47
-94.78
-93.78
-95.91
-97.1
-103.04
-101.0
-101.97
-97.62
-88.18
-92.39
-102.31
-90.94
-103.91
-94.52
-97.64
-88.87
-91.65
-93.97
-93.99
-93.47
-90.88
-97.82
-95.82
-102.18
-101.78
-97.94
-84.1
-89.37
-86.46
-82.52
-95.52
-95.42
-93.25
-89.88
-87.5
-96.6
-94.68
-88.95
-99.25
-95.84
-98.26
-85.42
-89.27
-93.06
-88.46
-90.52
-95.57
-86.44
-93.47
-87.21
-98.14
-95.7
-94.15
-92.88
-90.39
-96.31
-91.13
-90.7
-89.98
-87.52
-90.55
-83.14
-79.73
-100.99
-88.14
-93.31
-91.9
-97.29
-101.95
-92.93
-100.44
-91.56
-91.0
-92.54
-100.95
-91.68
-96.97
-94.42
-89.62
-93.93
-94.86
-93.6
-90.73
-82.64
-84.42
-78.08
-89.47
-87.05
-82.39
-84.54
-81.24
-84.32
-86.27
-88.67
-79.2
-80.96
-76.73
-79.1
-76.03
-70.99
