-631.83
-607.124
-611.638
-598.941
-600.042
-629.796
-625.233
-539.675
-560.616
-573.851
-597.652
-607.661
-651.559
-640.648
-678.644
-645.363
-668.596
-706.707
-727.025
-732.739
-571.37
-548.498
-550.426
-542.893
-584.235
-557.445
-586.034
-597.942
-576.738
-615.8
-584.765
-598.415
-655.983
-660.916
-702.417
-656.562
-644.749
-730.17
-705.816
-650.146
-620.998
-624.487
-660.928
-666.155
-632.308
-612.283
-622.63
-642.376
-614.524
-610.106
-569.646
-602.129
-604.253
-589.677
-619.311
-629.183
-647.381
-625.994
-626.496
-623.057
-632.762
-669.314
-677.883
-679.316
-625.563
-646.782
-645.936
-654.262
-632.022
-643.91
-634.515
-644.38
-633.381
-684.141
-646.082
-652.941
-639.223
-629.642
-663.245
-718.555
-703.567
-658.66
-597.382
-667.216
-641.655
-587.592
-660.121
-640.863
-662.444
-619.878
-664.04
-689.743
-617.322
-545.407
-611.261
-630.102
-606.682
-655.361
-696.77
-576.956
-645.331
-570.497
-616.601
-584.006
-560.164
-602.49
-593.918
-612.18
-625.794
-654.73
-592.328
-701.793
-721.98
-645.241
-695.056
-683.747
-653.497
-642.374
-577.364
-617.24
-623.255
-594.679
-572.095
-593.05
-657.534
-639.157
-538.011
-557.796
-600.83
-546.004
-577.971
-534.291
-539.388
-563.158
-512.177
-615.421
-633.698
-588.162
-564.769
-595.036
-599.625
-663.545
-611.858
-559.605
-577.937
-585.162
-546.915
-584.943
-531.176
-657.579
-655.866
-562.454
-574.704
-578.082
-559.346
-583.101
-623.237
-597.204
-674.917
-616.234
-616.048
-599.818
-640.485
-600.147
-571.271
-578.595
-610.771
-607.793
-548.219
-596.312
-589.414
-573.893
-641.732
-603.275
-639.805
-682.347
-581.216
-562.42
-608.791
-628.46
-633.374
-619.228
-560.561
-614.053
-560.407
-535.704
-557.36
-572.913
-589.274
-590.937
-690.202
-595.083
-624.033
-612.159
-490.363
-492.273
-555.002
-581.991
-590.075
-625.83
-617.901
-535.553
-620.114
-621.159
-584.351
-568.715
-567.757
-496.158
-597.576
-559.026
-524.776
-571.5
-545.148
-523.245
-528.706
-549.93
-539.82
-514.678
-541.513
-547.698
-613.054
-545.556
-574.659
-523.633
-558.941
-570.525
-527.274
-573.199
-479.775
-511.671
-586.937
-557.686
-537.374
-541.987
-579.52
-507.121
-518.668
-495.568
-523.519
-481.573
-508.988
-490.794
-482.847
-452.958
-479.73
-445.783
-433.319
-483.625
-543.185
-453.553
-497.526
-448.085
-470.847
-461.718
-531.26
-490.891
-451.874
-416.841
-446.421
-410.618
-411.247
-423.884
-444.03
-421.029
-427.515
-445.606
-420.057
-519.572
-450.658
-479.79
-454.975
-492.782
-507.002
-522.552
-519.611
-542.118
-506.657
-535.504
-527.011
-481.412
-479.0
-516.302
-501.349
-473.641
-482.95
-468.575
-477.123
-449.799
-517.032
-479.426
-527.191
-522.432
-503.898
-519.346
-504.199
-491.475
-505.573
-527.252
-507.917
-492.548
-527.529
-512.774
-462.621
-477.638
-508.757
-485.27
-549.384
-513.375
-575.463
-566.777
-568.255
-571.15
-584.303
-599.348
-576.565
-542.096
-608.717
-617.138
-608.702
-588.492
-576.149
-605.667
-587.938
-609.991
-589.938
-594.892
-611.553
-544.689
-561.991
-556.799
-581.923
-573.544
-558.198
-587.896
-596.464
-614.821
-607.177
-596.194
-615.557
-605.078
-575.372
-635.292
-557.741
-562.504
-532.204
-566.057
-529.72
-537.438
-510.693
-555.017
-605.471
-590.042
-592.107
-567.303
-573.875
-568.55
-555.321
-582.712
-589.664
-545.038
-606.493
-617.099
-557.787
-559.51
-619.522
-592.717
-629.261
-543.723
-494.204
-524.116
-525.076
-553.111
-601.883
-527.111
-575.143
-581.252
-603.964
-582.932
-632.583
-666.139
-645.637
-643.619
-641.647
-668.884
-694.007
-629.791
-632.82
-662.528
-615.134
-606.842
-606.869
-659.035
-670.234
-674.28
-636.333
-668.654
-625.136
-665.937
-599.401
-615.727
-658.012
-624.775
-620.061
-683.042
-682.586
-680.824
-633.219
-689.285
-601.303
-557.717
-561.99
-639.297
-591.209
-625.473
-588.645
-585.279
-567.716
-613.715
-561.58
-586.596
-571.425
-617.873
-602.963
-608.118
-626.984
-666.691
-621.705
-569.165
-595.692
-576.716
-579.449
-556.622
-568.756
-553.402
-634.787
-570.464
-549.918
-623.964
-532.931
-578.287
-611.647
-588.063
-572.527
-564.872
-603.001
-575.599
-595.812
-583.321
-613.619
-582.096
-579.589
-593.62
-574.266
-614.444
-648.858
-589.938
-552.085
-572.493
-513.765
-550.263
-493.467
-553.586
-568.336
-553.373
-574.992
-544.17
-541.59
-604.366
-532.939
-564.257
-560.44
-634.778
-608.563
-539.497
-548.91
-620.984
-628.937
-581.599
-630.315
-600.358
-595.262
-607.707
-663.294
-542.034
-546.502
-463.351
-556.866
-589.329
-527.974
-543.409
-525.872
-506.958
-504.06
-565.092
-559.453
-580.043
-509.782
-454.601
-459.268
-453.806
-518.653
