-24.258
-22.807
-25.197
-23.495
-24.851
-25.233
-23.262
-22.235
-25.106
-20.536
-25.186
-22.89
-22.869
-22.705
-27.334
-19.741
-25.878
-18.66
-23.763
-22.516
-23.417
-20.253
-25.186
-19.652
-23.512
-19.159
-29.51
-26.002
-22.876
-28.707
-23.42
-24.86
-20.284
-24.022
-20.093
-23.134
-26.873
-30.951
-21.741
-22.403
-23.849
-23.697
-24.245
-23.838
-19.756
-24.23
-21.346
-26.247
-19.684
-20.406
-24.191
-22.183
-23.706
-19.787
-25.121
-20.649
-24.826
-29.242
-18.012
-24.486
-19.515
-25.95
-20.17
-24.723
-26.544
-24.802
-26.807
-25.187
-22.057
-19.41
-27.779
-21.249
-21.284
-25.984
-26.697
-21.895
-26.051
-21.895
-23.461
-27.951
-27.288
-23.293
-23.024
-20.203
-26.106
-21.804
-22.785
-25.155
-20.085
-22.913
-24.69
-22.719
-22.506
-26.878
-20.869
-24.419
-26.722
-22.475
-21.799
-18.972
-24.839
-27.095
-31.563
-20.275
-19.526
-24.036
-21.814
-24.329
-21.785
-27.103
-20.982
-26.585
-27.946
-23.831
-24.578
-25.483
-23.21
-25.819
-22.915
-24.804
-23.675
-25.949
-22.988
-20.657
-24.573
-29.408
-24.115
-23.486
-25.38
-15.073
-24.605
-22.866
-20.17
-22.025
-18.864
-20.099
-26.182
-23.737
-24.446
-23.332
-23.619
-24.281
-22.181
-24.099
-23.593
-22.675
-21.964
-25.255
-22.215
-27.437
-21.372
-20.16
-24.436
-27.83
-28.439
-26.484
-19.878
-22.992
-22.126
-17.131
-25.137
-16.214
-20.018
-19.394
-20.416
-15.87
-15.197
-16.369
-22.78
-21.892
-24.481
-27.232
-19.608
-20.73
-22.593
-16.04
-26.06
-26.226
-14.85
-19.465
-17.91
-20.914
-22.128
-25.201
-22.978
-19.386
-22.338
-21.896
-12.4
-11.663
-19.737
-23.125
-17.903
-21.514
-22.646
-16.78
-18.166
-23.414
-23.263
-21.76
-24.213
-18.842
-25.942
-22.767
-20.972
-26.566
-21.388
-18.268
-11.029
-23.318
-24.04
-14.68
-22.862
-23.972
-24.982
-20.315
-20.769
-17.068
-24.021
-18.892
-18.741
-19.702
-21.384
-17.219
-21.915
-23.023
-19.132
-19.75
-23.694
-20.787
-19.707
-22.636
-20.372
-20.919
-23.956
-25.888
-21.998
-21.157
-24.142
-22.731
-20.754
-17.687
-22.911
-15.665
-22.629
-22.363
-20.152
-21.209
-21.501
-18.832
-17.99
-19.784
-21.9
-25.237
-23.834
-19.552
-17.577
19.801
-16.745
48.238
8.104
-12.458
-0.699
-22.742
-21.902
-21.811
143.12
-17.703
-24.536
-20.76
-20.845
-21.639
-23.449
-21.117
-17.545
-19.647
-20.936
-13.065
-24.212
-20.092
-20.319
-20.816
-18.246
-15.368
-18.633
-18.358
-23.199
-15.406
-22.608
-23.396
-22.544
-21.985
-21.228
-16.376
-20.462
-22.857
-19.81
-20.965
-20.512
-17.962
-19.991
-18.009
-19.445
-14.468
-18.376
-25.828
-24.79
-20.826
-25.089
-18.423
-22.566
-17.113
-16.959
-22.869
-19.154
-20.462
0.136
-23.412
-25.443
-21.992
-23.429
-16.436
-20.482
-24.072
-25.424
-20.5
-19.876
-24.941
-23.838
-21.724
-17.536
-24.786
-18.936
-20.203
-25.102
-13.166
-20.523
-24.205
-22.712
-20.171
-1.616
-25.566
-23.591
-22.989
-23.87
-23.825
-24.321
-24.691
-20.893
-18.031
-22.578
-24.981
-20.812
-21.553
-11.647
-24.627
-19.624
-22.809
-17.039
-17.11
-17.883
-24.511
-16.952
-22.655
-21.262
-23.928
-27.034
-23.941
-15.409
-24.895
-19.96
-27.095
-22.959
-22.765
-23.143
-24.572
-23.428
-20.288
-22.139
-0.047
-26.337
-18.961
-23.384
-21.103
-27.699
-24.827
-22.301
-30.103
-23.687
-23.999
-24.219
-26.265
-24.499
-18.543
-25.169
-28.728
-22.248
-26.501
-28.906
-25.268
-11.467
-23.169
-23.377
-22.436
-17.05
-22.202
-24.335
-19.072
-26.103
-25.372
-22.085
-27.201
-23.589
-22.481
-15.581
-28.67
-21.991
-21.972
-26.488
-0.091
-20.762
-27.047
-27.825
-26.938
-25.894
-28.676
-27.052
-22.597
-27.493
-27.587
-19.826
-28.001
-23.524
-15.898
-22.015
-27.446
-27.495
-23.003
-20.077
-26.049
-24.998
-23.535
-22.402
-18.529
-28.124
-26.063
-20.808
-26.162
-22.006
-23.071
-22.797
-22.187
-15.105
41.634
-24.35
-16.419
-20.367
9.473
-23.397
-22.802
-21.974
-25.513
-25.442
-22.952
-23.368
-24.985
-25.069
-20.865
-20.13
-26.466
-20.962
-30.261
-19.095
-19.91
-26.801
-24.886
-19.194
-21.815
-26.523
-25.335
-27.53
-30.413
-27.61
-24.541
-14.219
-23.898
-19.731
-17.491
-26.43
-17.71
-17.72
-21.408
-23.98
-20.128
-24.434
-16.317
-19.707
-17.939
-19.256
-18.961
-22.547
