-2.109
-2.06
-2.269
-1.677
-2.166
-2.494
-2.579
-2.567
-2.582
-2.742
-1.609
-1.848
-1.641
-2.0
-2.037
-2.277
-2.134
-1.694
-2.593
-2.745
-2.194
-1.781
-2.351
-2.443
-2.558
-2.202
-2.019
-2.87
-2.193
-2.372
-2.037
-2.171
-2.053
-2.388
-2.134
-2.191
-2.46
-2.758
-2.324
-2.71
-2.538
-2.695
-2.069
-2.132
-2.751
-2.156
-2.452
-2.298
-2.616
-1.905
-2.095
-2.263
-2.025
-1.998
-2.092
-2.094
-2.519
-2.964
-2.04
-2.484
-2.358
-2.594
-2.126
-2.277
-2.48
-2.089
-2.257
-2.364
-2.442
-2.127
-2.38
-2.238
-2.112
-2.048
-2.659
-2.91
-2.587
-2.393
-1.674
-2.429
-2.748
-2.091
-2.502
-0.905
-2.484
-2.422
-2.471
-1.767
-2.501
-2.168
-2.136
-1.974
-1.983
-2.648
-2.431
-2.222
-2.479
-2.192
-2.198
-2.651
-2.516
-1.866
-2.47
-2.346
-2.537
-2.047
-1.5
-2.201
-2.436
-2.33
-2.0
-1.905
-2.262
-2.942
-2.246
-2.692
-2.294
-2.613
-3.074
-2.203
-2.356
-1.898
-1.877
-1.874
-2.75
-2.157
-1.869
-1.943
-1.939
-2.288
-2.034
-2.056
-2.226
-1.54
-1.904
-2.064
-1.508
-1.567
-2.364
-2.377
-2.183
-2.272
-2.733
-1.743
-2.407
-1.76
-2.053
-2.205
-2.559
-2.341
-2.798
-2.648
-2.3
-2.644
-1.873
-2.177
-2.512
-2.236
-1.921
-2.165
-2.857
-1.33
-2.693
-2.492
-2.169
-2.328
-2.625
-2.316
-1.82
-2.229
-2.039
-2.433
-2.005
-2.322
-1.815
-2.15
-1.588
-2.573
-2.346
-1.66
-1.46
-1.38
-1.142
-1.789
-1.648
-2.205
-1.364
-1.172
-1.78
-1.438
-1.742
-2.251
-1.429
-1.862
-2.178
-1.707
-1.763
-1.826
-2.015
-1.693
-2.487
-2.253
-2.052
-1.701
-1.645
-2.424
-2.072
-1.685
-2.262
-2.294
-2.482
-1.821
-2.16
-2.657
-2.13
-2.527
-2.039
-3.26
-2.164
-2.468
-2.659
-2.061
-2.055
-2.592
-1.857
-1.942
-2.484
-2.71
-2.489
-2.231
-2.927
-2.276
-1.924
-2.31
-2.686
-2.159
-2.269
-1.533
-2.011
-2.543
-2.289
-2.432
-1.923
-2.469
-2.262
-2.424
-3.088
-2.395
-2.228
-2.064
-1.775
-1.911
-2.626
-3.142
-2.332
-2.251
-2.956
-3.051
-2.498
-2.816
-2.725
-2.355
-2.681
-2.791
-2.441
-2.567
-2.76
-3.016
-2.238
-2.623
-2.649
-2.093
-2.652
-2.136
-2.189
-2.507
-2.815
-1.85
-2.276
-2.631
-2.812
-2.755
-2.454
-2.306
-2.603
-2.864
-3.137
-3.023
-2.779
-2.675
-3.05
-2.888
-2.708
-2.78
-2.269
-2.574
-2.085
-2.44
-1.753
-2.259
-2.807
-2.013
-2.792
-2.669
-2.86
-2.903
-2.059
-2.116
-1.922
-2.721
-2.801
-2.785
-1.789
-2.839
-2.022
-2.622
-2.455
-2.377
-2.787
-2.157
-2.59
-2.118
-1.936
-2.527
-1.76
-2.9
-2.51
-2.276
-2.686
-2.112
-2.073
-2.205
-2.261
-1.384
-2.314
-2.273
-2.36
-2.448
-2.896
-2.914
-3.155
-2.578
-2.771
-2.146
-2.057
-2.122
-2.749
-1.976
-2.471
-3.089
-2.554
-2.581
-3.286
-2.174
-1.862
-2.392
-2.175
-1.857
-2.011
-2.079
-2.67
-2.262
-3.018
-2.602
-2.586
-3.516
-2.371
-2.935
-2.127
-3.089
-2.607
-2.706
-2.351
-2.785
-3.169
-2.76
-2.499
-2.768
-2.267
-2.466
-2.802
-2.782
-3.112
-2.627
-2.637
-2.684
-2.774
-2.962
-2.504
-2.582
-2.572
-2.883
-2.31
-1.882
-2.308
-1.954
-2.619
-2.339
-2.285
-3.306
-2.512
-2.194
-2.902
-2.428
-2.432
-2.587
-1.675
-2.825
-2.81
-2.461
-2.124
-2.311
-2.321
-2.05
-2.903
-2.721
-2.646
-2.51
-2.215
-1.993
-2.871
-2.784
-2.763
-1.94
-2.458
-2.542
-2.565
-2.086
-3.19
-2.763
-2.701
-2.194
-2.44
-1.997
-2.283
-2.531
-2.53
-2.728
-3.099
-2.531
-1.837
-2.562
-2.238
-2.555
-2.402
-1.95
-2.925
-2.171
-2.486
-2.248
-2.404
-2.684
-2.241
-2.987
-2.246
-2.411
-2.693
-2.945
-2.582
-2.949
-2.296
-2.529
-2.599
-2.151
-2.719
-1.561
-1.918
-1.45
-2.703
-3.179
-3.107
-2.893
-2.355
-2.281
-2.028
-2.771
-2.271
-2.033
-3.09
-2.865
-2.212
-2.986
-2.882
-2.6
-2.729
-1.7
-2.555
-2.327
-2.702
-1.942
-2.838
-2.121
-1.939
-2.14
-1.871
-2.545
-2.335
-2.363
-2.707
-2.031
-2.988
