-2.308
-5.651
-7.287
-3.238
-5.529
-4.207
-4.645
-5.069
-6.584
-2.41
-3.39
-5.139
-3.26
-5.676
-4.844
-2.02
-2.44
-2.004
-3.978
-7.364
-6.703
-6.865
-3.483
-5.024
-6.191
-1.526
-6.497
-4.02
-4.135
-2.414
-1.396
-0.939
-6.478
-3.521
-2.157
-5.582
-5.859
-2.283
-3.706
-1.134
-4.816
-5.271
-7.521
-7.018
-3.311
-2.376
-7.044
-5.623
-6.605
-5.46
-5.218
-2.954
-6.031
-6.658
-2.439
-4.064
-4.252
-7.497
-1.58
-1.921
-4.847
-5.578
-5.745
-3.262
-4.584
-5.623
-5.537
-1.056
-3.651
-2.697
-5.564
-4.986
-2.581
-3.189
-2.981
-4.376
-7.692
-6.017
0.17
-7.273
-4.226
-4.843
-5.298
-5.583
-4.667
-2.351
-2.144
-5.123
0.596
-1.113
-3.832
-5.5
-1.467
-4.238
-3.863
-0.55
-2.463
-3.198
-4.571
-1.099
-5.327
-1.779
-3.301
0.084
-2.557
-2.266
-1.61
-1.749
-2.634
-3.473
-5.293
-6.496
-2.557
-2.574
-4.243
-1.083
-2.01
-3.71
-3.586
-3.964
-3.049
-3.821
0.115
-4.425
-2.136
1.396
-6.389
-4.377
-6.131
-3.307
-4.252
-5.383
-3.685
-0.81
-3.082
-4.081
-2.55
-4.227
-3.81
-4.218
-0.591
-7.073
-4.409
-4.701
-5.791
-3.153
-4.96
-6.36
-7.169
-1.771
-5.377
-2.395
-2.8
0.073
-1.389
-7.071
-8.495
-5.186
-6.149
-4.854
-4.664
-4.368
-4.578
-4.788
-2.971
-1.083
-3.066
-1.995
-0.387
-0.775
-0.555
0.086
0.929
-1.558
-1.396
-4.137
-2.914
-2.383
-2.04
-4.128
-8.272
-1.851
-1.613
-1.606
-2.197
-4.329
-1.998
-0.952
-4.404
-1.327
-2.531
-1.11
0.635
-3.575
-0.727
-2.184
-2.032
-1.593
-4.098
-3.209
-4.182
-3.681
-4.377
-2.972
-2.915
-6.384
-0.118
-5.529
-1.751
0.604
-4.05
-3.226
-5.805
-8.095
-3.341
-1.255
-2.499
0.069
-2.239
-3.277
-4.619
-4.611
-1.577
-5.427
-4.827
-3.269
-1.199
-4.997
-0.108
-4.276
-1.894
-4.661
-3.445
-1.808
-3.27
-5.374
-3.151
-6.65
-2.447
-6.423
-5.403
-4.261
-1.892
-7.111
-4.41
-5.505
-4.411
-5.791
-4.88
-3.545
-4.722
-3.478
-4.472
-5.409
-3.16
-2.831
-5.437
-5.838
-3.366
-6.524
0.469
-4.536
-1.197
-6.045
-7.086
-2.945
-4.311
-1.091
-3.624
-5.86
-5.67
-5.561
-1.024
-4.914
-5.377
-3.326
-4.496
-5.744
-2.75
-2.871
-3.73
-6.628
-5.565
-5.626
-4.796
-7.161
-6.785
-4.853
-7.08
-6.484
-6.203
-7.339
-5.061
-6.807
-4.24
-3.532
-7.144
-7.205
-7.492
-4.205
-5.719
-3.366
-3.945
-6.366
-1.768
-1.098
-3.135
-2.449
-3.062
-4.758
-5.354
-6.053
-7.532
-4.123
-4.344
-3.939
-1.721
-1.948
-5.873
-7.162
-8.076
-4.383
-8.445
-6.925
-6.465
-7.668
-4.9
-7.167
-1.626
-0.933
-6.883
-7.893
-6.252
-3.63
-6.857
-6.707
-6.751
-10.059
-9.124
-8.231
-10.151
-9.258
-8.564
-4.961
-8.315
-8.276
-9.664
-7.422
-7.073
-8.367
-9.396
-9.668
-6.756
-4.615
-8.133
-9.859
-6.108
-5.088
-7.541
-6.656
-9.219
-5.37
-5.807
-6.135
-6.708
-8.59
-2.082
-6.35
-7.34
-7.135
-3.11
-8.612
-2.036
-5.618
-6.156
-7.806
-6.909
-5.474
-5.955
-7.042
-6.087
-3.526
-6.354
-5.744
-3.259
-6.843
-7.61
-5.252
-4.551
-9.271
-7.081
-7.069
-6.135
-3.232
-5.343
-7.785
-8.391
-4.305
-9.886
-6.661
-5.848
-6.63
-7.205
-9.658
-6.42
-4.289
-6.364
-7.788
-4.685
-2.556
-3.435
-3.408
-5.617
0.254
-3.043
-2.174
-7.607
-6.279
-6.189
-7.446
-4.317
-6.142
-6.494
-4.046
-5.548
-5.517
-8.406
-3.316
-3.943
-5.233
-3.407
-7.324
-3.462
-2.045
-5.402
-4.62
-3.946
-2.693
-7.529
-2.107
-2.872
-4.604
-1.541
-1.879
-7.136
-7.709
-4.788
-1.2
-5.884
-4.093
-8.816
-7.892
-4.782
-5.963
-4.501
-1.258
-6.645
-4.418
-4.038
-7.765
-5.195
-5.643
-7.044
-3.7
-6.094
-4.774
-3.999
-5.565
-3.856
-2.9
-3.193
-1.193
-4.634
-4.351
-2.73
-4.936
-4.752
-3.317
-5.768
-2.887
-4.195
-4.013
-4.1
-4.279
-2.764
0.115
-3.306
-4.421
-2.579
-5.294
-6.057
-5.539
-7.33
-6.827
-3.148
-5.458
-3.362
-2.992
-3.795
-6.845
-3.006
