-18.559
-20.363
-16.845
-18.466
-19.35
-13.544
-20.216
-19.568
-15.205
-14.935
-13.277
-13.797
-16.098
-21.232
-17.197
-18.148
-17.673
-16.67
-19.429
-21.902
-19.64
-18.887
-22.303
-15.154
-17.623
-21.142
-22.268
-21.542
-24.506
-19.701
-16.176
-18.434
-17.409
-22.586
-17.852
-23.932
-21.263
-18.602
-19.966
-15.765
-22.403
-23.671
-10.767
-20.419
-20.985
-13.718
-12.973
-9.944
-18.109
-20.909
-16.784
-23.77
-12.272
-15.99
-17.926
-19.227
-21.632
-14.056
-14.905
-21.549
-18.589
-21.85
-19.756
-16.239
-22.631
-20.12
-16.953
-15.848
-20.519
-14.977
-16.545
-17.991
-18.214
-19.529
-15.874
-15.773
-19.87
-7.757
-13.503
-15.049
-14.421
-15.839
-19.881
-11.342
-19.153
-18.609
-18.965
-19.703
-13.829
-19.177
-16.904
-14.208
-8.54
-16.35
-17.023
-18.788
-16.318
-16.322
-16.567
-12.569
-19.759
-18.21
-16.001
-18.947
-16.328
-18.394
-10.681
-11.886
-18.789
-18.179
-19.073
-17.865
-12.858
-14.136
-12.304
-16.3
-8.122
-13.54
-13.59
-19.389
-9.815
-15.848
-11.547
-20.768
-12.439
-15.423
-10.406
-9.388
-15.325
-15.386
-17.662
-22.246
-14.316
-19.064
-15.761
-14.16
-21.06
-11.836
-15.456
-14.105
-14.886
-21.564
-19.143
-15.144
-21.991
-19.806
-20.306
-20.193
-15.455
-18.001
-16.005
-13.249
-15.706
-20.717
-19.595
-14.885
-17.268
-23.949
-18.684
-19.053
-16.994
-15.426
-19.647
-13.684
-14.641
-16.042
-20.5
-18.619
-13.657
-14.477
-13.878
-14.054
-10.662
-18.899
-13.414
-10.844
-19.094
-19.787
-17.991
-21.685
-17.879
-18.608
-17.528
-17.01
-20.276
-13.668
-13.682
-17.434
-13.709
16.659
-18.939
-12.8
3.464
-13.933
-12.617
-13.525
-15.984
-19.05
-16.457
-16.514
-15.26
-14.301
-20.338
-18.547
-13.536
-18.046
-18.183
-17.14
-15.749
-14.103
-18.773
-22.581
-21.742
-24.804
-18.425
-18.789
-18.468
-11.457
-22.768
-14.868
-17.08
-18.103
-19.901
-19.096
-18.797
-14.844
-18.615
-17.02
-23.357
-16.008
-17.572
-16.681
-16.859
-17.035
-20.139
-22.786
-15.301
-19.61
-18.811
-18.741
-25.466
-23.03
-24.899
-17.801
-24.011
-16.271
-22.828
-16.894
-19.142
-20.039
-17.036
-16.078
-18.334
-19.75
-13.533
-17.63
-17.434
-14.195
-20.371
-18.154
-20.59
-24.299
-20.267
-18.866
-17.42
-19.416
-17.315
-20.566
-19.263
-20.18
-12.843
-18.542
-20.934
-22.214
-21.112
-24.696
-19.816
-23.124
-19.499
-22.51
-22.053
-14.883
-20.41
-21.485
-17.155
-17.725
-20.274
-19.549
-18.324
-16.789
-17.179
-19.605
-23.018
-20.583
-18.211
-20.161
-18.448
-18.167
-20.813
-21.838
-14.284
-18.869
-16.394
-21.899
-18.825
-19.351
-15.316
-19.176
-21.489
-16.332
-20.569
-20.702
-23.976
-20.719
-17.891
-20.257
-19.624
-14.823
-18.458
-23.551
-20.22
-14.625
-19.152
-17.816
-19.069
-19.937
-17.468
-21.611
-10.702
-21.467
-19.243
-24.656
-21.719
-13.689
-19.354
-18.345
-23.374
-14.798
-19.874
-17.587
-19.837
-23.256
-13.332
-21.018
-20.307
-21.953
-21.809
-23.608
-18.659
-18.214
-18.186
-19.749
-22.639
-20.315
-9.718
-17.143
-19.06
-20.446
-20.432
-22.073
-17.098
-19.335
-22.231
-19.88
-17.806
-19.344
-18.706
-15.938
-22.357
-18.874
-16.408
-20.914
-19.163
-19.423
-16.322
-18.153
-15.943
-21.053
-16.625
-20.493
-22.764
-16.65
-21.893
-17.44
-18.456
-22.144
-24.519
-17.116
-16.323
-18.16
-16.934
-15.36
-18.373
-22.336
-16.834
-20.77
-20.53
-21.426
-16.107
-24.034
-14.678
-19.817
-23.332
-16.379
-18.642
-19.141
-22.159
-17.118
-17.383
-16.902
-20.499
-16.847
-21.622
-17.646
-15.303
-25.477
-15.498
-18.812
-17.869
-12.379
-13.365
-17.661
-21.259
-16.893
-18.792
-16.635
-18.097
-18.273
-14.011
-11.118
-18.619
-19.378
-17.515
-18.328
-15.156
-19.981
-18.312
-18.496
-11.43
-16.458
-12.059
-18.019
-14.432
-15.982
-17.772
-17.433
-11.128
-17.489
-19.718
-15.738
-23.208
-19.765
-19.478
-19.598
-14.038
-15.034
-17.253
-13.781
-18.557
-16.883
-20.604
-18.076
-23.019
-20.085
-16.798
-22.315
-18.853
-16.601
-15.847
-20.551
-18.442
-17.509
-14.285
-17.947
-19.043
-21.734
-21.777
-22.314
-28.888
-24.461
-20.466
-23.678
-20.773
-23.352
-21.241
-15.23
-21.026
-24.04
-15.883
-19.942
-20.618
-14.795
-20.166
-19.441
-22.438
-14.567
-19.34
-16.028
-19.611
-18.439
-18.88
