-67.39
-69.97
-66.3
-61.49
-64.05
-59.02
-70.28
-60.32
-69.31
-59.1
-60.2
-61.21
-62.44
-61.01
-60.82
-66.94
-56.11
-56.97
-60.23
-64.39
-70.78
-76.47
-71.75
-67.53
-68.05
-68.21
-69.37
-70.0
-66.81
-63.82
-68.83
-65.96
-71.25
-65.68
-66.01
-75.11
-69.18
-65.45
-70.99
-60.62
-71.86
-67.55
-62.08
-76.65
-69.81
-66.2
-71.56
-73.21
-67.61
-68.81
-71.89
-74.73
-63.02
-70.45
-68.35
-65.98
-73.33
-70.8
-66.4
-70.09
-78.89
-70.61
-64.7
-77.81
-67.42
-71.29
-72.07
-69.59
-67.38
-64.66
-66.74
-64.7
-68.54
-66.87
-62.99
-65.75
-62.15
-61.99
-61.82
-63.07
-61.87
-61.31
-64.89
-62.6
-61.78
-70.23
-59.19
-57.81
-58.06
-59.3
-64.45
-69.49
-63.67
-61.65
-58.75
-67.94
-61.34
-50.53
-59.32
-57.65
-59.56
-60.95
-61.51
-62.35
-63.18
-62.31
-66.1
-64.67
-68.05
-66.1
-70.19
-70.48
-68.57
-67.73
-60.33
-61.78
-66.61
-52.2
-60.03
-59.8
-68.43
-73.4
-65.07
-62.13
-65.17
-68.03
-65.44
-67.33
-68.3
-65.91
-63.05
-71.39
-70.0
-61.96
-56.32
-57.77
-66.97
-74.39
-66.31
-69.95
-65.15
-72.1
-65.18
-61.45
-65.96
-68.35
-70.08
-67.88
-69.69
-67.01
-69.0
-66.25
-65.44
-66.89
-59.58
-60.91
-69.67
-69.16
-69.54
-68.64
-63.59
-75.27
-63.25
-68.71
-72.94
-67.2
-61.16
-70.3
-59.15
-67.61
-67.6
-65.21
-63.92
-66.7
-67.49
-66.16
-64.3
-72.21
-68.13
-75.32
-69.98
-71.99
-67.74
-70.34
-68.36
-75.71
-58.37
-71.16
-69.84
-77.71
-61.89
-63.77
-68.36
-69.23
-68.69
-80.56
-67.01
-69.15
-70.04
-76.47
-75.63
-71.0
-70.87
-67.96
-64.8
-68.47
-81.11
-73.4
-76.43
-81.28
-73.45
-73.58
-67.82
-74.06
-69.77
-67.82
-70.76
-61.41
-67.46
-56.78
-61.28
-68.15
-64.5
-65.94
-67.05
-60.47
-64.53
-73.01
-67.46
-63.0
-65.74
-66.88
-74.1
-65.77
-60.49
-64.66
-66.01
-69.77
-66.75
-68.41
-73.32
-77.84
-65.68
-63.38
-75.74
-74.47
-76.11
-75.66
-70.86
-70.79
-71.87
-70.13
-66.91
-73.51
-73.47
-66.3
-64.96
-78.19
-70.1
-74.01
-84.41
-75.62
-81.34
-77.8
-73.83
-73.13
-76.73
-76.36
-77.89
-72.8
-65.15
-72.0
-73.57
-74.73
-72.25
-75.16
-77.33
-79.48
-68.49
-74.39
-77.97
-76.04
-73.94
-77.84
-70.93
-71.72
-79.01
-77.28
-69.94
-81.47
-65.28
-81.89
-74.88
-72.15
-80.36
-77.08
-72.76
-74.28
-71.38
-71.03
-70.91
-72.59
-74.66
-71.39
-78.44
-74.98
-73.68
-73.85
-78.79
-73.07
-77.41
-78.2
-75.07
-67.58
-75.13
-74.57
-71.27
-64.93
-77.41
-75.34
-78.85
-64.3
-73.2
-60.64
-74.9
-86.18
-76.07
-79.35
-72.02
-67.6
-79.67
-76.3
-71.82
-77.29
-70.62
-74.4
-73.71
-73.26
-79.5
-68.79
-71.08
-74.65
-75.96
-74.6
-73.51
-71.22
-75.3
-80.98
-83.31
-77.6
-79.01
-72.84
-78.42
-79.67
-69.85
-75.93
-68.92
-75.98
-63.55
-67.89
-78.37
-69.61
-73.41
-70.09
-74.34
-74.18
-75.7
-81.0
-84.04
-79.89
-73.42
-68.4
-68.63
-82.17
-69.19
-68.5
-74.29
-68.63
-62.97
-72.81
-77.85
-62.12
-71.43
-75.93
-70.57
-68.72
-74.99
-64.73
-68.11
-73.71
-62.28
-72.85
-68.57
-76.39
-71.35
-66.52
-71.04
-77.89
-71.2
-83.37
-68.83
-77.01
-70.52
-71.38
-76.64
-79.8
-72.77
-68.73
-70.7
-72.95
-71.16
-79.04
-71.06
-66.02
-62.93
-76.79
-67.47
-70.97
-69.96
-67.01
-69.58
-62.42
-76.97
-70.83
-64.65
-64.65
-74.11
-74.27
-68.97
-61.05
-69.35
-67.33
-63.91
-69.47
-60.29
-66.08
-72.38
-71.35
-63.35
-74.33
-69.49
-63.58
-61.12
-64.35
-70.37
-66.94
-72.36
-67.8
-63.03
-67.28
-71.45
-70.68
-72.86
-67.55
-64.46
-64.67
-75.31
-67.8
-73.03
-68.15
-78.8
-71.99
-78.81
-72.12
-68.24
-79.78
-75.59
-65.0
-75.53
-77.52
-75.21
-74.42
-71.46
-71.65
-76.79
-81.45
-93.32
-74.46
-85.43
-81.7
-79.74
-84.21
-80.43
-78.11
-70.59
-70.01
-75.17
-82.01
-74.1
-79.2
-81.61
-74.64
-74.11
-78.6
-79.23
-73.36
-76.56
-80.13
-72.74
-68.94
-74.8
