-3.876
-1.638
-4.585
-5.607
-4.741
-5.446
-4.238
-3.926
-4.999
-5.627
-2.698
-4.015
-4.615
-4.183
-4.665
-3.987
-3.454
-4.418
-6.524
-3.892
-2.05
-5.383
-5.139
-7.05
-1.695
-2.505
-4.902
-3.162
-6.576
-3.033
-5.396
-4.798
-5.828
-4.879
-3.52
-5.292
-8.296
-5.561
-2.256
-5.134
-2.588
-6.072
-1.662
-3.9
-4.665
-3.409
-5.573
-4.59
-4.804
-3.482
-3.993
-5.694
-3.376
-2.697
-0.119
-3.054
-5.071
-6.994
-7.285
-7.471
-4.125
-7.216
-4.331
-4.779
-6.366
-3.81
-5.378
-3.051
-6.12
-3.875
-7.219
-7.207
-4.112
-2.401
-3.389
-5.513
-4.036
-2.809
-4.037
-2.165
-3.609
-5.148
-5.878
-4.773
-4.757
-2.928
-3.973
-5.145
-4.411
-4.068
-0.95
-2.545
-2.062
-2.147
-4.183
-6.181
-7.835
-4.917
-6.576
-4.436
-6.388
-8.035
-7.154
-5.816
-4.012
-3.79
-3.781
-4.059
-6.812
-6.623
-5.959
-6.662
-6.142
-5.684
-5.393
-6.136
-5.904
-7.069
-6.086
-7.947
-5.883
-4.142
-6.035
-6.606
-5.831
-5.475
-4.71
-5.805
-7.437
-7.245
-6.044
-6.639
-7.915
-5.426
-5.798
-5.164
-6.277
-5.58
-6.49
-7.55
-4.646
-5.661
-5.505
-5.301
-6.321
-7.085
-7.078
-5.316
-4.665
-4.686
-7.184
-3.626
-4.008
-6.042
-6.448
-5.19
-5.073
-5.138
-5.417
-4.531
-5.393
-5.318
-5.559
-5.677
-5.109
-3.465
-5.601
-6.44
-4.366
-6.511
-5.633
-4.326
-4.366
-5.013
-4.126
-6.593
-5.306
-4.842
-7.618
-5.686
-4.498
-4.438
-5.833
-2.921
-3.952
-3.192
-4.67
-4.788
-6.237
-5.857
-4.059
-5.698
-5.759
-5.591
-5.188
-6.761
-4.048
-3.826
-1.844
-2.376
-5.968
-3.678
-2.571
-5.613
-5.966
-6.034
-6.454
-3.724
-4.909
-4.025
-4.039
-4.933
-2.921
-5.603
-4.887
-3.991
-5.614
-4.764
-3.453
-6.125
-5.101
-2.98
-6.03
-6.621
-6.147
-6.015
-4.519
-5.003
-2.968
-3.8
-4.712
-3.426
-3.007
-1.682
-0.255
-3.7
-3.579
-5.263
-2.559
-2.115
-3.987
-2.662
-5.735
-6.14
-4.345
-4.723
-4.538
-4.695
-4.465
-3.441
-6.341
-2.835
-2.696
-1.915
-5.586
-2.699
-6.631
-5.742
-6.249
-5.765
-3.312
-4.771
-8.607
-5.418
-4.465
-3.476
-2.095
-2.806
-4.146
-5.706
-4.87
-2.977
-4.547
-4.814
-6.409
-1.253
-5.269
-3.545
-5.73
-4.854
-4.809
-6.845
-4.041
-6.761
-5.505
-4.28
-3.025
-6.438
-3.666
-5.223
-4.879
-4.71
-3.605
-5.148
-5.181
-4.775
-3.881
-3.828
-4.144
-4.569
-5.666
-3.91
-5.268
-1.46
-2.351
-2.269
-6.132
-4.136
-5.127
-5.859
-5.86
-3.612
-2.904
-3.632
-4.428
-7.757
-4.372
-4.586
-5.206
-3.584
-5.874
-4.262
-2.632
-4.366
-5.063
-5.345
-4.758
-2.863
-5.008
-5.831
-6.458
-6.626
-6.96
-4.297
-3.919
-5.727
-4.053
-4.987
-4.557
-5.628
-4.189
-1.853
-5.722
-3.636
-3.244
-3.423
-5.018
-3.386
-4.139
-6.658
-5.49
-3.599
-1.223
-1.415
-5.56
-2.833
-2.375
-0.327
-2.745
-5.372
-4.642
-3.485
-5.44
-5.012
-5.193
-4.849
-3.72
-1.577
-2.575
-6.325
-6.719
-5.596
-5.963
-3.427
-4.737
-4.663
-2.711
-3.743
-5.253
-4.381
-4.062
-6.557
-4.048
-1.573
-5.533
-4.412
-0.685
-2.711
1.468
-3.287
-2.759
-4.146
-4.062
-0.39
-2.975
-4.567
-4.48
-2.886
0.364
-4.439
-2.879
-4.609
-0.806
-4.225
-1.239
-4.128
-2.089
-3.679
-2.501
-3.414
-3.619
-0.502
-4.353
-3.0
-3.502
-2.247
-3.24
-2.85
-1.509
-2.952
-2.118
-1.885
-1.299
0.431
-2.101
-0.605
-4.31
-1.315
-2.448
0.467
-1.414
-3.159
-3.442
-3.07
-1.781
-0.935
-4.611
-0.634
-1.816
-0.852
-2.191
0.333
-1.435
-4.724
-3.641
-4.308
-4.045
-3.994
-2.415
0.421
-5.65
-4.856
-2.214
-2.211
-1.354
-5.386
-3.775
-4.188
-3.757
-4.451
-3.171
-4.825
-4.021
-3.94
-6.905
-6.477
-5.85
-3.173
-5.625
-5.158
-5.093
-4.454
-5.349
-5.844
-6.022
-5.014
-6.333
-8.143
-1.998
-4.921
-4.223
-4.813
-1.06
-3.612
-4.273
-5.35
-6.11
-4.856
-4.645
-6.677
-3.639
-5.236
-5.31
-6.747
-7.225
-4.625
-3.186
-6.605
-4.138
-3.923
-3.297
