-238.343
-240.368
-385.137
-258.979
-265.441
-250.92
-256.871
-258.683
-70.895
-211.015
-21.201
-241.022
-206.212
-242.839
-233.786
-284.423
-302.774
-258.274
-281.277
-290.157
-117.917
-364.448
-378.704
-291.821
-303.294
-304.773
-285.927
-300.427
-265.617
-287.693
-327.738
-313.823
-276.44
-293.838
-273.56
-331.786
-323.394
-355.045
-332.468
-295.717
-352.204
-291.376
-298.019
-360.114
-336.891
-301.124
-332.902
-314.049
-319.744
-322.859
-323.336
-342.375
-339.556
-301.115
-294.202
-344.302
-314.382
-338.229
-317.072
-342.384
-372.15
-309.02
-344.124
-353.261
-329.458
-320.653
-323.231
-331.49
-280.899
-295.011
-310.764
-326.896
-338.756
-361.116
-293.562
-315.211
-307.467
-317.186
-302.984
-321.583
-303.869
-267.16
-291.354
-272.822
-272.045
-281.973
-281.149
-274.314
-278.091
-240.722
-281.375
-332.41
-313.236
-272.613
-258.109
-216.549
-260.994
-240.786
-268.049
-265.637
-268.084
-262.892
-264.333
-298.007
-256.33
-299.506
-333.201
-322.619
-356.26
-301.76
-312.383
-313.451
-338.369
-331.385
-283.922
-308.882
-309.969
-263.892
-311.228
-355.124
-322.618
-334.666
-314.875
-306.681
-319.898
-350.603
-352.912
-319.645
-317.173
-283.285
-313.73
-347.439
-328.056
-276.457
-283.976
-261.276
-328.068
-337.872
-339.229
-307.056
-345.174
-347.089
-303.338
-331.626
-319.709
-333.645
-319.515
-351.537
-337.097
-307.253
-324.179
-364.186
-344.718
-335.789
-329.806
-365.251
-338.532
-359.056
-354.087
-374.892
-328.766
-367.457
-309.122
-355.504
-351.33
-327.022
-345.338
-364.804
-347.555
-356.744
-321.152
-358.712
-370.98
-344.886
-372.036
-373.459
-372.337
-356.214
-373.929
-368.644
-349.083
-378.015
-372.77
-356.782
-362.323
-347.818
-334.214
-343.542
-342.406
-370.093
-347.765
-321.799
-373.609
-338.51
-347.708
-376.24
-382.562
-349.731
-377.217
-394.309
-384.74
-415.927
-372.624
-360.646
-350.35
-390.091
-391.451
-412.622
-374.17
-391.906
-362.091
-421.644
-315.344
-442.04
-360.988
-371.491
-371.055
-359.012
-319.133
-327.372
-342.02
-289.048
-336.426
-343.744
-341.701
-290.244
-329.436
-367.664
-308.766
-320.808
-348.265
-343.888
-342.482
-389.072
-318.628
-315.621
-291.185
-368.342
-300.309
-328.464
-327.237
-342.466
-382.041
-327.281
-381.205
-435.267
-398.21
-399.76
-295.937
-279.649
-360.09
-320.894
-306.367
-326.895
-310.206
-329.103
-372.682
-399.525
-413.247
-381.69
-472.665
-372.215
-458.672
-442.714
-427.791
-350.579
-404.885
-414.071
-382.328
-424.086
-337.008
-346.415
-442.024
-394.447
-408.074
-378.161
-430.254
-384.195
-393.485
-456.75
-433.67
-432.772
-428.103
-432.475
-427.8
-382.763
-409.815
-415.943
-409.848
-425.43
-383.967
-418.062
-402.153
-417.205
-443.662
-411.727
-380.752
-415.491
-398.851
-378.799
-386.654
-421.048
-432.565
-353.04
-382.408
-401.201
-366.621
-430.7
-417.646
-406.515
-416.18
-409.209
-379.629
-362.425
-403.542
-396.586
-417.451
-392.813
-431.441
-426.735
-465.507
-419.041
-451.69
-400.033
-436.868
-431.289
-431.917
-404.591
-371.422
-389.899
-405.421
-398.688
-434.046
-406.788
-402.293
-398.491
-391.664
-381.808
-436.337
-423.002
-381.822
-335.759
-381.678
-408.544
-403.009
-415.188
-385.624
-385.863
-406.85
-409.45
-397.818
-411.2
-405.1
-422.528
-377.436
-394.09
-399.236
-365.54
-402.45
-353.913
-372.942
-393.6
-408.574
-387.349
-376.819
-379.937
-409.72
-405.203
-386.501
-393.335
-372.461
-397.367
-397.454
-401.704
-400.642
-416.241
-390.099
-367.987
-385.336
-361.751
-374.269
-356.602
-389.252
-391.79
-337.173
-339.438
-360.08
-348.28
-350.432
-366.941
-350.384
-367.016
-358.59
-375.813
-373.713
-368.461
-362.415
-392.12
-401.715
-425.288
-376.765
-439.643
-417.294
-362.291
-426.407
-458.091
-416.832
-385.351
-410.233
-404.865
-379.703
-391.043
-369.627
-315.411
-386.46
-338.513
-324.458
-340.636
-371.028
-352.175
-394.303
-325.253
-376.433
-335.498
-332.655
-321.232
-347.631
-396.768
-350.748
-336.99
-364.006
-366.388
-367.984
-347.029
-360.663
-325.06
-367.848
-324.24
-354.781
-366.153
-352.797
-324.0
-364.216
-345.106
-385.548
-362.044
-355.795
-364.447
-352.126
-367.024
-363.555
-365.831
-386.55
-390.388
-358.444
-362.438
-394.884
-366.239
-341.639
-364.889
-389.339
-418.696
-455.944
-370.139
-347.858
-383.067
-322.8
-368.363
-390.156
-396.022
-402.865
-351.838
-353.074
-419.435
-422.608
-440.471
-480.617
-414.668
-498.779
-499.536
-418.338
-400.998
-420.408
-407.259
-394.759
-380.72
-431.115
-468.391
-410.904
-444.35
-440.841
-382.628
-436.426
-418.733
-421.466
-451.413
-462.563
-455.57
-453.713
-384.386
-395.417
