-396.216
-408.238
-511.08
-432.128
-415.035
-421.57
-411.844
-411.631
-447.151
-387.151
-389.753
-410.074
-399.567
-428.425
-379.605
-419.612
-430.716
-384.38
-407.575
-465.79
-499.381
-439.426
-504.645
-472.177
-464.354
-444.309
-464.109
-472.002
-441.456
-439.797
-470.276
-469.272
-428.497
-444.62
-410.322
-478.038
-449.213
-472.27
-442.71
-402.98
-432.533
-420.431
-429.986
-447.339
-453.58
-450.706
-429.992
-411.053
-456.685
-419.66
-426.177
-473.072
-428.55
-425.974
-425.48
-446.046
-447.808
-429.738
-431.2
-428.71
-485.837
-466.439
-490.884
-480.136
-487.47
-426.004
-460.945
-458.718
-381.027
-431.127
-425.572
-489.016
-429.337
-448.839
-399.246
-435.767
-435.374
-432.418
-413.046
-423.322
-415.494
-412.938
-426.501
-390.367
-425.084
-446.312
-424.859
-431.023
-437.655
-366.98
-416.474
-441.266
-463.004
-405.766
-424.085
-432.394
-424.429
-401.363
-376.256
-397.917
-391.906
-418.423
-391.806
-423.886
-398.869
-438.749
-445.987
-437.383
-453.774
-444.325
-444.576
-457.536
-476.089
-455.946
-434.612
-402.996
-475.814
-402.309
-467.51
-441.622
-474.596
-442.114
-460.869
-438.483
-459.784
-504.511
-476.457
-474.833
-465.411
-457.236
-459.703
-499.351
-466.316
-430.496
-421.648
-415.333
-434.491
-454.3
-451.49
-428.612
-490.034
-447.096
-414.859
-442.323
-451.344
-469.237
-449.333
-476.242
-449.901
-439.003
-460.31
-477.025
-452.67
-450.631
-460.969
-483.222
-471.842
-468.862
-470.334
-502.766
-453.421
-475.806
-479.648
-481.604
-493.902
-453.681
-495.125
-511.696
-479.439
-480.428
-493.52
-514.398
-487.126
-477.839
-456.623
-486.156
-507.33
-501.976
-515.666
-511.711
-498.217
-485.29
-488.147
-501.163
-488.088
-489.099
-471.106
-494.141
-470.337
-471.408
-470.681
-469.494
-495.445
-478.161
-502.897
-497.953
-516.507
-485.956
-492.691
-513.631
-502.04
-465.158
-514.833
-483.394
-487.811
-507.873
-492.197
-504.6
-484.227
-508.888
-485.447
-543.986
-481.997
-520.846
-484.75
-473.955
-486.086
-477.059
-445.8
-468.071
-474.808
-434.556
-463.623
-470.953
-447.297
-408.86
-463.418
-458.041
-452.884
-439.727
-476.355
-458.902
-462.664
-505.086
-449.927
-473.786
-453.666
-486.003
-429.322
-459.854
-447.862
-449.786
-502.878
-444.522
-487.318
-523.143
-498.52
-474.107
-442.679
-417.618
-483.325
-437.378
-440.478
-474.729
-438.044
-440.752
-482.956
-521.417
-514.227
-480.939
-525.188
-474.289
-563.394
-530.078
-514.164
-475.898
-501.542
-513.808
-480.808
-502.1
-456.828
-439.248
-527.722
-484.258
-519.639
-498.716
-524.653
-502.145
-510.956
-565.871
-516.322
-522.983
-520.03
-489.066
-519.027
-488.685
-495.204
-495.708
-499.7
-502.896
-486.939
-506.106
-474.166
-478.672
-483.894
-538.311
-451.062
-515.692
-467.819
-436.589
-468.465
-510.162
-542.482
-474.56
-464.542
-526.525
-461.974
-524.144
-519.34
-510.193
-485.19
-478.378
-465.012
-460.687
-509.048
-478.816
-530.833
-489.211
-522.042
-464.338
-515.552
-485.085
-517.029
-469.359
-509.501
-495.903
-508.724
-494.626
-480.845
-510.035
-496.051
-495.993
-519.591
-515.113
-513.543
-492.166
-469.258
-487.174
-534.762
-526.787
-491.087
-468.847
-483.476
-505.8
-481.979
-509.607
-468.567
-467.857
-488.781
-499.098
-490.737
-455.901
-497.563
-501.231
-495.251
-496.014
-475.866
-465.34
-470.387
-490.994
-506.077
-493.719
-531.709
-487.184
-502.328
-486.771
-509.217
-488.699
-514.909
-486.257
-490.401
-482.254
-516.152
-497.291
-512.609
-509.419
-485.011
-472.238
-489.849
-463.925
-470.397
-471.961
-514.618
-491.009
-455.097
-471.181
-479.362
-483.319
-456.123
-481.214
-478.876
-458.088
-449.486
-483.608
-494.445
-496.087
-472.244
-490.273
-498.503
-499.343
-471.14
-509.993
-498.579
-464.751
-517.157
-518.197
-515.627
-495.144
-506.303
-478.074
-471.211
-487.637
-479.031
-422.028
-497.399
-449.59
-423.286
-474.529
-485.802
-472.156
-506.753
-430.28
-481.115
-438.243
-433.806
-454.862
-476.42
-488.476
-465.681
-449.181
-441.308
-487.531
-478.188
-447.893
-479.345
-452.298
-452.344
-456.825
-442.534
-457.89
-415.965
-428.607
-444.412
-456.437
-488.76
-482.794
-477.322
-469.878
-468.019
-472.275
-473.442
-465.256
-510.423
-513.259
-466.807
-475.943
-504.978
-457.347
-426.394
-472.718
-509.803
-490.845
-535.346
-465.496
-461.668
-477.302
-494.382
-478.308
-523.819
-513.644
-495.579
-466.924
-453.66
-476.975
-518.561
-531.411
-521.974
-520.973
-566.67
-578.337
-520.026
-500.276
-495.78
-484.379
-455.646
-501.059
-460.979
-532.126
-481.251
-522.002
-496.734
-488.143
-491.749
-502.057
-508.256
-504.684
-505.816
-497.98
-471.987
-446.595
-457.408
