-0.214
-0.071
-0.215
-0.224
-0.201
-0.13
-0.16
-0.111
-0.201
-0.24
-0.177
-0.17
-0.103
-0.149
-0.127
-0.108
-0.176
-0.131
-0.279
-0.165
-0.205
-0.222
-0.179
-0.193
-0.259
-0.261
-0.296
-0.247
-0.267
-0.198
-0.232
-0.138
-0.19
-0.153
-0.233
-0.198
-0.167
-0.1
-0.263
-0.15
-0.315
-0.214
-0.261
-0.149
-0.175
-0.099
-0.173
-0.196
-0.169
-0.181
-0.151
-0.143
-0.285
-0.258
-0.188
-0.233
-0.182
-0.226
-0.261
-0.275
-0.228
-0.131
-0.339
-0.12
-0.301
-0.228
-0.283
-0.226
-0.224
-0.28
-0.226
-0.244
-0.218
-0.247
-0.32
-0.396
-0.326
-0.385
-0.21
-0.323
-0.172
-0.287
-0.212
-0.207
-0.158
-0.124
-0.189
-0.235
-0.258
-0.198
-0.22
-0.328
-0.192
-0.19
-0.223
-0.199
-0.123
-0.151
-0.192
-0.177
-0.143
-0.301
-0.223
-0.27
-0.326
-0.249
-0.204
-0.341
-0.38
-0.155
-0.218
-0.319
-0.236
-0.222
-0.099
-0.368
-0.274
-0.3
-0.229
-0.265
-0.301
-0.171
-0.231
-0.294
-0.275
-0.339
-0.233
-0.256
-0.379
-0.258
-0.37
-0.222
-0.308
-0.285
-0.194
-0.192
-0.137
-0.237
-0.249
-0.199
-0.191
-0.21
-0.134
-0.229
-0.17
-0.224
-0.262
-0.199
-0.229
-0.279
-0.323
-0.283
-0.299
-0.211
-0.156
-0.288
-0.246
-0.168
-0.234
-0.232
-0.19
-0.173
-0.208
-0.134
-0.243
-0.196
-0.194
-0.201
-0.115
-0.274
-0.331
-0.245
-0.226
-0.229
-0.142
-0.288
-0.16
-0.192
-0.188
-0.117
-0.258
-0.303
-0.142
-0.174
-0.38
-0.21
-0.274
-0.236
-0.239
-0.192
-0.127
-0.197
-0.143
-0.304
-0.322
-0.29
-0.301
-0.35
-0.306
-0.223
-0.223
-0.205
-0.228
-0.42
-0.196
-0.229
-0.089
-0.242
-0.105
-0.166
-0.099
-0.259
-0.321
-0.222
-0.262
-0.253
-0.276
-0.158
-0.26
-0.199
-0.153
-0.247
-0.232
-0.256
-0.341
-0.344
-0.247
-0.349
-0.306
-0.256
-0.342
-0.326
-0.321
-0.288
-0.424
-0.24
-0.226
-0.224
-0.213
-0.147
-0.162
-0.103
0.002
-0.197
-0.229
-0.166
-0.091
-0.178
-0.235
-0.206
-0.265
-0.256
-0.245
-0.317
-0.249
-0.213
-0.261
-0.225
-0.241
-0.291
-0.296
-0.241
-0.237
-0.143
-0.226
-0.115
-0.139
-0.035
-0.18
-0.19
-0.147
-0.151
-0.182
-0.197
-0.168
-0.213
-0.17
-0.31
-0.257
-0.123
-0.205
-0.159
-0.197
-0.222
-0.204
-0.297
-0.331
-0.221
-0.238
-0.266
-0.216
-0.194
-0.324
-0.227
-0.341
-0.289
-0.242
-0.247
-0.252
-0.182
-0.168
-0.125
-0.228
-0.27
-0.248
-0.283
-0.325
-0.177
-0.115
-0.165
-0.141
-0.327
-0.229
-0.303
-0.133
-0.138
-0.145
-0.145
-0.233
-0.201
-0.226
-0.18
-0.304
-0.091
-0.231
-0.25
-0.231
-0.28
-0.261
-0.236
-0.229
-0.34
-0.263
-0.233
-0.298
-0.185
-0.301
-0.215
-0.214
-0.347
-0.214
-0.239
-0.223
-0.153
-0.195
-0.227
-0.261
-0.202
-0.328
-0.214
-0.236
-0.228
-0.303
-0.236
-0.261
-0.205
-0.211
-0.223
-0.084
-0.132
-0.344
-0.089
-0.216
-0.287
-0.173
-0.152
-0.249
-0.337
-0.22
-0.291
-0.245
-0.235
-0.38
-0.252
-0.22
-0.193
-0.228
-0.159
-0.215
-0.197
-0.216
-0.253
-0.34
-0.335
-0.137
-0.081
-0.15
-0.167
-0.125
-0.273
-0.186
-0.241
-0.211
-0.197
-0.307
-0.304
-0.273
-0.234
-0.14
-0.286
-0.187
-0.225
-0.025
-0.192
-0.248
-0.176
-0.275
-0.21
-0.228
-0.27
-0.157
-0.234
-0.173
-0.203
-0.245
-0.268
-0.126
-0.223
-0.225
-0.105
-0.086
-0.279
-0.217
-0.176
-0.214
-0.18
-0.193
-0.237
-0.204
-0.209
-0.256
-0.189
-0.137
-0.162
-0.228
-0.21
-0.168
-0.195
-0.07
-0.268
-0.163
-0.163
-0.201
-0.324
-0.22
-0.321
-0.239
-0.358
-0.232
-0.251
-0.25
-0.258
-0.385
-0.322
-0.199
-0.198
-0.207
-0.129
-0.234
-0.282
-0.24
-0.258
-0.19
-0.198
-0.143
-0.181
-0.153
-0.161
-0.14
-0.18
-0.09
-0.16
-0.257
-0.178
-0.189
-0.205
-0.225
-0.203
-0.128
-0.36
-0.281
-0.237
-0.231
-0.271
-0.186
-0.211
-0.225
-0.223
-0.18
-0.251
-0.146
-0.186
-0.223
-0.297
-0.204
-0.178
-0.335
-0.218
-0.332
-0.187
-0.333
