-2.038
-2.308
-1.755
-1.657
-2.053
-1.107
-2.072
-0.834
-1.977
-2.255
-0.617
-1.535
-1.386
-1.72
-2.231
-2.009
-1.247
-1.426
-2.271
-2.265
-2.796
-1.727
-2.579
-1.853
-2.39
-2.556
-2.171
-2.26
-2.754
-1.644
-2.157
-2.361
-1.968
-2.571
-2.404
-2.643
-2.63
-1.992
-2.855
-2.414
-2.821
-2.209
-2.355
-2.62
-2.343
-1.68
-2.247
-2.398
-1.972
-1.713
-2.439
-2.292
-2.491
-1.84
-2.77
-1.7
-2.156
-2.041
-2.443
-2.572
-2.435
-2.371
-2.312
-2.634
-2.02
-2.619
-2.137
-2.379
-1.367
-1.663
-1.91
-2.424
-1.651
-1.891
-1.635
-1.609
-2.07
-1.797
-2.117
-1.675
-2.232
-1.774
-1.839
-2.054
-1.613
-1.581
-2.026
-1.693
-1.61
-1.972
-1.537
-2.228
-2.409
-1.855
-1.793
-2.26
-1.12
-1.438
-0.687
-1.617
-1.643
-2.04
-1.839
-1.532
-1.48
-1.755
-1.686
-1.275
-1.717
-1.448
-0.922
-2.147
-2.346
-1.873
-1.733
-1.004
-1.841
-0.789
-1.19
-1.838
-1.32
-1.288
-0.781
-1.62
-1.692
-2.192
-1.844
-1.032
-2.071
-2.059
-2.129
-1.983
-2.506
-2.214
-1.165
-1.814
-1.766
-2.347
-1.045
-1.355
-1.425
-1.987
-1.101
-1.625
-1.864
-2.149
-1.987
-1.811
-1.483
-1.597
-1.843
-2.108
-1.753
-1.377
-1.456
-1.291
-1.465
-1.617
-2.023
-1.255
-1.648
-2.018
-1.97
-1.586
-2.303
-1.749
-1.614
-2.235
-1.67
-2.019
-1.954
-1.143
-1.081
-1.343
-2.15
-1.222
-1.874
-2.697
-2.346
-2.698
-2.209
-2.844
-1.625
-1.864
-1.931
-2.292
-1.526
-2.385
-1.751
-1.926
-1.789
-1.518
-1.974
-2.542
-2.302
-2.807
-2.184
-2.619
-2.4
-1.821
-2.547
-2.158
-2.039
-2.087
-2.527
-2.351
-2.195
-1.841
-1.892
-2.733
-2.148
-2.794
-3.112
-2.425
-2.698
-1.808
-2.364
-2.049
-2.615
-1.623
-1.806
-2.452
-1.802
-2.635
-2.036
-2.045
-2.245
-1.948
-2.087
-2.059
-2.013
-2.587
-2.44
-1.41
-2.156
-2.401
-2.08
-2.277
-2.489
-2.251
-2.66
-2.82
-2.418
-1.906
-1.719
-1.927
-2.554
-2.676
-2.963
-2.866
-2.048
-2.594
-2.357
-2.516
-2.385
-2.889
-1.983
-2.869
-2.391
-2.33
-2.721
-2.547
-3.192
-2.751
-2.302
-2.981
-2.753
-2.315
-2.978
-2.292
-2.56
-2.083
-2.066
-2.579
-1.902
-2.484
-2.681
-2.909
-2.46
-2.385
-2.911
-2.826
-2.576
-2.531
-2.798
-2.707
-2.771
-2.291
-2.349
-2.239
-1.804
-3.048
-2.176
-2.58
-2.278
-2.825
-2.361
-2.484
-2.313
-1.887
-1.799
-2.062
-2.787
-2.294
-2.605
-3.102
-2.329
-2.594
-2.292
-2.657
-2.218
-2.615
-2.943
-2.709
-2.7
-2.635
-2.515
-2.62
-2.623
-2.423
-1.909
-2.011
-2.269
-2.229
-2.672
-2.261
-2.427
-2.206
-2.236
-2.743
-2.148
-1.879
-2.044
-2.399
-1.958
-2.249
-2.732
-2.305
-1.723
-3.084
-1.607
-2.524
-2.618
-2.208
-2.459
-1.905
-3.073
-1.546
-2.44
-2.7
-2.584
-1.907
-2.477
-2.313
-2.497
-2.208
-2.164
-2.751
-2.064
-2.173
-2.482
-2.524
-1.942
-2.676
-2.566
-1.727
-2.068
-2.266
-2.863
-2.795
-2.894
-3.111
-2.521
-2.864
-2.394
-2.71
-2.413
-2.727
-2.1
-2.21
-2.615
-3.113
-2.318
-2.003
-2.027
-2.592
-2.745
-2.832
-2.624
-2.985
-2.918
-2.15
-2.249
-2.874
-3.05
-2.007
-2.881
-2.41
-2.383
-3.021
-2.201
-2.408
-2.636
-2.696
-2.459
-2.47
-2.417
-2.541
-2.988
-2.615
-2.946
-2.823
-2.702
-2.223
-2.888
-2.332
-2.15
-1.926
-2.281
-2.373
-2.717
-2.316
-2.676
-1.852
-2.726
-2.681
-1.993
-3.171
-1.963
-2.829
-2.135
-2.027
-2.855
-2.41
-1.6
-2.754
-2.258
-2.898
-1.341
-2.402
-2.726
-2.052
-1.78
-2.751
-2.486
-2.797
-2.388
-1.835
-2.876
-2.478
-2.441
-3.401
-2.873
-2.767
-2.013
-1.852
-2.37
-2.667
-2.393
-2.09
-2.774
-2.347
-2.609
-2.086
-2.397
-2.225
-2.131
-2.925
-2.245
-2.765
-2.565
-1.884
-2.036
-2.631
-2.876
-2.692
-2.636
-2.281
-2.739
-2.94
-2.706
-2.587
-2.689
-1.447
-1.569
-2.345
-1.963
-2.711
-2.4
-3.064
-3.2
-2.378
-1.817
-3.004
-2.779
-2.454
-2.764
-3.036
-2.425
-1.404
-2.419
