-65.53
-70.12
-65.61
-75.62
-66.12
-74.55
-67.2
-79.76
-75.69
-65.96
-65.1
-75.19
-68.61
-65.68
-64.39
-59.75
-70.99
-64.3
-69.27
-71.27
-72.4
-68.22
-66.65
-65.94
-72.52
-73.91
-67.49
-69.01
-73.02
-74.39
-64.3
-71.74
-65.44
-67.19
-61.7
-70.91
-69.13
-69.16
-72.12
-72.33
-65.84
-63.07
-78.37
-77.49
-62.39
-59.17
-53.76
-63.83
-64.58
-57.48
-61.79
-64.61
-71.6
-66.64
-68.27
-53.22
-63.87
-67.15
-56.61
-59.3
-71.74
-75.87
-81.1
-70.61
-76.65
-71.39
-70.85
-70.6
-85.16
-69.87
-87.28
-69.72
-76.32
-75.87
-76.26
-79.62
-86.1
-80.47
-67.53
-67.82
-63.91
-60.94
-65.49
-73.79
-80.23
-59.84
-64.73
-54.85
-67.43
-63.58
-70.17
-74.2
-64.43
-67.13
-72.53
-77.86
-67.7
-80.74
-79.16
-75.86
-69.26
-72.4
-70.05
-76.93
-73.75
-70.76
-67.6
-63.41
-78.1
-67.05
-69.1
-61.43
-70.49
-72.12
-75.22
-71.86
-65.72
-77.3
-81.28
-62.58
-66.91
-72.15
-60.28
-63.67
-68.06
-69.75
-68.53
-65.14
-73.35
-69.12
-70.99
-75.91
-71.45
-73.55
-76.5
-75.89
-71.9
-78.0
-64.54
-79.66
-73.92
-71.12
-78.25
-76.72
-82.56
-74.86
-74.34
-76.51
-70.13
-79.72
-71.4
-77.01
-69.62
-70.95
-74.28
-70.75
-68.61
-86.01
-83.31
-80.27
-84.88
-82.95
-74.34
-73.23
-73.94
-78.39
-75.84
-78.72
-79.01
-73.14
-81.58
-71.14
-84.05
-72.68
-76.9
-73.81
-71.18
-75.81
-82.69
-92.84
-85.05
-86.37
-79.18
-77.79
-74.7
-70.83
-74.97
-91.11
-77.21
-86.71
-85.43
-84.22
-87.45
-75.85
-82.97
-87.36
-83.23
-73.68
-85.13
-77.62
-81.85
-78.92
-85.19
-72.96
-82.47
-72.87
-77.85
-83.13
-67.87
-73.28
-81.87
-88.71
-77.24
-81.46
-73.55
-77.55
-76.69
-74.05
-80.11
-77.65
-75.14
-79.21
-80.16
-81.61
-75.26
-73.08
-83.81
-83.76
-77.57
-75.94
-90.78
-74.04
-66.73
-79.23
-80.73
-81.53
-79.41
-77.38
-84.79
-83.39
-83.7
-79.08
-87.99
-79.0
-81.18
-78.28
-87.18
-83.53
-94.03
-88.16
-76.02
-84.55
-88.1
-80.08
-82.18
-81.38
-69.75
-88.32
-89.78
-87.86
-83.13
-80.82
-83.99
-76.94
-76.63
-95.57
-84.09
-79.13
-69.56
-81.42
-77.42
-85.05
-87.29
-86.07
-82.11
-91.76
-81.32
-79.49
-80.09
-84.91
-70.08
-75.83
-79.29
-67.06
-79.25
-76.24
-68.96
-84.42
-86.08
-76.6
-82.61
-83.59
-78.03
-68.7
-81.82
-84.52
-85.16
-91.72
-89.19
-84.99
-81.31
-96.39
-96.76
-85.55
-80.69
-79.14
-86.7
-86.97
-91.15
-87.84
-99.17
-92.09
-95.27
-103.85
-100.53
-98.43
-94.62
-90.33
-86.25
-94.94
-88.78
-90.77
-93.99
-80.82
-94.75
-95.75
-99.65
-89.5
-94.41
-88.82
-96.13
-102.2
-103.96
-93.02
-78.79
-95.95
-100.91
-102.57
-91.92
-86.07
-98.3
-86.4
-102.75
-102.37
-95.86
-92.71
-90.1
-92.6
-87.47
-90.84
-91.73
-100.12
-89.09
-92.35
-89.82
-90.31
-98.28
-96.53
-96.24
-100.07
-94.85
-77.53
-94.1
-98.96
-94.59
-91.77
-98.06
-92.1
-95.09
-92.17
-92.06
-90.99
-91.26
-91.01
-95.4
-90.35
-81.95
-89.9
-96.32
-97.07
-84.38
-83.74
-85.17
-91.28
-82.86
-76.46
-80.37
-82.37
-84.7
-85.66
-79.02
-87.19
-88.86
-87.65
-89.23
-86.28
-83.27
-80.3
-84.73
-82.63
-79.3
-82.56
-75.47
-82.05
-80.82
-78.82
-81.89
-81.55
-92.05
-76.6
-81.44
-85.67
-86.08
-92.18
-86.97
-79.1
-90.49
-82.12
-83.84
-92.51
-82.56
-74.24
-77.4
-79.54
-75.37
-71.96
-70.21
-79.23
-78.83
-70.65
-75.85
-68.12
-72.87
-73.84
-76.57
-76.19
-76.33
-79.38
-81.73
-75.28
-72.83
-74.55
-70.83
-77.96
-55.86
-63.73
-74.06
-79.93
-72.49
-85.46
-85.57
-81.85
-79.1
-79.65
-80.28
-80.18
-77.49
-85.54
-81.84
-76.96
-80.32
-80.13
-82.06
-82.37
-77.17
-79.14
-89.08
-87.98
-80.72
-78.11
-82.27
-79.28
-81.14
-86.74
-79.0
-65.96
-81.54
-86.84
-89.8
-86.61
-79.81
-93.12
-99.72
-94.27
-92.82
-93.6
-102.81
-94.9
-84.2
-91.72
-100.02
-90.13
-85.16
-93.94
-88.43
-90.07
-88.34
-90.62
-84.95
-89.51
-72.72
