-5.494
-6.518
-6.785
-7.061
-7.794
-7.87
-5.832
-6.659
-8.107
-6.733
-3.025
-5.664
-9.023
-5.988
-7.382
-6.77
-5.954
-4.791
-5.549
-6.461
-3.746
-4.505
-6.952
-3.754
-6.272
-4.318
-6.102
-3.61
-6.43
-2.717
-5.334
-3.703
-4.8
-2.251
-5.117
-2.122
-4.486
-2.418
-4.535
-4.396
-4.507
-3.002
-1.11
-3.318
-2.106
-7.596
-3.834
-7.057
-7.066
-5.33
-2.291
-4.344
-2.67
-2.394
-3.46
-4.174
-5.838
-4.52
-5.121
-6.117
-5.285
-8.6
-6.278
-7.67
-7.638
-6.082
-4.759
-7.336
-7.538
-8.213
-7.596
-8.637
-6.994
-7.906
-10.351
-11.441
-7.852
-11.571
-6.407
-7.147
-8.749
-7.896
-7.956
-3.769
-6.94
-8.902
-6.089
-6.157
-7.159
-6.601
-7.929
-6.567
-7.506
-6.968
-6.218
-4.539
-4.957
-5.569
-4.882
-4.567
-3.402
-7.132
-6.313
-5.524
-6.258
-7.214
-7.471
-5.904
-5.26
-5.851
-6.544
-5.526
-7.46
-5.11
-5.922
-6.916
-6.406
-6.13
-5.424
-6.852
-4.016
-6.403
-6.628
-6.73
-6.673
-5.709
-6.531
-5.153
-6.021
-7.386
-6.387
-8.208
-8.979
-7.084
-7.983
-7.06
-6.161
-7.89
-8.43
-6.918
-4.697
-6.533
-9.487
-5.268
-4.076
-5.855
-5.932
-7.483
-9.004
-6.321
-3.721
-7.957
-6.99
-7.809
-6.29
-8.592
-8.129
-7.573
-7.244
-5.35
-6.8
-5.083
-4.8
-3.494
-4.692
-5.848
-10.158
-6.673
-6.022
-5.552
-4.888
-6.513
-8.376
-5.833
-6.685
-7.55
-8.122
-10.214
-5.155
-6.407
-6.841
-7.61
-4.555
-5.657
-4.63
-9.04
-5.219
-8.533
-7.117
-5.665
-4.491
-6.446
-1.849
-6.327
-5.649
-6.67
-6.876
-5.778
-3.382
-5.132
-6.28
-8.138
-6.741
-5.244
-3.67
-8.038
-2.238
-4.95
-1.304
-2.075
-6.252
-6.614
-2.167
-4.413
-3.39
-5.083
-5.09
-5.547
-4.878
-7.885
-3.729
-3.847
-4.452
-2.528
-3.469
-4.033
-5.066
-3.805
-3.037
-5.912
-5.013
-6.859
-2.181
-4.597
-3.889
-2.546
-5.009
-4.606
-4.442
-5.439
-3.688
-3.867
-5.801
-3.581
-6.413
-5.6
-1.841
-9.127
-6.553
-5.992
-5.326
-3.954
-2.118
-4.154
-3.275
-5.859
-4.882
-2.76
-4.072
-2.058
-7.653
-6.046
-6.118
-5.144
-5.872
-4.71
-4.705
-7.573
-2.679
-5.003
-4.78
-3.553
-2.889
-6.785
-6.597
-3.373
-4.462
-3.741
-8.678
-4.225
-4.362
-3.802
-8.319
-7.119
-6.477
-2.5
-7.286
-6.396
-5.831
-2.366
-3.724
-3.101
-3.176
-0.277
-2.071
-5.414
-4.507
-1.886
-5.155
-1.876
-5.285
-0.821
-2.975
-7.717
-4.893
-1.389
-5.071
-4.012
-2.508
-2.898
-2.268
-6.331
-5.8
-3.506
-3.441
-6.997
-5.005
-4.166
-9.667
-7.55
-3.177
-7.919
-4.655
-4.532
-7.966
-6.458
-5.65
-7.911
-7.463
-7.377
-3.956
-8.095
-8.935
-9.149
-7.149
-4.837
-6.103
-6.826
-6.212
-7.038
-11.73
-5.303
-5.506
-11.364
-9.626
-4.258
-4.454
-8.433
-10.099
-10.544
-11.662
-10.031
-5.058
-9.8
-3.876
-7.722
-7.232
-8.58
-10.924
-8.059
-5.185
-6.61
-6.771
-7.432
-8.75
-7.441
-9.721
-7.567
-5.418
-6.223
-6.302
-6.654
-7.996
-4.641
-7.657
-6.866
-9.071
-7.85
-7.158
-5.615
-7.335
-8.814
-4.205
-9.918
-2.86
-5.044
-4.435
-4.818
-7.472
-7.891
-1.863
-4.663
-3.823
-5.579
-3.083
-3.035
-4.268
-2.577
-2.873
-5.279
-5.838
-4.835
-6.059
-6.1
-3.529
-3.691
-3.016
-5.139
-1.524
-4.334
-5.813
-5.885
-6.723
-6.769
-5.959
-7.26
-1.044
-8.017
-8.146
-5.694
-8.728
-7.037
-5.257
-4.627
-3.571
-6.572
-5.525
-4.555
-6.073
-4.322
-5.79
-6.979
-6.404
-10.874
-5.053
-6.764
-6.393
-6.98
-5.021
-7.291
-3.438
-7.72
-5.056
-6.288
-4.903
-5.578
-4.239
-7.382
-5.124
-8.799
-7.67
-6.365
-8.679
-6.291
-4.749
-8.463
-7.357
-8.517
-10.0
-9.151
-6.99
-9.001
-6.554
-8.513
-3.982
-5.51
-5.41
-8.485
-3.31
-3.412
-5.714
-5.162
-2.141
-3.884
-1.137
-1.599
-2.577
-6.846
-8.213
-4.235
-5.469
-5.183
-5.424
-4.892
-8.345
-5.594
-6.447
-8.684
-4.543
-5.972
-7.248
-8.591
-4.541
-6.297
-5.42
-1.834
-6.837
-6.587
-2.392
-4.609
-7.19
