-17.457
-15.274
-16.72
-17.982
-19.772
-18.456
-8.793
-18.834
-18.198
-19.032
-16.688
-16.951
-12.278
-15.556
-17.344
-13.075
-15.557
-14.089
-9.52
-22.256
-21.515
-17.216
-18.724
-17.145
-15.173
-18.839
-17.979
-20.078
-17.76
-24.401
-19.956
-12.343
-17.841
-17.715
-15.914
-19.187
-21.96
-20.37
-17.608
-15.005
-20.194
-17.684
-17.836
-21.482
-19.6
-15.635
-17.617
-19.095
-18.749
-14.536
-15.523
-18.451
-16.512
-16.475
-24.525
-18.548
-17.898
-16.695
-19.764
-15.583
-20.574
-19.699
-20.429
-16.409
-16.097
-18.017
-10.775
-16.392
-19.827
-13.843
-23.718
-21.244
-19.455
-15.926
-21.55
-23.731
-14.305
-8.861
-15.406
-17.478
-20.235
-21.262
-18.311
-15.747
-24.267
-20.393
-19.85
-15.83
-22.332
-16.781
-19.636
-19.436
-15.308
-17.842
-20.779
-23.268
-17.211
-19.316
-21.001
-21.637
-20.418
-17.925
-17.447
-22.124
-21.026
-20.949
-18.994
-19.747
-21.371
-15.534
-20.02
-17.77
-15.78
-15.809
-18.824
-12.653
-16.738
-19.22
-23.593
-18.177
-17.465
-17.193
-13.508
-16.672
-7.942
-15.36
-14.994
-15.783
-18.146
-14.828
-20.067
-16.082
-14.747
-18.98
-18.932
-19.767
-16.344
-15.378
-14.327
-5.543
-20.117
-12.522
-21.106
-21.859
-22.606
-14.788
-18.279
-17.112
-14.388
-16.36
-20.457
-17.337
-19.72
-17.124
-17.838
-20.263
-18.349
-17.501
-22.665
-18.37
-19.249
-24.957
-22.22
-17.495
-18.85
-15.94
-13.854
-15.627
-21.545
-18.758
-21.151
-20.801
-18.957
-15.815
-22.303
-21.513
-17.134
-18.301
-25.938
-23.125
-25.231
-29.499
-27.307
-24.421
-17.05
-25.469
-19.815
-27.832
-19.765
-25.304
-25.125
-17.773
-29.448
-22.166
14.278
-7.905
-22.153
-24.275
-8.115
-20.567
-24.769
-25.349
-23.56
-25.37
-24.936
-25.17
-24.594
-29.498
-20.825
-13.958
-21.482
-21.928
-20.034
-21.651
-20.468
-20.787
-25.738
-20.434
-20.422
-18.661
-22.231
-18.18
-18.806
-21.643
-16.38
-15.992
-17.913
-24.212
-22.634
-22.33
-26.204
-20.294
-20.107
-22.025
-20.661
-26.929
-19.321
-22.558
-20.228
-23.856
-25.274
-24.645
-21.21
-27.055
-21.09
-21.838
-23.627
-18.598
-22.251
-22.191
-19.205
-22.33
-21.66
-22.389
-25.143
-24.193
-14.571
-25.202
-19.668
-26.083
-25.262
-17.56
-19.899
-13.597
-24.429
-23.162
-20.964
-21.319
-15.121
-19.376
-23.959
-18.734
-27.104
-24.854
-22.287
-23.548
-24.91
-21.131
-21.935
-19.515
-20.197
-21.443
-22.006
-21.991
-25.478
-25.546
-19.903
-22.92
-18.58
-24.631
-23.779
-24.821
-21.066
-18.082
-22.231
-18.719
-23.598
-26.82
-27.4
-24.416
-20.497
-25.633
-24.984
-20.822
-23.122
-24.656
-24.792
-24.811
-19.618
-9.616
-24.619
-29.882
-22.321
-26.0
-28.19
-24.991
-24.351
-21.639
-22.287
-24.522
-23.946
-21.381
-25.575
-24.744
-25.577
-26.037
-21.434
-28.397
-28.161
-25.064
-23.834
-23.104
-30.235
-22.054
-25.989
-25.314
-24.9
-25.115
-27.326
-21.549
-23.388
-22.284
-22.131
-28.983
-21.954
-26.605
-21.977
-23.918
-23.312
-23.422
-29.313
-28.941
-27.125
-19.204
-24.028
-20.392
-27.805
-22.964
-21.41
-26.806
-26.028
-25.338
-28.58
-31.492
-24.574
-25.866
-22.253
-21.504
-26.583
-20.122
-23.556
-22.798
-24.885
-26.8
-22.966
-23.207
-20.592
-18.602
-19.965
-21.209
-26.454
-24.798
-26.233
-22.151
-21.222
-23.356
-28.545
-19.698
-23.315
-22.529
-22.026
-24.732
-25.5
-16.651
-22.693
-20.318
-24.012
-27.31
-26.119
-24.998
-21.064
-20.969
-21.389
-20.101
-22.169
-25.901
-24.877
-21.892
-21.013
-17.147
-23.426
-23.37
-21.195
-24.701
-24.457
-23.256
-24.066
-17.77
-22.752
-19.148
-19.697
-18.549
-22.148
-22.186
-18.499
-18.411
-18.453
-14.186
-16.084
-18.966
-20.204
-13.598
-22.161
-22.387
-17.879
-22.11
-24.09
-22.837
-25.071
-10.159
-18.104
-23.142
-17.512
-21.043
-21.222
-20.41
-18.981
-19.03
-22.658
-16.281
-19.39
-21.0
-19.838
-17.133
-18.377
-17.503
-20.493
-18.138
-21.787
-18.891
-21.526
-18.31
-16.334
-16.934
-16.198
-19.589
-20.301
-22.353
-18.89
-20.387
-19.271
-20.717
-22.326
-24.714
-18.775
-21.775
-21.104
-22.68
-19.822
-26.281
-26.27
-21.828
-26.725
-29.718
-28.25
-26.617
-25.778
-27.276
-14.908
-24.796
-24.576
-23.38
-24.453
-31.423
-25.58
-24.056
-24.229
-22.722
-24.797
-22.509
-25.379
