-1.044
-2.482
-1.848
-2.18
-0.842
-2.205
-1.975
-2.064
-2.515
-1.982
-2.347
-2.455
-1.481
-2.114
-2.447
-1.382
-1.735
-2.401
-2.341
-2.503
-2.854
-2.189
-2.843
-1.495
-2.641
-2.214
-2.485
-2.505
-2.564
-2.927
-2.336
-1.816
-2.182
-2.269
-2.34
-2.025
-2.698
-2.514
-2.047
-2.576
-1.429
-2.446
-2.439
-2.043
-2.116
-2.515
-0.857
-2.473
-2.192
-2.102
-1.814
-1.88
-1.891
-1.972
-1.947
-2.232
-2.176
-2.03
-1.403
-1.183
-2.077
-1.949
-1.393
-2.441
-1.961
-2.242
-1.941
-2.123
-2.103
-1.81
-2.213
-1.535
-2.086
-2.064
-2.167
-1.662
-2.55
-1.779
-1.532
-1.892
-1.593
-1.57
-1.786
-1.674
-2.233
-1.575
-1.865
-2.124
-2.186
-2.225
-1.876
-2.427
-1.993
-2.191
-2.418
-2.355
-1.797
-2.458
-2.41
-1.953
-2.055
-0.729
-2.316
-2.31
-2.058
-1.305
-2.46
-1.796
-2.213
-1.739
-1.781
-1.514
-2.553
-1.655
-1.743
-1.856
-1.459
-2.495
-2.666
-2.034
-2.274
-1.672
-1.465
-1.786
-1.305
-1.921
-2.29
-1.792
-1.771
-1.561
-1.597
-2.139
-2.003
-2.293
-2.542
-2.128
-2.518
-2.13
-1.73
-2.147
-1.982
-2.196
-2.53
-2.201
-2.059
-2.189
-2.012
-1.968
-1.629
-1.77
-2.153
-1.863
-2.346
-1.594
-1.974
-2.33
-1.728
-2.711
-2.098
-2.516
-1.673
-2.326
-2.298
-1.886
-1.629
-2.369
-1.897
-2.313
-2.031
-2.286
-1.753
-2.119
-2.208
-2.413
-2.655
-1.652
-2.433
-1.718
-1.885
-2.915
-3.043
-3.511
-2.368
-2.293
-2.174
-2.798
-2.31
-2.756
-1.765
-1.921
-1.74
-2.103
-2.809
-1.818
-1.521
-2.547
-2.357
-2.206
-2.062
-1.994
-2.725
-1.898
-1.696
-2.043
-2.579
-2.365
-2.357
-2.476
-1.975
-2.367
-2.727
-2.722
-2.414
-1.824
-1.735
-1.986
-2.312
-1.518
-2.238
-2.757
-2.082
-2.579
-2.557
-2.418
-2.22
-1.918
-2.431
-3.096
-1.781
-2.108
-2.807
-2.405
-1.99
-2.652
-2.861
-2.601
-2.411
-2.728
-2.56
-2.368
-2.637
-2.485
-2.948
-2.705
-2.467
-2.197
-2.822
-2.28
-2.457
-2.551
-2.261
-2.515
-2.233
-2.282
-2.477
-2.719
-2.147
-2.81
-2.679
-2.592
-2.407
-2.416
-2.282
-2.211
-2.538
-2.602
-2.466
-2.435
-1.719
-2.301
-2.742
-2.17
-1.957
-2.571
-2.041
-3.004
-1.466
-2.068
-2.502
-2.441
-2.686
-1.413
-2.36
-0.645
-1.608
-2.496
-2.156
-2.342
-2.393
-2.232
-2.41
-2.357
-1.993
-2.035
-2.271
-1.834
-2.177
-2.421
-2.454
-2.272
-2.475
-2.438
-2.275
-2.108
-2.403
-2.25
-2.537
-2.4
-2.309
-2.531
-2.969
-2.035
-2.009
-2.62
-2.301
-1.827
-2.374
-1.983
-1.944
-2.759
-2.633
-2.608
-3.314
-1.6
-2.555
-2.167
-2.438
-2.093
-1.852
-2.314
-2.654
-2.094
-2.224
-1.984
-2.546
-1.668
-2.584
-2.393
-2.348
-1.908
-2.062
-1.824
-2.111
-2.912
-2.245
-2.46
-2.385
-2.607
-2.457
-2.283
-2.346
-2.717
-3.134
-2.958
-2.457
-2.425
-2.004
-2.05
-2.379
-2.033
-2.273
-2.282
-2.347
-2.671
-2.672
-2.327
-2.57
-2.251
-2.529
-2.271
-2.373
-2.245
-1.976
-2.309
-2.631
-2.263
-2.413
-2.472
-2.682
-2.642
-2.008
-1.795
-2.465
-2.492
-2.369
-2.367
-2.45
-1.977
-2.839
-2.344
-1.138
-2.166
-2.791
-1.51
-1.85
-2.212
-2.655
-2.352
-2.856
-2.216
-2.619
-2.082
-1.242
-1.377
-2.288
-2.355
-1.894
-2.264
-2.08
-1.868
-1.827
-1.923
-2.458
-2.313
-2.116
-1.99
-2.716
-2.192
-1.556
-1.537
-2.365
-2.229
-2.036
-2.293
-1.922
-1.844
-2.492
-2.201
-2.073
-1.369
-2.05
-2.197
-1.533
-2.306
-2.206
-2.135
-2.364
-2.802
-1.852
-1.687
-1.847
-2.37
-2.617
-2.313
-1.892
-1.461
-2.522
-2.398
-2.051
-1.958
-2.382
-2.939
-2.316
-1.762
-2.588
-2.744
-2.462
-1.917
-2.077
-3.095
-2.705
-2.73
-2.379
-2.058
-2.943
-2.91
-2.343
-2.702
-2.326
-2.334
-1.359
-2.117
-2.54
-2.023
-2.796
-2.19
-2.307
-2.829
-2.347
-2.494
-2.847
-2.607
-2.697
-2.388
-3.143
-2.426
-2.493
-2.474
-2.132
-2.92
-2.397
-2.645
-2.84
-2.419
-2.526
-2.9
-2.05
-2.163
-2.27
-1.986
-2.021
