-0.217
-0.174
-0.148
-0.121
-0.196
-0.113
-0.164
-0.242
-0.162
-0.26
-0.227
-0.177
-0.261
-0.14
-0.118
-0.245
-0.221
-0.081
-0.182
-0.129
-0.132
-0.192
-0.081
-0.124
-0.127
-0.094
-0.145
-0.164
-0.187
-0.158
-0.227
-0.216
-0.307
-0.174
-0.235
-0.16
-0.248
-0.098
-0.229
-0.146
-0.188
-0.18
-0.115
-0.109
-0.141
-0.227
-0.04
-0.152
-0.233
-0.246
-0.262
-0.206
-0.256
-0.232
-0.353
-0.017
-0.148
-0.054
-0.108
-0.148
-0.347
-0.18
-0.283
-0.328
-0.387
-0.229
-0.3
-0.282
-0.3
-0.256
-0.375
-0.226
-0.255
-0.213
-0.233
-0.279
-0.215
-0.26
-0.21
-0.191
-0.232
-0.232
-0.221
-0.232
-0.196
-0.301
-0.13
-0.208
-0.254
-0.295
-0.281
-0.158
-0.113
-0.108
-0.214
-0.206
-0.171
-0.182
-0.354
-0.163
-0.176
-0.22
-0.23
-0.19
-0.269
-0.269
-0.178
-0.243
-0.241
-0.22
-0.194
-0.244
-0.197
-0.197
-0.196
-0.261
-0.179
-0.293
-0.418
-0.317
-0.267
-0.267
-0.229
-0.33
-0.22
-0.337
-0.351
-0.268
-0.325
-0.252
-0.183
-0.335
-0.256
-0.267
-0.25
-0.214
-0.365
-0.393
-0.194
-0.305
-0.296
-0.211
-0.121
-0.264
-0.273
-0.293
-0.179
-0.119
-0.129
-0.252
-0.182
-0.22
-0.173
-0.241
-0.248
-0.121
-0.179
-0.283
-0.26
-0.322
-0.205
-0.284
-0.238
-0.165
-0.261
-0.337
-0.183
-0.257
-0.269
-0.159
-0.306
-0.29
-0.268
-0.203
-0.136
-0.309
-0.291
-0.297
-0.199
-0.285
-0.297
-0.219
-0.226
-0.357
-0.29
-0.177
-0.211
-0.282
-0.25
-0.312
-0.37
-0.416
-0.344
-0.283
-0.288
-0.288
-0.278
-0.26
-0.304
-0.182
-0.321
-0.266
-0.252
-0.152
-0.16
-0.28
-0.164
-0.206
-0.23
-0.281
-0.178
-0.234
-0.245
-0.212
-0.22
-0.31
-0.236
-0.093
-0.212
-0.195
-0.16
-0.215
-0.225
-0.312
-0.151
-0.137
-0.264
-0.297
-0.271
-0.179
-0.258
-0.316
-0.274
-0.295
-0.165
-0.25
-0.252
-0.286
-0.437
-0.316
-0.196
-0.299
-0.398
-0.226
-0.212
-0.224
-0.193
-0.229
-0.243
-0.298
-0.383
-0.287
-0.316
-0.242
-0.256
-0.2
-0.243
-0.4
-0.325
-0.227
-0.369
-0.233
-0.287
-0.285
-0.228
-0.351
-0.262
-0.134
-0.239
-0.198
-0.314
-0.214
-0.374
-0.267
-0.133
-0.298
-0.231
-0.182
-0.341
-0.3
-0.394
-0.36
-0.219
-0.222
-0.229
-0.285
-0.319
-0.45
-0.297
-0.349
-0.281
-0.352
-0.281
-0.32
-0.321
-0.332
-0.275
-0.323
-0.315
-0.315
-0.277
-0.367
-0.284
-0.282
-0.336
-0.308
-0.246
-0.366
-0.355
-0.316
-0.424
-0.323
-0.236
-0.224
-0.345
-0.415
-0.403
-0.311
-0.268
-0.312
-0.38
-0.375
-0.311
-0.4
-0.458
-0.327
-0.23
-0.252
-0.313
-0.215
-0.425
-0.34
-0.453
-0.34
-0.231
-0.361
-0.299
-0.302
-0.281
-0.267
-0.302
-0.254
-0.275
-0.344
-0.426
-0.317
-0.311
-0.234
-0.269
-0.189
-0.198
-0.311
-0.261
-0.292
-0.262
-0.274
-0.326
-0.215
-0.331
-0.221
-0.282
-0.257
-0.193
-0.228
-0.331
-0.312
-0.31
-0.294
-0.259
-0.256
-0.266
-0.294
-0.194
-0.37
-0.22
-0.193
-0.141
-0.191
-0.29
-0.226
-0.347
-0.332
-0.311
-0.252
-0.194
-0.23
-0.289
-0.243
-0.172
-0.355
-0.228
-0.35
-0.229
-0.181
-0.225
-0.299
-0.138
-0.239
-0.171
-0.187
-0.238
-0.281
-0.266
-0.26
-0.164
-0.267
-0.327
-0.238
-0.338
-0.374
-0.233
-0.247
-0.151
-0.132
-0.212
-0.153
-0.195
-0.274
-0.208
-0.277
-0.193
-0.198
-0.304
-0.237
-0.233
-0.334
-0.164
-0.223
-0.209
-0.344
-0.319
-0.254
-0.26
-0.278
-0.319
-0.236
-0.212
-0.279
-0.273
-0.257
-0.309
-0.239
-0.181
-0.401
-0.117
-0.29
-0.212
-0.265
-0.226
-0.274
-0.341
-0.207
-0.278
-0.408
-0.407
-0.496
-0.288
-0.376
-0.305
-0.407
-0.322
-0.298
-0.376
-0.312
-0.306
-0.414
-0.337
-0.309
-0.309
-0.34
-0.441
-0.392
-0.334
-0.402
-0.343
-0.34
-0.298
-0.256
-0.269
-0.353
-0.294
-0.304
-0.234
-0.304
-0.302
-0.289
-0.378
-0.239
-0.242
-0.207
-0.138
-0.285
-0.469
-0.3
-0.318
-0.226
-0.311
-0.335
-0.318
-0.315
-0.321
