-238.145
-280.924
-285.225
-336.68
-347.93
-372.411
-304.733
-323.303
-370.287
-284.003
-285.436
-309.796
-285.234
-214.574
-270.284
-253.894
-271.854
-289.215
-322.208
-292.787
-267.715
-278.604
-292.035
-284.142
-281.08
-265.317
-290.723
-287.132
-248.156
-292.021
-276.713
-267.198
-328.612
-329.13
-325.73
-289.478
-294.384
-310.514
-297.513
-225.883
-32.262
-217.535
-290.86
-88.84
-100.531
26.583
-130.958
-275.871
-315.623
-167.151
-226.809
-243.283
-245.857
-327.336
-334.018
-278.259
-291.829
-309.53
-285.643
-67.947
-86.134
-148.523
-204.318
-134.548
-377.466
-351.618
-360.506
-360.848
-379.102
-283.76
-380.213
-374.696
-372.859
-360.644
-352.117
-332.435
-337.878
-424.701
-350.767
-367.163
-325.505
-342.431
-323.695
-312.873
-357.117
-312.007
-334.001
-316.616
-361.495
-348.303
-326.455
-350.235
-316.95
-332.917
-385.183
-362.081
-274.615
-382.767
-364.106
-345.608
-366.077
-343.946
-331.668
-295.368
-323.045
-322.945
-335.542
-320.579
-324.031
-284.593
-314.82
-340.012
-278.479
-296.144
-326.991
-300.149
-330.536
-330.414
-324.377
-303.727
-309.494
-313.587
-265.773
-280.011
-282.884
-331.692
-328.087
-278.975
-322.387
-290.521
-293.816
-307.765
-322.048
-334.119
-338.344
-322.344
-353.626
-311.574
-285.717
-380.154
-329.121
-312.696
-364.026
-334.0
-359.607
-360.384
-292.944
-307.829
-337.668
-377.732
-300.059
-393.058
-304.542
-324.7
-337.484
-341.743
-340.044
-384.139
-370.196
-363.168
-434.042
-459.539
-352.245
-369.473
-368.489
-406.122
-357.195
-407.312
-401.649
-317.218
-409.112
-385.75
-417.137
-395.183
-353.891
-429.684
-439.817
-457.943
-500.47
-510.566
-521.849
-476.113
-472.576
-503.962
-433.586
-423.641
-444.61
-509.898
-465.314
-482.094
-483.184
-499.351
-486.753
-465.602
-490.895
-442.592
-464.791
-401.253
-447.361
-428.592
-398.386
-146.121
-394.2
-369.853
-399.844
-408.763
-393.104
-347.016
-319.289
-306.213
-362.528
-454.373
-342.768
-407.127
-394.629
-414.367
-405.233
-345.162
-370.672
-402.071
-365.212
-373.742
-363.518
-354.62
-315.692
-344.986
-444.257
-402.917
-384.444
-379.43
-426.781
-387.686
-357.823
-368.534
-357.939
-371.021
-337.453
-389.714
-376.815
-362.478
-420.948
-357.743
-390.935
-368.556
-380.928
-413.79
-378.232
-398.154
-372.956
-381.49
-375.882
-356.608
-398.863
-317.35
-374.308
-349.054
-329.803
-353.415
-422.665
-383.03
-386.556
-370.548
-404.415
-371.12
-364.965
-439.364
-424.944
-404.377
-377.033
-376.109
-371.29
-386.772
-422.267
-425.125
-395.269
-432.671
-443.176
-417.789
-380.219
-403.372
-422.637
-360.214
-451.118
-396.8
-399.816
-376.673
-425.67
-424.385
-455.01
-418.492
-450.649
-440.078
-424.16
-423.509
-455.518
-462.368
-455.799
-436.525
-487.596
-421.182
-407.331
-441.824
-445.151
-424.445
-382.42
-431.854
-427.609
-478.756
-490.418
-439.297
-555.934
-579.206
-552.699
-572.763
-520.91
-496.353
-498.691
-514.517
-460.725
-489.538
-516.555
-461.524
-493.739
-394.463
-422.899
-459.423
-451.683
-486.258
-521.837
-471.982
-517.911
-505.508
-530.244
-508.789
-483.631
-467.673
-523.988
-498.41
-444.074
-453.825
-525.105
-494.401
-522.614
-500.517
-534.418
-548.087
-517.961
-517.431
-544.764
-446.289
-503.166
-539.371
-504.607
-456.057
-427.256
-442.41
-541.443
-512.693
-518.445
-467.05
-493.352
-471.042
-448.17
-447.315
-450.296
-455.059
-463.763
-422.697
-463.061
-471.4
-468.513
-453.611
-443.693
-463.618
-422.79
-443.701
-416.477
-446.641
-496.287
-466.74
-458.219
-412.145
-394.563
-439.4
-388.796
-328.275
-321.377
-348.044
-374.675
-395.099
-387.599
-402.814
-416.619
-367.627
-366.533
-399.851
-414.133
-305.343
-353.255
-344.905
-376.522
-407.803
-356.203
-415.413
-379.349
-373.012
-355.158
-385.212
-415.872
-348.103
-391.441
-378.454
-400.452
-339.728
-383.239
-391.244
-424.093
-391.281
-406.888
-434.268
-455.24
-322.077
-353.533
-322.912
-329.537
-396.302
-446.375
-359.834
-407.805
-343.744
-357.515
-334.748
-317.667
-329.353
-356.838
-368.2
-318.84
-329.158
-401.732
-115.592
-379.389
-135.14
-119.095
-327.693
-296.976
-302.582
-341.919
-156.923
-130.918
-252.466
-255.04
-324.148
-366.509
-391.514
-369.901
-371.455
-396.295
-462.993
-260.286
-372.37
-152.37
-391.743
-423.492
-307.614
-391.834
-354.363
-374.36
-363.982
-396.801
-377.533
-168.899
-424.703
-374.804
-359.318
-386.838
-341.53
-350.822
-358.577
-374.943
-243.867
-457.214
-480.129
-388.746
-291.963
-415.805
-464.547
-527.769
-220.106
-471.427
-413.931
-265.171
-418.036
-476.241
-474.943
-481.541
-487.329
-439.921
-488.466
-459.131
-415.444
-361.694
