-419.033
-452.178
-461.573
-497.543
-479.258
-522.039
-429.719
-478.333
-477.412
-463.127
-412.656
-475.71
-437.938
-431.207
-465.249
-468.897
-442.399
-451.172
-466.135
-432.917
-431.316
-422.021
-429.718
-453.24
-447.813
-448.92
-453.696
-454.288
-420.418
-442.884
-440.53
-398.535
-436.798
-474.977
-454.376
-418.957
-418.28
-442.352
-435.084
-411.582
-365.933
-371.906
-416.089
-442.092
-391.173
-375.604
-339.14
-431.699
-442.866
-390.397
-400.585
-383.159
-458.684
-498.689
-490.71
-457.537
-472.422
-478.742
-455.533
-462.771
-472.918
-503.991
-480.61
-463.736
-485.433
-468.81
-513.136
-521.004
-477.857
-475.817
-512.671
-523.684
-521.993
-525.195
-524.626
-513.791
-499.819
-530.536
-513.722
-515.894
-471.168
-490.525
-483.29
-449.408
-499.231
-473.331
-505.598
-484.89
-509.169
-510.934
-495.802
-499.818
-479.126
-490.493
-527.012
-483.88
-440.363
-478.427
-493.161
-467.414
-511.222
-463.347
-485.897
-484.674
-494.828
-452.521
-475.681
-426.402
-454.23
-423.188
-490.457
-492.803
-456.832
-444.081
-458.539
-456.637
-497.26
-475.369
-489.512
-469.292
-480.565
-467.082
-468.813
-426.428
-449.362
-465.737
-486.328
-449.966
-447.328
-443.502
-478.316
-480.769
-480.181
-481.941
-459.733
-512.723
-501.491
-464.696
-466.048
-532.156
-477.816
-474.511
-490.327
-451.296
-482.743
-477.514
-444.027
-471.46
-459.428
-517.446
-452.893
-526.99
-458.741
-482.908
-524.755
-487.535
-500.455
-519.689
-537.52
-473.85
-542.379
-563.762
-486.332
-519.56
-486.666
-535.684
-518.594
-538.906
-517.033
-462.085
-554.151
-506.529
-551.824
-537.46
-512.491
-561.065
-565.789
-587.97
-632.731
-584.257
-597.232
-551.672
-581.445
-537.875
-529.344
-512.093
-537.927
-518.756
-532.378
-535.77
-546.354
-570.413
-537.348
-538.628
-575.439
-518.678
-525.471
-489.499
-485.109
-523.377
-507.7
-482.983
-507.643
-497.564
-519.651
-534.216
-541.904
-457.494
-457.863
-473.256
-472.351
-566.814
-497.18
-502.61
-548.927
-517.071
-541.348
-480.914
-520.198
-544.446
-517.956
-521.995
-497.872
-505.019
-471.116
-533.726
-552.278
-543.456
-528.732
-528.364
-552.725
-521.748
-498.742
-550.145
-511.661
-516.05
-534.602
-508.001
-517.219
-510.225
-542.656
-525.125
-510.061
-528.645
-517.418
-537.22
-518.879
-522.501
-505.177
-540.015
-491.544
-492.619
-543.979
-465.983
-503.657
-521.125
-489.724
-523.344
-541.63
-488.706
-510.85
-528.114
-528.104
-526.164
-537.543
-533.966
-560.041
-533.106
-493.654
-476.883
-493.946
-508.866
-538.786
-555.554
-540.602
-554.734
-553.658
-552.044
-528.399
-543.218
-534.351
-502.049
-566.722
-520.25
-476.088
-523.737
-577.179
-540.898
-535.112
-528.716
-565.42
-524.82
-563.919
-520.789
-552.961
-546.356
-559.128
-547.146
-522.633
-537.084
-521.235
-510.126
-542.873
-540.451
-506.349
-514.725
-542.484
-602.478
-579.488
-550.94
-603.52
-603.665
-624.975
-613.534
-584.997
-602.512
-614.706
-566.238
-539.162
-549.062
-538.862
-553.238
-550.165
-547.999
-558.373
-603.948
-589.623
-602.932
-622.011
-562.424
-627.35
-580.072
-626.313
-635.96
-598.462
-582.814
-619.235
-620.297
-565.629
-570.082
-620.752
-596.32
-595.479
-622.285
-632.449
-641.532
-598.592
-573.994
-622.838
-604.666
-627.911
-668.188
-589.134
-563.534
-531.132
-564.944
-623.943
-574.195
-600.054
-566.915
-577.445
-627.782
-550.218
-579.783
-579.923
-539.06
-615.192
-526.084
-571.763
-556.433
-567.763
-599.981
-581.485
-548.282
-563.57
-591.595
-540.676
-539.87
-562.34
-587.101
-574.606
-532.016
-532.629
-555.842
-548.59
-471.007
-510.366
-489.127
-481.829
-505.52
-484.004
-515.424
-504.566
-498.731
-487.235
-493.906
-511.2
-466.078
-485.84
-513.772
-510.921
-506.556
-508.493
-523.651
-502.699
-516.51
-466.03
-511.823
-501.287
-509.108
-517.439
-531.922
-499.916
-479.196
-513.732
-527.475
-561.636
-561.73
-551.358
-599.219
-583.819
-484.495
-563.359
-492.693
-521.444
-534.046
-591.183
-537.755
-514.793
-506.775
-495.13
-483.812
-476.172
-482.25
-505.59
-495.849
-470.607
-478.404
-528.615
-481.16
-475.458
-513.442
-496.116
-498.679
-501.446
-491.707
-468.707
-504.31
-505.554
-514.684
-540.767
-477.61
-494.11
-542.182
-504.991
-537.239
-565.03
-564.561
-500.338
-516.236
-520.62
-513.128
-551.377
-508.695
-549.881
-536.891
-499.923
-526.948
-516.802
-518.948
-516.849
-534.908
-447.268
-512.692
-521.09
-498.002
-501.375
-520.734
-577.139
-562.027
-588.826
-612.364
-610.645
-555.695
-621.358
-582.852
-571.786
-559.769
-594.094
-566.958
-591.671
-540.627
-606.98
-561.904
-582.265
-599.449
-576.988
-595.766
-630.454
-511.011
-515.948
