-3.934
-6.373
-3.71
-4.254
-4.991
-6.426
-4.997
-5.956
-7.692
-6.611
-8.144
-5.658
-4.389
-7.109
-4.976
-6.006
-8.276
-6.828
-5.29
-6.778
-8.67
-8.528
-8.706
-6.752
-4.306
-7.101
-9.222
-7.792
-6.331
-6.185
-7.762
-7.355
-9.147
-6.199
-5.191
-4.582
-2.548
-3.834
-0.36
-3.532
-0.492
-0.764
-1.244
0.784
-1.654
-0.695
-0.738
-3.682
-2.864
-4.67
-3.446
-4.875
-3.024
-5.671
-6.413
-4.952
-6.731
-5.773
-5.228
-6.738
-5.451
-4.138
-6.242
-5.302
-6.764
-5.376
-4.259
-4.61
-1.972
-4.348
-5.864
-5.07
-4.927
-6.198
-3.515
-4.243
-4.617
-5.814
-5.193
-6.651
-8.537
-4.428
-6.551
-7.738
-4.973
-6.465
-5.309
-5.372
-3.786
-6.945
-3.863
-3.89
-4.637
-5.158
-3.761
-3.727
-7.441
-6.78
-4.9
-5.804
-5.211
-4.842
-3.799
-2.11
-2.211
-3.018
-3.609
-3.046
-6.661
-2.408
-2.311
-2.903
-3.506
-0.809
-3.691
-3.383
-5.419
-3.864
-5.081
-4.089
-2.667
-5.138
-4.977
-3.642
-2.928
0.674
-2.083
-6.151
-5.349
-3.894
-5.232
-5.073
-3.619
-6.187
-5.42
-3.788
-5.085
-3.299
-3.902
-5.224
-4.672
-2.201
-5.089
-4.258
-3.992
-5.548
-1.823
-3.74
-5.7
-3.529
-3.609
-5.058
-3.383
-3.695
-2.364
-4.455
-6.475
-5.121
-4.884
-8.765
-7.362
-5.253
-5.159
-4.85
-4.999
-4.743
-4.816
-2.137
-3.909
-5.391
-5.871
-2.484
-3.549
-4.069
-4.407
-4.299
-3.849
-2.384
-4.019
-4.029
-4.063
-3.786
-4.583
-5.772
-5.588
-7.524
-5.215
-8.983
-6.587
-2.431
-4.026
-2.565
-5.407
-3.794
-5.366
-4.202
-6.999
-5.061
-5.463
-6.591
-5.174
-4.176
-2.36
-2.341
-4.31
-0.194
-1.412
-5.664
-5.3
-4.278
-5.146
-3.011
-5.822
-5.984
-6.949
-4.534
-3.761
-4.312
-4.54
-6.021
-3.989
-6.056
-4.382
-6.521
-6.403
-7.775
-4.783
-6.767
-4.029
-5.442
-2.873
-6.163
-3.224
-4.173
-5.717
-4.118
-5.522
-5.656
-2.532
-5.559
-5.989
-4.209
-6.016
-3.427
-4.528
-5.783
-4.883
-5.927
-6.158
-3.78
-3.718
-5.917
-4.683
-5.149
-6.515
-3.224
-2.912
-4.389
-3.102
-1.958
-3.964
-4.815
-7.777
-5.776
-6.303
-2.923
-6.846
-5.027
-4.884
-5.922
-6.771
-8.327
-5.718
-5.597
-6.13
-3.947
-4.626
-7.641
-7.665
-9.101
-6.282
-5.818
-4.322
-7.223
-6.939
-8.301
-4.774
-6.018
-5.364
-4.507
-7.095
-8.177
-5.134
-5.622
-6.375
-8.882
-9.001
-5.502
-4.779
-6.911
-5.598
-7.407
-7.393
-6.098
-9.062
-7.329
-7.261
-9.087
-5.867
-8.073
-6.8
-7.83
-8.694
-9.24
-7.575
-7.627
-9.825
-11.616
-6.862
-9.355
-8.852
-6.402
-6.745
-7.608
-7.209
-7.394
-7.045
-9.287
-8.437
-9.017
-8.095
-8.603
-7.339
-6.203
-6.775
-8.359
-7.368
-6.647
-7.892
-8.887
-5.401
-6.221
-8.909
-8.628
-6.273
-8.068
-6.085
-4.068
-6.939
-6.186
-3.916
-3.829
-5.458
-5.857
-5.985
-5.075
-4.409
-3.687
-7.048
-4.567
-5.841
-3.664
-4.237
-2.489
-5.186
-2.313
-5.924
-7.332
-5.388
-6.066
-7.187
-4.863
-6.79
-7.643
-4.033
-8.219
-7.572
-8.71
-7.132
-3.588
-8.421
-8.199
-6.532
-6.47
-6.453
-6.366
-4.397
-6.079
-3.648
-5.169
-4.099
-6.295
-1.632
-6.654
-3.979
-3.353
-5.406
-0.963
-4.251
-2.069
-4.187
-4.701
-6.491
-3.096
-0.41
-3.39
-0.303
-1.357
-3.422
-4.847
-3.498
-3.069
-4.137
-5.525
-5.674
-6.791
-4.374
-1.085
-1.923
-4.7
-4.801
-0.603
-4.609
-1.783
-6.403
-3.185
-2.581
-1.136
-6.654
-5.205
-3.776
-3.095
-4.995
-6.33
-3.192
-6.32
-7.281
-5.377
-5.25
-6.012
-1.839
-3.109
-3.198
-2.273
-3.303
-6.24
-1.599
-2.331
-4.716
-2.931
-2.223
-6.457
-3.943
-6.083
-1.123
-4.729
-4.484
-6.252
-0.314
-6.432
-5.356
-5.227
-7.047
-7.001
-5.096
-3.642
-1.323
-2.216
-1.802
-4.977
-1.238
-1.343
-2.757
-1.355
-3.608
-0.885
-1.921
0.134
-4.018
-5.428
-6.41
-4.18
-1.727
-2.135
-6.604
-2.36
-0.299
-3.531
-3.005
-2.688
-4.903
-0.123
-3.879
-2.995
-0.513
-1.767
-1.01
-1.742
1.667
-0.512
-1.098
