-1.901
-1.81
-2.023
-1.555
-1.729
-1.972
-2.233
-1.87
-2.021
-2.559
-2.409
-2.347
-1.461
-1.669
-1.978
-2.4
-2.459
-2.351
-1.612
-1.869
-3.003
-1.709
-1.858
-1.971
-2.88
-2.386
-2.365
-1.794
-2.602
-2.199
-2.35
-2.097
-2.052
-2.356
-2.048
-1.502
-1.491
-1.669
-2.004
-2.099
-0.829
-1.598
-2.051
-1.348
-1.955
-1.913
-0.756
-1.427
-1.687
-1.964
-2.253
-1.633
-1.664
-2.198
-1.777
-1.816
-2.112
-2.02
-2.106
-1.58
-1.921
-2.635
-1.953
-2.328
-2.418
-1.369
-2.437
-2.758
-2.391
-1.372
-1.921
-2.131
-1.903
-1.795
-2.326
-2.384
-2.657
-2.307
-2.216
-2.483
-2.51
-2.347
-2.422
-2.328
-2.445
-2.168
-2.535
-1.876
-0.934
-2.369
-1.812
-1.575
-2.47
-1.86
-1.442
-1.259
-2.13
-1.418
-2.389
-1.83
-1.543
-2.222
-2.292
-2.15
-1.987
-1.897
-2.312
-1.793
-1.942
-2.217
-2.149
-1.434
-1.805
-2.241
-2.182
-2.417
-1.834
-1.538
-1.327
-1.496
-1.997
-1.757
-2.027
-2.009
-1.772
-1.498
-1.794
-2.191
-2.061
-1.987
-2.283
-2.044
-2.326
-2.092
-1.729
-1.435
-1.379
-1.466
-1.919
-0.952
-2.136
-1.579
-1.782
-2.15
-2.536
-1.641
-1.737
-1.699
-1.226
-1.723
-2.407
-1.804
-1.986
-1.887
-1.986
-2.032
-1.037
-1.8
-2.522
-2.15
-2.269
-2.233
-1.339
-1.512
-1.804
-2.305
-1.446
-1.572
-1.557
-1.81
-2.31
-1.102
-1.909
-1.556
-1.67
-1.402
-2.336
-2.385
-1.526
-2.488
-2.348
-1.775
-2.419
-1.825
-2.023
-1.826
-2.165
-2.634
-2.05
-1.986
-1.999
-1.957
-1.67
-1.506
-2.187
-2.605
-1.899
-2.078
-1.338
-1.213
-2.144
-1.619
-2.658
-1.847
-2.145
-1.575
-1.565
-1.898
-2.015
-2.126
-2.639
-2.175
-1.984
-2.048
-2.076
-2.239
-1.558
-1.755
-2.323
-1.762
-1.58
-2.051
-2.39
-2.134
-1.491
-2.262
-2.016
-1.925
-1.38
-2.416
-1.721
-1.95
-2.204
-2.126
-1.467
-2.265
-2.616
-1.755
-2.136
-1.963
-2.17
-2.251
-2.274
-1.667
-1.3
-1.935
-1.467
-2.263
-2.338
-2.05
-2.033
-2.03
-2.107
-2.002
-1.601
-1.88
-1.798
-1.931
-2.643
-1.101
-2.117
-1.784
-2.085
-1.891
-1.887
-2.44
-2.229
-2.053
-1.728
-2.041
-2.166
-1.863
-2.464
-2.271
-2.148
-2.025
-2.306
-2.282
-1.74
-2.084
-0.984
-2.522
-2.097
-2.309
-2.079
-2.177
-2.223
-2.05
-2.229
-2.058
-1.78
-1.71
-2.505
-1.957
-1.685
-2.085
-2.229
-2.313
-2.402
-2.138
-1.807
-1.989
-1.815
-2.107
-2.307
-2.022
-1.791
-1.706
-1.989
-1.989
-2.121
-2.32
-2.474
-2.138
-2.463
-2.21
-2.39
-1.558
-2.566
-2.116
-2.146
-2.32
-2.045
-2.752
-2.338
-1.165
-1.624
-2.057
-1.809
-2.156
-1.914
-1.788
-2.564
-1.231
-1.961
-2.478
-1.68
-1.834
-1.849
-1.794
-2.013
-1.773
-1.683
-1.73
-1.457
-1.758
-1.555
-2.032
-1.433
-1.383
-2.365
-1.84
-1.258
-2.084
-2.081
-1.806
-2.093
-1.634
-1.979
-1.971
-1.88
-1.832
-2.218
-1.97
-2.294
-1.511
-2.266
-2.069
-2.162
-2.077
-2.339
-1.718
-2.274
-1.845
-1.821
-2.094
-2.542
-1.707
-1.708
-2.134
-1.099
-2.233
-1.871
-2.377
-1.923
-1.76
-2.059
-2.269
-1.995
-1.422
-2.184
-1.849
-1.985
-2.424
-2.344
-1.704
-1.859
-1.706
-1.799
-1.464
-1.943
-2.218
-2.065
-2.383
-1.658
-1.957
-2.416
-1.688
-2.174
-1.677
-2.521
-2.431
-1.704
-2.128
-2.074
-2.039
-1.881
-1.809
-1.81
-2.043
-1.817
-2.131
-2.019
-1.606
-1.506
-2.04
-1.676
-1.838
-2.37
-2.362
-2.217
-1.448
-2.609
-2.316
-1.674
-2.134
-2.194
-2.185
-2.367
-1.976
-2.14
-1.75
-2.292
-1.744
-1.628
-1.864
-2.125
-2.206
-2.192
-2.171
-1.751
-1.171
-1.81
-1.963
-2.052
-1.51
-1.644
-1.901
-2.043
-1.694
-2.093
-1.856
-2.003
-1.612
-1.28
-2.022
-2.116
-1.671
-1.858
-1.553
-2.106
-2.024
-2.103
-1.737
-1.794
-1.791
-1.896
-1.386
-2.019
-1.68
-1.798
-1.969
-1.377
-1.6
-1.329
-1.239
-1.817
-1.879
-2.083
-1.731
-2.371
-1.709
-2.137
-1.906
-1.439
-1.362
-2.342
-1.232
-2.178
-1.81
-1.541
