-21.831
-18.978
-13.002
-16.947
-16.614
-8.706
-12.659
-16.632
-13.053
-11.092
-15.607
-17.224
-20.55
-13.531
-10.826
-18.064
-13.104
-13.117
-8.382
-13.177
-13.855
-19.704
-14.867
-18.861
-12.298
-21.982
-17.548
-7.651
-24.258
2.795
3.39
-15.097
-15.709
-17.388
-16.782
-9.92
-12.638
-13.7
-19.343
-12.648
-12.91
-14.647
-18.667
-10.738
-12.768
-14.902
-11.949
-12.91
-16.237
-20.589
-15.053
-17.531
-13.898
-13.922
-15.944
-14.896
-16.098
-18.655
-18.355
-16.2
-17.594
-17.288
-15.73
-17.0
-17.132
-14.698
-17.89
-15.765
-17.82
-19.132
-17.156
-14.736
-18.843
-13.942
-17.786
-19.394
-19.097
-16.677
-17.519
-20.09
-15.752
-19.306
-18.139
-21.76
-19.711
-21.232
-18.253
-14.747
-12.699
-17.788
-18.573
-17.324
-18.553
-15.358
-16.395
-14.033
-12.8
-11.497
-16.452
-19.13
-12.611
-16.346
-19.785
-12.518
-17.654
-19.459
-14.189
-18.24
-13.529
-17.773
-14.18
-12.085
-16.234
-14.655
-18.097
-18.488
-13.335
-12.228
-17.062
-16.576
-18.091
-13.03
-19.024
-14.178
-14.664
-14.111
-17.012
-16.875
-22.814
-13.611
-13.708
-17.035
-21.746
-16.905
-18.04
-11.606
-13.135
-17.272
-13.13
-15.925
-19.316
-13.774
-16.643
-21.433
-16.312
-11.95
-13.876
-16.275
-14.817
-15.543
-10.315
-16.622
-9.985
-15.203
-19.094
-12.051
-16.115
-13.249
-17.902
-19.886
-13.108
-16.987
-16.718
-17.379
-20.758
-15.646
-17.906
-16.904
-16.945
-17.651
-16.171
-11.789
-16.488
-14.725
-18.655
-11.998
-12.148
-17.01
-17.285
-13.025
-20.771
-19.683
-18.806
-14.584
-14.134
-14.338
-18.807
-16.442
-15.109
-15.535
-15.421
-18.288
-14.355
-18.502
-20.818
-20.269
-22.33
-19.068
-16.061
-16.456
-15.995
-15.152
-19.264
-21.088
-16.354
-19.895
-16.455
-16.39
-23.281
-18.564
-21.398
-16.501
-14.573
-16.425
-13.239
-17.984
-17.385
-16.819
-15.522
-16.233
-15.821
-15.288
-13.826
-19.024
-8.217
-17.502
-19.152
-15.031
-13.059
-14.008
-8.385
-12.981
-15.705
-18.692
-11.006
-14.377
-17.119
-13.187
-11.662
-13.562
-16.698
-14.63
-16.021
-12.611
-16.343
-15.138
-16.674
-15.142
-11.167
-16.438
-17.647
-13.569
-20.016
-18.183
-15.834
-13.743
-17.744
-14.795
-18.469
-11.453
-17.339
-17.965
-16.248
-13.835
-14.528
-18.183
-11.748
-17.534
-17.58
-15.215
-15.286
-19.529
-17.871
-15.005
-13.889
-11.999
-13.478
-17.068
-12.137
-19.18
-17.808
-17.137
-16.92
-13.885
-13.431
-14.348
-14.877
-17.768
-11.577
-14.777
-16.402
-18.111
-10.424
-17.741
-16.475
-13.63
-14.692
-15.498
-15.855
-18.099
-7.366
-8.964
-15.467
-8.342
-13.082
-16.774
-5.238
-14.891
-16.227
-19.703
-18.757
-15.598
-18.02
-16.229
-14.386
-10.4
-14.2
-15.297
-19.535
-13.114
-9.498
-17.574
-10.678
-14.166
-11.924
-19.003
-12.618
-11.617
-10.445
-11.439
-16.514
-15.478
-17.473
-18.056
-19.58
-11.377
-16.543
-14.881
-9.94
-17.431
-17.146
-17.27
-9.773
-15.276
-7.297
-15.884
-14.855
-15.194
-10.371
-11.856
-11.266
-11.047
-16.05
-9.272
-15.693
-16.488
-12.721
-19.183
-16.955
-20.034
-14.483
-18.315
-16.462
-14.83
-8.595
-17.561
-20.622
-13.652
-21.222
-17.376
-18.238
-18.651
-12.584
-18.04
-20.894
-17.048
-19.342
-20.269
-17.413
-21.46
-12.876
-13.858
-18.115
-9.646
-15.477
-17.052
-19.957
-15.754
-20.551
-15.795
-13.486
-21.808
-13.528
-11.312
-16.071
-15.43
-16.07
-18.318
-17.537
-15.046
-19.186
-16.008
-16.09
-13.893
-11.777
-18.265
-18.859
-9.246
-16.537
-16.377
-20.141
-16.953
-16.454
-16.868
-14.752
-15.054
-10.066
-17.006
-17.733
-14.901
-13.04
-15.289
-11.94
-13.888
-18.675
-17.749
-18.15
-15.681
-17.529
-9.868
-11.301
-13.786
-13.18
-17.317
-16.47
-14.305
-10.018
-16.763
-15.116
-18.648
-17.943
-15.903
-12.457
-16.425
-15.435
-16.125
-13.739
-17.963
-13.773
-13.849
-16.8
-12.47
-10.645
-18.47
-17.006
-17.76
-10.535
-15.02
-10.219
-14.532
-18.359
-16.33
-15.698
-15.77
-17.48
-15.28
-14.902
-19.023
-13.818
-17.077
-14.175
-15.807
-10.591
-13.956
-14.366
-9.518
-17.598
-14.615
-16.712
-15.69
-17.892
-16.685
-11.511
-11.133
-13.305
-16.972
-11.959
-13.757
-18.244
-11.308
-19.767
-13.71
-14.148
-17.805
-19.361
-14.256
-20.588
-14.716
-13.631
-12.834
-13.627
