-64.11
-61.45
-59.47
-58.5
-61.79
-60.09
-57.53
-60.42
-65.45
-74.34
-67.6
-64.25
-61.43
-54.49
-60.09
-60.48
-58.08
-62.54
-62.48
-61.66
-66.31
-56.89
-55.72
-74.03
-69.45
-69.43
-79.69
-76.52
-65.98
-75.62
-73.26
-62.91
-59.59
-69.15
-72.43
-65.28
-47.31
-53.61
-54.74
-53.6
-46.62
-57.44
-60.43
-53.37
-58.3
-57.96
-54.63
-53.18
-56.28
-51.48
-53.07
-56.87
-55.06
-56.97
-64.5
-48.35
-56.3
-62.54
-65.56
-57.77
-62.15
-69.83
-64.47
-65.81
-67.03
-69.04
-66.8
-70.3
-69.75
-65.79
-60.04
-61.59
-66.66
-59.46
-67.47
-69.84
-66.03
-67.34
-65.5
-64.46
-65.93
-67.68
-68.72
-75.45
-76.93
-72.8
-68.81
-65.39
-64.55
-75.11
-65.91
-57.09
-69.27
-66.21
-52.76
-43.16
-47.16
-62.48
-60.62
-63.86
-53.23
-58.82
-60.68
-67.35
-53.98
-59.77
-60.48
-68.06
-55.24
-71.93
-57.57
-60.22
-55.3
-61.99
-57.52
-57.27
-60.52
-60.47
-61.43
-56.55
-57.21
-59.1
-67.48
-52.01
-55.72
-54.97
-56.88
-51.51
-67.2
-59.4
-62.92
-68.89
-66.74
-59.81
-50.64
-48.48
-50.87
-60.43
-53.25
-58.77
-57.87
-58.46
-58.46
-63.51
-61.84
-65.39
-56.41
-55.83
-62.33
-59.39
-57.76
-53.92
-55.59
-52.99
-57.59
-54.42
-48.74
-52.43
-52.98
-64.11
-55.2
-72.15
-70.77
-67.84
-56.05
-67.13
-64.6
-65.71
-62.66
-60.53
-63.14
-57.63
-67.25
-61.16
-58.0
-59.82
-65.42
-59.02
-57.95
-59.97
-66.13
-74.02
-68.74
-67.73
-63.67
-63.25
-67.72
-70.52
-57.19
-55.62
-64.66
-69.26
-61.4
-67.89
-68.3
-69.48
-60.72
-63.43
-65.68
-62.23
-59.91
-67.49
-77.77
-60.53
-76.77
-77.62
-65.76
-63.33
-71.94
-76.4
-78.83
-75.84
-73.05
-75.1
-67.01
-68.96
-72.14
-63.43
-54.91
-69.02
-61.88
-71.91
-69.53
-67.75
-63.95
-61.47
-65.85
-53.34
-60.84
-58.68
-62.11
-62.58
-51.17
-62.81
-59.74
-63.62
-65.79
-63.97
-65.24
-70.87
-68.31
-71.86
-71.88
-66.76
-61.14
-56.41
-64.84
-66.13
-65.61
-58.1
-60.85
-62.89
-69.47
-59.86
-68.02
-56.42
-61.02
-59.47
-60.11
-55.28
-67.32
-64.22
-64.63
-58.27
-65.78
-73.22
-60.76
-62.82
-73.25
-70.98
-77.47
-76.41
-71.21
-63.92
-63.53
-74.31
-67.88
-72.01
-71.85
-76.09
-69.81
-64.32
-65.92
-64.47
-62.35
-69.54
-67.37
-71.48
-68.94
-77.63
-68.16
-62.88
-55.27
-62.13
-63.69
-68.98
-63.6
-59.46
-70.98
-68.5
-69.15
-68.68
-64.82
-61.0
-71.29
-65.12
-68.49
-70.98
-74.33
-70.44
-71.09
-82.75
-86.12
-74.8
-77.92
-68.76
-77.77
-75.84
-76.68
-67.38
-62.9
-65.96
-63.9
-67.25
-78.48
-70.34
-67.59
-74.45
-78.79
-65.86
-71.35
-66.16
-77.89
-76.5
-73.34
-69.15
-71.16
-65.32
-63.87
-71.74
-76.72
-74.39
-65.07
-69.42
-69.34
-70.44
-63.7
-63.62
-61.05
-62.85
-56.13
-55.92
-51.78
-54.34
-73.34
-73.97
-72.51
-70.36
-63.91
-72.74
-67.45
-65.7
-61.18
-65.5
-68.34
-62.96
-59.34
-58.13
-64.03
-64.28
-69.11
-68.57
-69.3
-65.93
-67.17
-69.34
-73.82
-64.07
-69.39
-65.27
-62.74
-68.44
-67.88
-65.86
-67.7
-73.2
-68.87
-68.81
-55.9
-63.66
-73.14
-70.8
-73.55
-70.23
-66.64
-68.47
-68.21
-61.86
-59.27
-50.15
-48.7
-59.29
-64.57
-70.81
-68.86
-74.18
-78.44
-58.29
-67.63
-66.77
-77.17
-69.76
-66.9
-61.78
-45.23
-70.26
-65.58
-65.68
-68.94
-69.75
-69.12
-71.65
-68.4
-52.59
-55.42
-56.55
-77.26
-50.61
-61.92
-74.33
-83.74
-77.24
-58.56
-78.8
-67.55
-67.51
-69.03
-71.94
-74.79
-76.06
-82.26
-55.96
-72.06
-68.81
-60.12
-59.89
-63.18
-76.95
-58.0
-67.16
-54.61
-68.35
-68.3
-77.62
-70.81
-62.91
-65.93
-68.85
-69.64
-56.8
-73.71
-66.12
-65.36
-66.74
-63.08
-64.27
-70.07
-74.33
-70.73
-60.18
-66.17
-72.24
-67.05
-67.85
-69.97
-66.29
-66.99
-59.26
-69.67
-62.92
-63.76
-66.33
-54.87
-57.14
-49.86
-68.27
-62.16
-63.76
-64.9
-58.23
-61.94
-60.78
-64.9
-62.16
-60.31
-57.58
-71.88
-57.86
-63.26
-61.29
-57.56
