-0.257
-0.178
-0.163
-0.128
-0.132
-0.202
-0.231
-0.206
-0.155
-0.248
-0.145
-0.201
-0.21
-0.109
-0.225
-0.246
-0.184
-0.24
-0.313
-0.225
-0.302
-0.286
-0.273
-0.288
-0.291
-0.258
-0.316
-0.335
-0.389
-0.342
-0.337
-0.141
-0.253
-0.326
-0.253
-0.234
-0.245
-0.215
-0.221
-0.191
-0.106
-0.195
-0.273
-0.349
-0.311
-0.355
-0.101
-0.244
-0.206
-0.274
-0.161
-0.228
-0.325
-0.132
-0.356
-0.213
-0.322
-0.262
-0.217
-0.27
-0.297
-0.334
-0.287
-0.399
-0.321
-0.373
-0.319
-0.291
-0.362
-0.34
-0.31
-0.317
-0.149
-0.136
-0.237
-0.307
-0.222
-0.218
-0.158
-0.247
-0.304
-0.258
-0.336
-0.243
-0.252
-0.23
-0.248
-0.204
-0.272
-0.219
-0.221
-0.148
-0.246
-0.341
-0.375
-0.286
-0.304
-0.242
-0.264
-0.212
-0.267
-0.329
-0.288
-0.269
-0.258
-0.421
-0.414
-0.336
-0.204
-0.29
-0.189
-0.348
-0.316
-0.301
-0.252
-0.291
-0.209
-0.209
-0.293
-0.365
-0.278
-0.255
-0.219
-0.247
-0.272
-0.275
-0.31
-0.369
-0.278
-0.349
-0.182
-0.191
-0.253
-0.314
-0.404
-0.351
-0.314
-0.339
-0.308
-0.333
-0.336
-0.332
-0.306
-0.201
-0.347
-0.366
-0.351
-0.209
-0.299
-0.326
-0.37
-0.314
-0.341
-0.333
-0.29
-0.319
-0.312
-0.274
-0.341
-0.26
-0.292
-0.421
-0.354
-0.357
-0.255
-0.341
-0.35
-0.309
-0.387
-0.319
-0.351
-0.297
-0.388
-0.316
-0.307
-0.274
-0.312
-0.34
-0.403
-0.298
-0.364
-0.333
-0.404
-0.361
-0.406
-0.419
-0.329
-0.284
-0.28
-0.218
-0.344
-0.294
-0.379
-0.299
-0.267
-0.333
-0.339
-0.294
-0.44
-0.253
-0.273
-0.381
-0.408
-0.269
-0.404
-0.386
-0.444
-0.273
-0.397
-0.372
-0.292
-0.278
-0.283
-0.367
-0.345
-0.342
-0.346
-0.255
-0.261
-0.306
-0.247
-0.281
-0.334
-0.325
-0.36
-0.316
-0.292
-0.329
-0.296
-0.289
-0.286
-0.273
-0.302
-0.319
-0.29
-0.258
-0.17
-0.257
-0.364
-0.305
-0.295
-0.419
-0.353
-0.284
-0.188
-0.277
-0.173
-0.259
-0.241
-0.22
-0.176
-0.271
-0.247
-0.187
-0.258
-0.273
-0.185
-0.276
-0.342
-0.345
-0.326
-0.291
-0.412
-0.383
-0.237
-0.328
-0.305
-0.26
-0.251
-0.295
-0.351
-0.372
-0.225
-0.266
-0.214
-0.324
-0.34
-0.337
-0.342
-0.307
-0.309
-0.248
-0.401
-0.304
-0.287
-0.434
-0.296
-0.286
-0.281
-0.448
-0.409
-0.253
-0.281
-0.357
-0.295
-0.243
-0.253
-0.301
-0.216
-0.332
-0.326
-0.279
-0.191
-0.47
-0.377
-0.443
-0.33
-0.412
-0.372
-0.458
-0.32
-0.336
-0.307
-0.405
-0.406
-0.429
-0.316
-0.322
-0.361
-0.368
-0.25
-0.252
-0.309
-0.313
-0.429
-0.423
-0.318
-0.233
-0.282
-0.257
-0.28
-0.273
-0.286
-0.208
-0.342
-0.272
-0.248
-0.222
-0.36
-0.363
-0.381
-0.334
-0.265
-0.281
-0.233
-0.307
-0.174
-0.197
-0.267
-0.223
-0.225
-0.271
-0.244
-0.162
-0.235
-0.183
-0.195
-0.23
-0.232
-0.265
-0.285
-0.231
-0.256
-0.198
-0.273
-0.178
-0.216
-0.148
-0.227
-0.229
-0.193
-0.268
-0.238
-0.305
-0.324
-0.168
-0.265
-0.341
-0.272
-0.116
-0.272
-0.157
-0.151
-0.197
-0.2
-0.27
-0.248
-0.225
-0.183
-0.169
-0.287
-0.246
-0.307
-0.219
-0.314
-0.184
-0.183
-0.164
-0.199
-0.273
-0.295
-0.265
-0.267
-0.36
-0.267
-0.242
-0.316
-0.242
-0.215
-0.268
-0.418
-0.297
-0.243
-0.253
-0.241
-0.228
-0.245
-0.267
-0.312
-0.349
-0.342
-0.318
-0.246
-0.233
-0.261
-0.281
-0.282
-0.332
-0.382
-0.211
-0.306
-0.339
-0.239
-0.342
-0.25
-0.281
-0.309
-0.236
-0.33
-0.347
-0.52
-0.284
-0.298
-0.295
-0.251
-0.315
-0.339
-0.366
-0.508
-0.317
-0.284
-0.259
-0.319
-0.321
-0.332
-0.314
-0.303
-0.256
-0.253
-0.303
-0.347
-0.257
-0.402
-0.334
-0.32
-0.262
-0.32
-0.388
-0.361
-0.315
-0.384
-0.332
-0.337
-0.243
-0.324
-0.376
-0.363
-0.352
-0.302
-0.262
-0.34
-0.34
-0.251
-0.321
-0.329
-0.279
-0.263
-0.23
-0.269
-0.209
-0.165
-0.245
-0.21
-0.265
-0.278
-0.239
-0.351
-0.136
-0.276
-0.147
-0.334
