-222.615
-256.117
-211.56
-204.95
-259.999
-246.595
-240.952
-312.896
-295.429
-318.314
-404.108
-304.463
-370.965
-271.429
-300.247
-306.237
-249.203
-297.556
-299.434
-346.076
-309.14
-260.111
-339.039
-378.505
-366.508
-353.114
-395.763
-423.944
-378.519
-346.821
-308.534
-263.18
-283.88
-386.751
-352.059
-366.283
-242.901
-224.911
-247.168
-229.552
-208.32
-300.239
-271.434
-295.564
-290.512
-261.582
-279.797
-240.955
-273.091
-218.212
-325.374
-316.887
-319.02
-313.282
-435.086
-337.902
-404.148
-363.754
-363.041
-316.637
-421.136
-417.696
-376.855
-413.088
-368.949
-398.877
-403.139
-398.363
-357.053
-416.105
-364.47
-343.358
-388.143
-354.66
-338.362
-371.12
-399.981
-393.429
-379.029
-427.452
-415.704
-463.804
-446.841
-485.822
-447.183
-433.015
-412.407
-408.353
-407.575
-427.711
-413.944
-365.65
-401.597
-378.784
-324.778
-350.426
-336.951
-337.119
-347.913
-371.637
-331.61
-325.111
-349.952
-348.105
-326.881
-371.257
-417.575
-377.879
-410.035
-409.801
-377.876
-409.143
-380.743
-417.45
-368.187
-383.569
-370.672
-358.006
-365.618
-426.963
-314.927
-384.913
-454.727
-324.982
-339.036
-330.496
-306.064
-376.85
-407.948
-400.474
-430.78
-429.247
-435.236
-459.974
-375.645
-335.76
-340.975
-367.409
-375.074
-406.81
-476.587
-405.656
-385.05
-439.744
-495.458
-379.802
-340.884
-407.802
-397.891
-393.952
-363.428
-365.283
-330.61
-330.446
-341.16
-379.192
-358.886
-259.907
-300.954
-356.878
-390.88
-451.889
-479.583
-437.329
-370.229
-416.133
-477.232
-439.999
-434.864
-433.376
-383.773
-368.21
-426.546
-412.115
-367.059
-364.715
-382.322
-384.743
-393.799
-409.113
-382.141
-495.821
-473.905
-447.127
-469.292
-445.324
-408.683
-437.186
-398.415
-346.871
-434.406
-463.023
-426.428
-460.547
-483.014
-492.527
-441.032
-456.566
-451.292
-413.895
-422.026
-411.7
-445.204
-457.59
-536.459
-486.612
-466.606
-511.111
-511.472
-554.526
-550.61
-572.715
-470.912
-477.978
-451.873
-462.256
-474.325
-420.241
-415.173
-446.121
-404.706
-411.023
-467.892
-450.809
-388.549
-414.581
-375.809
-366.375
-343.094
-339.156
-372.712
-399.063
-345.461
-435.858
-408.031
-378.455
-393.097
-396.725
-441.368
-422.959
-456.471
-463.549
-469.164
-367.075
-330.848
-370.495
-363.228
-378.374
-397.258
-390.064
-364.321
-384.545
-371.477
-353.164
-369.001
-338.35
-385.797
-350.921
-355.445
-321.762
-366.605
-409.169
-413.307
-406.815
-429.093
-421.828
-381.649
-400.372
-435.793
-422.085
-430.506
-481.659
-453.919
-428.747
-494.682
-484.437
-420.187
-425.125
-478.206
-494.277
-431.211
-450.509
-433.703
-416.731
-389.08
-462.4
-416.124
-391.295
-369.63
-393.221
-362.347
-370.827
-396.506
-356.699
-342.306
-390.987
-373.767
-370.732
-400.998
-427.401
-497.28
-456.262
-427.373
-413.824
-396.218
-443.148
-446.328
-449.784
-391.809
-461.572
-482.55
-501.392
-532.961
-497.644
-545.096
-498.089
-518.764
-528.83
-503.851
-470.272
-411.117
-429.008
-403.226
-427.244
-468.465
-501.782
-460.501
-515.048
-481.063
-457.982
-460.738
-436.651
-495.484
-425.57
-398.088
-372.024
-374.046
-440.29
-405.705
-442.542
-465.365
-404.063
-325.737
-396.453
-451.921
-438.325
-380.794
-319.793
-297.618
-352.166
-335.172
-376.715
-300.228
-366.787
-416.6
-384.786
-486.531
-483.199
-483.779
-497.002
-499.126
-449.043
-397.844
-367.237
-392.81
-391.235
-348.595
-319.226
-382.305
-379.2
-433.158
-417.02
-413.944
-402.405
-434.479
-426.376
-485.671
-466.126
-414.203
-372.994
-368.716
-348.915
-323.676
-296.628
-345.972
-395.362
-316.008
-354.432
-329.194
-325.006
-364.269
-317.16
-318.739
-328.113
-334.597
-346.833
-319.484
-299.749
-341.002
-346.368
-313.021
-303.661
-359.194
-372.801
-369.131
-371.734
-387.046
-373.822
-331.475
-361.828
-374.123
-371.577
-359.736
-345.285
-281.51
-343.686
-348.034
-319.943
-322.004
-329.107
-332.163
-363.088
-354.083
-304.104
-311.83
-411.889
-376.902
-367.54
-374.818
-428.791
-401.209
-422.094
-355.62
-429.847
-437.028
-429.637
-405.741
-412.793
-401.817
-439.935
-417.408
-420.848
-435.326
-391.532
-429.162
-391.043
-440.186
-356.303
-419.112
-389.575
-422.999
-372.406
-327.003
-367.721
-352.682
-357.438
-362.028
-378.943
-388.001
-352.518
-346.765
-364.799
-381.226
-363.463
-331.296
-363.769
-400.703
-387.159
-347.072
-373.494
-421.031
-394.46
-328.614
-359.834
-358.42
-340.985
-321.164
-309.66
-348.785
-319.238
-342.707
-322.427
-310.425
-294.441
-326.522
-323.202
-371.05
-321.808
-348.517
-323.056
-306.954
-324.02
-317.323
-286.338
-303.581
-292.102
-352.111
-288.712
-321.511
-319.408
-314.6
