-408.464
-397.622
-362.92
-371.317
-398.188
-364.032
-390.046
-458.244
-416.195
-477.486
-519.326
-480.936
-519.338
-490.755
-445.308
-449.641
-424.86
-445.202
-459.97
-478.141
-447.521
-398.031
-510.276
-494.334
-510.662
-466.239
-482.877
-558.802
-540.898
-538.916
-496.789
-455.537
-443.53
-456.916
-444.375
-445.864
-352.342
-356.486
-393.321
-368.225
-319.942
-399.676
-422.371
-416.933
-399.939
-377.618
-405.978
-372.483
-389.5
-350.179
-421.813
-406.063
-390.655
-372.212
-496.093
-430.38
-502.462
-439.476
-429.21
-428.352
-491.747
-467.962
-484.405
-467.561
-476.122
-452.237
-470.55
-481.938
-485.745
-470.252
-437.75
-446.268
-427.101
-445.474
-431.011
-452.346
-458.841
-463.939
-481.726
-496.96
-443.557
-473.564
-490.391
-503.294
-544.16
-509.897
-485.099
-497.0
-493.525
-491.082
-481.824
-467.858
-482.431
-502.207
-454.624
-466.142
-437.577
-454.504
-444.272
-470.822
-431.438
-449.791
-425.492
-463.658
-463.641
-470.902
-485.089
-465.013
-481.545
-453.081
-460.943
-496.457
-478.07
-455.326
-445.806
-469.017
-469.701
-457.649
-452.334
-499.987
-444.679
-460.823
-503.213
-430.61
-444.459
-434.919
-411.967
-527.51
-496.68
-453.51
-496.317
-528.027
-522.154
-552.297
-462.014
-462.193
-425.829
-438.447
-461.325
-463.467
-481.262
-474.881
-454.114
-498.682
-550.764
-438.923
-420.218
-476.577
-478.298
-458.293
-426.277
-457.953
-435.853
-439.188
-436.709
-465.408
-447.843
-419.639
-439.89
-482.952
-478.076
-542.922
-507.561
-502.615
-473.709
-487.522
-528.073
-491.214
-484.824
-491.467
-480.225
-453.685
-492.684
-472.368
-459.706
-448.275
-449.128
-462.768
-477.889
-441.882
-439.238
-521.287
-508.379
-511.763
-516.694
-496.577
-487.762
-493.295
-480.124
-441.117
-541.818
-521.057
-514.374
-543.941
-520.65
-548.747
-550.921
-519.373
-504.769
-472.129
-518.159
-485.472
-533.548
-530.463
-592.08
-550.934
-554.42
-564.322
-577.191
-574.126
-562.975
-612.45
-522.955
-529.456
-512.692
-511.841
-544.05
-519.834
-526.176
-499.179
-493.279
-460.602
-553.735
-519.387
-489.75
-528.702
-484.142
-463.896
-431.031
-445.411
-467.563
-501.777
-454.907
-526.757
-509.189
-482.044
-480.435
-481.029
-511.459
-478.064
-508.005
-503.87
-539.682
-465.356
-442.046
-474.155
-447.082
-486.295
-485.872
-488.689
-431.187
-459.527
-476.044
-469.78
-446.475
-453.24
-470.8
-472.487
-440.929
-438.951
-501.332
-487.613
-506.264
-491.98
-539.045
-512.375
-500.346
-550.52
-529.245
-535.176
-519.37
-538.549
-519.55
-521.242
-552.802
-520.776
-542.796
-536.057
-562.19
-566.628
-526.5
-541.551
-541.997
-532.941
-513.468
-563.152
-515.004
-514.854
-495.65
-506.736
-470.1
-503.984
-522.384
-521.483
-480.204
-513.194
-505.283
-518.44
-553.502
-547.203
-601.887
-548.738
-515.95
-523.726
-492.344
-519.709
-519.352
-542.023
-506.278
-542.569
-570.169
-565.075
-519.278
-577.923
-598.775
-574.38
-571.438
-580.792
-597.811
-567.026
-488.522
-445.237
-512.729
-478.718
-521.073
-590.242
-538.622
-552.722
-570.147
-531.268
-527.882
-500.935
-526.975
-513.184
-521.271
-474.541
-502.991
-500.543
-504.206
-532.511
-536.243
-501.444
-425.952
-476.325
-525.699
-506.174
-464.236
-431.275
-438.184
-457.379
-458.853
-472.869
-437.013
-486.638
-503.495
-450.643
-547.459
-518.905
-513.007
-544.267
-554.33
-486.025
-494.453
-465.391
-488.817
-470.343
-420.679
-405.616
-487.995
-483.26
-490.088
-454.428
-513.404
-479.36
-535.782
-488.895
-494.029
-529.92
-525.034
-509.538
-503.973
-504.12
-484.104
-448.976
-463.155
-512.05
-439.964
-483.686
-480.702
-495.098
-500.278
-493.709
-487.525
-523.063
-508.623
-527.559
-469.087
-466.596
-485.847
-472.624
-445.16
-493.665
-491.997
-511.416
-499.236
-534.005
-516.226
-551.685
-522.577
-522.53
-491.282
-529.486
-540.28
-517.689
-457.266
-529.258
-486.806
-462.772
-469.242
-471.426
-507.085
-488.616
-482.009
-420.901
-436.014
-527.184
-555.164
-496.79
-504.828
-551.375
-516.52
-520.643
-507.767
-566.991
-544.216
-573.574
-547.391
-518.859
-519.238
-538.32
-531.107
-548.452
-588.51
-529.501
-578.84
-496.869
-520.509
-470.766
-497.855
-536.401
-562.404
-523.097
-473.878
-525.385
-497.929
-500.988
-491.561
-501.26
-446.305
-482.322
-461.393
-497.989
-512.935
-483.399
-474.226
-492.119
-463.787
-499.014
-442.831
-483.292
-527.42
-502.974
-502.974
-471.946
-479.525
-490.605
-483.295
-461.882
-489.33
-480.214
-494.711
-461.153
-471.006
-459.756
-451.762
-476.959
-503.628
-433.044
-491.721
-488.07
-442.855
-465.236
-504.547
-472.777
-483.718
-463.771
-439.438
-417.726
-473.396
-468.976
-468.589
