-438.924
-433.247
-421.429
-408.267
-410.526
-409.127
-419.363
-387.855
-415.951
-401.91
-429.235
-414.423
-432.984
-433.862
-445.18
-434.91
-465.106
-459.611
-415.538
-411.983
-495.824
-552.767
-493.519
-450.508
-456.144
-475.659
-446.775
-496.374
-458.292
-461.648
-492.707
-476.436
-521.693
-466.912
-507.305
-476.078
-450.418
-468.297
-481.784
-502.943
-493.058
-420.254
-509.075
-509.597
-525.3
-450.851
-448.456
-455.931
-463.152
-447.842
-517.289
-485.603
-480.273
-458.828
-481.023
-452.54
-481.643
-465.403
-474.231
-462.711
-475.053
-538.079
-436.369
-495.172
-463.516
-511.951
-526.687
-507.075
-481.671
-478.457
-475.316
-463.695
-427.423
-452.166
-467.897
-472.229
-455.647
-492.608
-451.458
-492.062
-462.073
-464.007
-425.979
-459.478
-455.029
-433.116
-406.995
-434.482
-450.132
-472.512
-443.758
-484.441
-502.519
-435.124
-484.858
-444.309
-453.532
-514.453
-489.308
-500.925
-497.44
-484.576
-464.114
-452.15
-401.053
-432.449
-466.502
-441.48
-456.389
-459.205
-483.363
-483.885
-420.789
-420.722
-368.035
-375.353
-394.936
-352.776
-443.112
-423.825
-450.314
-447.028
-432.238
-437.235
-433.256
-424.692
-422.745
-438.01
-426.291
-506.695
-467.753
-426.026
-438.361
-402.887
-430.285
-417.645
-435.619
-419.048
-439.457
-447.303
-436.873
-447.502
-395.546
-440.463
-464.202
-405.289
-437.443
-437.908
-434.927
-433.209
-403.999
-431.541
-393.407
-411.944
-441.529
-452.209
-443.989
-479.495
-442.712
-430.884
-490.377
-430.229
-444.868
-456.702
-460.885
-460.394
-423.004
-444.913
-459.59
-442.592
-457.069
-417.114
-422.598
-400.452
-475.332
-404.255
-435.97
-414.652
-390.729
-446.479
-395.409
-369.585
-435.364
-388.675
-375.112
-392.609
-409.864
-439.776
-376.551
-451.571
-372.927
-390.475
-360.288
-383.862
-405.278
-379.259
-407.521
-413.151
-410.861
-367.134
-360.766
-425.377
-390.416
-429.577
-425.139
-482.218
-444.39
-452.022
-488.614
-448.729
-484.952
-487.325
-433.579
-467.131
-482.484
-440.59
-383.057
-404.785
-374.489
-400.557
-397.916
-372.94
-397.267
-387.28
-420.033
-381.64
-406.291
-413.84
-413.218
-416.519
-399.002
-424.066
-360.26
-380.748
-440.002
-379.844
-408.127
-408.796
-358.471
-424.147
-385.597
-368.298
-377.214
-393.293
-393.18
-391.186
-416.004
-370.128
-411.753
-400.179
-412.748
-429.907
-393.146
-427.709
-365.521
-403.179
-423.598
-389.707
-373.678
-408.699
-376.027
-388.639
-391.594
-370.886
-347.611
-374.185
-393.78
-398.319
-387.901
-386.595
-425.228
-394.804
-379.455
-387.429
-409.078
-400.24
-373.351
-431.19
-381.86
-405.087
-387.103
-397.512
-376.03
-390.265
-385.311
-386.557
-371.998
-384.387
-357.322
-378.11
-365.336
-367.721
-410.575
-379.472
-401.959
-402.586
-440.467
-459.067
-469.768
-470.59
-444.081
-422.275
-383.049
-385.573
-414.368
-476.265
-431.607
-446.812
-392.605
-397.609
-401.909
-438.85
-382.608
-416.375
-393.314
-407.228
-393.006
-471.247
-435.021
-438.666
-439.587
-453.635
-440.793
-400.557
-379.968
-426.693
-402.651
-463.315
-475.69
-501.933
-439.037
-482.29
-428.639
-464.71
-495.534
-438.932
-433.286
-506.483
-476.881
-425.062
-436.642
-467.272
-469.641
-417.114
-456.038
-426.605
-438.76
-477.184
-442.666
-447.825
-436.598
-462.537
-505.68
-474.136
-456.989
-447.635
-463.33
-465.054
-451.978
-481.158
-506.429
-524.864
-481.299
-506.773
-445.285
-479.396
-478.927
-502.31
-492.074
-549.876
-545.544
-522.87
-512.468
-513.517
-531.454
-534.064
-520.384
-542.894
-548.622
-461.592
-462.573
-440.135
-475.201
-491.845
-455.901
-447.996
-501.837
-485.75
-486.584
-488.667
-461.667
-486.144
-494.958
-486.901
-474.965
-448.504
-453.591
-474.452
-485.206
-443.712
-438.458
-423.588
-420.337
-373.175
-405.853
-392.709
-453.924
-465.036
-405.885
-414.208
-446.356
-423.705
-467.807
-433.805
-479.887
-464.688
-419.374
-458.8
-448.515
-467.888
-456.018
-467.262
-484.261
-450.81
-441.835
-458.811
-479.738
-456.939
-490.151
-444.101
-489.275
-475.369
-444.569
-465.355
-414.397
-479.26
-471.849
-476.701
-445.174
-480.159
-402.687
-424.842
-439.869
-442.671
-508.185
-470.388
-476.139
-515.096
-455.926
-464.684
-434.91
-492.706
-468.113
-474.01
-470.365
-473.072
-464.314
-473.288
-451.035
-499.626
-505.915
-462.446
-459.94
-483.15
-438.401
-470.544
-432.088
-418.981
-438.405
-456.431
-466.512
-420.666
-425.3
-461.945
-477.589
-466.616
-423.99
-403.528
-420.614
-413.152
-456.702
-430.386
-391.372
-461.004
-466.002
-442.314
-494.814
-480.819
-439.831
-460.554
-500.667
-456.855
-477.186
-485.675
-471.025
-421.879
-482.127
-509.515
-539.555
-525.67
-457.038
