-3.358
-0.317
-3.9
-4.802
-4.608
-3.791
-2.937
-3.087
-1.086
-2.599
1.138
-3.461
-5.772
-4.068
-5.994
-8.012
-8.724
-7.925
-7.771
-5.595
-5.604
-6.57
-4.282
-4.449
-5.126
-3.947
-4.347
-4.706
-4.577
-4.858
-2.74
-3.791
-4.062
-3.43
-3.044
-3.806
-4.995
-4.094
-4.671
-5.549
-4.783
-6.773
-2.879
-4.686
-3.931
-4.84
-0.678
-3.082
-4.938
-5.419
-6.133
-6.812
-8.716
-5.447
-4.467
-1.131
-6.576
-4.267
-5.384
-3.628
-5.681
-8.805
-3.324
-4.07
-5.39
-5.92
-4.126
-6.068
-5.143
-5.616
-6.31
-3.957
-5.618
-2.325
-3.331
-5.283
-4.082
-2.345
-4.433
-3.191
-2.83
-6.164
-3.479
-4.157
-5.987
-7.852
-6.554
-7.201
-4.803
-4.414
-4.153
-1.014
-5.909
-4.052
-5.423
-5.192
-6.164
-7.62
-5.952
-6.511
-7.344
-7.68
-4.762
-4.922
-5.383
-6.423
-8.644
-8.142
-7.105
-5.061
-4.798
-5.225
-6.828
-4.416
-6.357
-3.341
-5.513
-7.649
-4.951
-7.058
-2.294
-2.111
-3.722
-3.045
-6.502
-5.984
-4.41
-4.104
-2.974
-5.343
-0.227
-1.903
-1.083
-3.223
-5.689
-4.547
-2.103
-3.528
-4.442
-0.343
-2.812
-2.397
-5.043
-3.061
-4.911
-2.655
-3.435
-1.845
-1.15
-3.28
-2.983
-6.439
-4.448
-1.324
-2.167
-7.332
-0.302
-1.536
-0.072
-5.835
-2.098
-0.234
-2.317
-4.07
-2.124
-3.402
-0.935
-3.106
-5.333
-2.687
-3.939
-4.075
-3.955
-7.842
-5.772
-5.964
-6.896
-6.449
-8.107
-5.323
-5.551
-3.04
-5.83
-4.55
-6.197
-5.206
-5.494
-3.915
-2.652
-4.175
-5.022
-2.079
-6.337
-0.69
-1.167
-4.17
-3.588
-2.619
-2.084
-5.695
-6.578
-7.01
-4.374
-5.51
-4.63
-5.967
-5.365
-4.584
-6.812
-5.621
-4.494
-5.722
-5.345
-6.05
-5.038
-6.492
-6.431
-1.479
-4.447
-3.976
-3.712
-5.97
-7.895
-6.697
-3.135
-1.997
-5.562
-5.176
-7.411
-7.287
-4.36
-6.472
-3.769
-5.24
-3.026
-4.375
-5.105
-3.16
-3.507
-3.184
-5.571
-5.531
-2.181
-5.189
-2.711
-5.377
-4.721
-6.153
-4.215
-3.107
-4.535
-3.08
-5.345
-6.992
-4.305
-3.368
-4.84
-4.661
-1.82
-5.87
-3.889
-3.466
-4.275
-5.407
-4.151
-6.348
-3.402
-4.431
-4.646
-6.264
-5.805
-6.906
-6.551
-4.346
-4.597
-2.054
-3.301
-3.364
-1.909
-2.095
-3.026
-3.594
-4.53
-3.49
-3.345
-2.617
-2.898
-3.241
-2.908
-2.888
-2.857
-2.128
-3.663
-4.089
-1.346
-4.428
-2.791
-4.249
-5.736
-2.597
-6.128
-2.558
-5.104
-2.801
-4.505
-6.03
-3.997
-3.586
-9.045
-7.386
-7.823
-6.476
-6.331
-5.766
-7.076
-6.326
-7.298
-5.701
-4.469
-2.918
-4.107
-3.027
-3.281
-2.214
-3.852
-3.014
-4.8
-3.953
-7.418
-6.064
-5.498
-6.917
-7.187
-6.302
-5.414
-5.644
-6.593
-4.28
-5.467
-5.332
-5.617
-5.366
-5.546
-6.55
-5.814
-6.581
-5.759
-1.589
-2.292
-2.002
-2.299
-2.705
-3.44
-0.615
-4.802
-1.66
-2.958
-3.914
-3.991
-3.48
-3.048
-2.702
-2.02
-2.943
-2.69
-4.947
-2.974
-1.907
-2.129
-1.335
-4.731
-5.115
-5.309
-1.893
-5.044
-0.799
-3.578
-5.08
-5.722
-3.289
-2.737
-0.2
-2.594
-2.327
-1.39
-2.321
-0.181
-2.453
-2.047
-2.432
-4.554
-1.438
-1.998
-3.82
-6.011
-5.271
-2.576
1.908
3.303
0.63
-3.771
0.184
0.324
-0.214
-3.303
-0.742
-0.718
-2.786
-1.802
-1.448
-1.99
-2.885
-1.448
-2.115
-0.561
0.455
-4.149
-1.159
-3.609
-2.061
-3.45
-2.234
-1.565
-1.237
-4.218
-3.731
-2.44
-3.867
-4.852
-3.729
-4.228
-4.757
-2.755
-4.995
-4.175
-3.455
-2.813
-1.223
-5.041
-1.881
-0.796
-2.916
-2.413
-0.954
-3.42
-3.062
-2.426
-3.925
-2.066
-3.652
-3.749
-1.358
-3.298
-3.845
-4.666
-4.438
-2.963
-3.148
-5.467
-3.943
-1.212
-1.263
-2.915
-0.953
-0.159
-3.304
-2.942
-1.682
-1.425
-2.26
-1.206
-4.134
-4.317
-0.04
0.661
-4.246
-0.645
-0.487
-1.287
-4.479
-1.562
1.88
-1.011
-3.179
1.143
-3.25
2.561
-1.413
0.51
0.607
-3.154
-3.214
-0.141
-1.745
-1.007
-2.878
-2.411
-3.986
-4.27
-3.995
-5.111
