-2.105
-1.749
-1.419
-1.812
-1.819
-2.463
-2.014
-2.343
-2.007
-2.03
-1.549
-1.946
-1.943
-0.673
-1.607
-1.676
-2.746
-2.615
-2.022
-1.794
-1.688
-1.49
-1.903
-2.142
-1.162
-1.604
-1.392
-1.668
-1.457
-1.795
-1.64
-1.165
-2.019
-1.069
-2.186
-1.585
-1.932
-1.769
-1.663
-1.871
-1.837
-2.161
-1.729
-1.489
-1.416
-1.611
-1.585
-1.082
-1.925
-1.17
-2.346
-1.802
-1.399
-2.089
-1.391
-1.673
-2.117
-2.11
-2.004
-1.652
-1.774
-1.775
-1.754
-2.291
-1.867
-2.458
-2.754
-2.403
-1.425
-2.593
-1.708
-2.055
-1.575
-2.239
-1.121
-1.677
-1.882
-1.835
-1.69
-1.15
-0.681
-1.906
-0.618
-2.036
-1.569
-1.008
-0.859
-1.01
-1.145
-1.344
-1.256
-1.764
-1.24
-1.66
-1.744
-1.771
-1.6
-2.42
-1.974
-1.294
-1.936
-1.735
-2.078
-1.978
-1.63
-2.128
-2.474
-2.067
-2.704
-2.529
-2.139
-1.806
-2.374
-2.268
-2.342
-1.876
-1.607
-1.869
-2.152
-1.625
-1.749
-1.738
-1.759
-1.4
-1.097
-1.658
-1.882
-1.959
-1.245
-1.382
-0.863
-1.483
-1.471
-1.838
-1.178
-1.892
-1.976
-1.786
-1.455
-1.663
-1.586
-1.598
-1.864
-1.444
-1.705
-1.968
-1.737
-1.691
-2.112
-2.056
-2.32
-1.898
-2.249
-2.113
-2.236
-1.998
-1.672
-2.211
-2.349
-2.231
-2.412
-1.686
-2.879
-2.318
-2.813
-2.673
-2.118
-2.368
-2.301
-1.584
-2.168
-2.621
-2.405
-2.096
-2.025
-2.329
-2.225
-2.06
-1.64
-2.484
-2.612
-1.604
-2.089
-2.125
-1.824
-2.309
-1.355
-2.207
-0.799
-1.479
-1.505
-2.176
-2.352
-2.089
-2.487
-1.423
-1.61
-1.679
-1.332
-1.973
-2.327
-1.637
-1.631
-1.669
-1.553
-1.684
-1.158
-1.732
-1.809
-2.234
-2.0
-1.892
-1.936
-1.687
-2.079
-2.322
-1.789
-2.062
-2.359
-1.704
-2.044
-1.232
-1.1
-1.125
-1.266
-1.63
-1.894
-1.644
-1.918
-1.265
-1.64
-1.959
-1.084
-1.132
-1.439
-1.568
-1.257
-1.585
-1.725
-1.662
-1.074
-1.095
-1.447
-1.684
-1.887
-1.368
-1.996
-1.691
-1.577
-1.655
-1.801
-0.471
-1.715
-1.874
-1.447
-2.081
-1.257
-1.616
-0.634
-0.795
-0.2
-0.964
-0.548
-1.112
-1.393
-1.651
-0.883
-1.386
-1.366
-1.618
-1.696
-1.834
-1.773
-1.565
-1.27
-1.376
-1.417
-1.232
-1.494
-1.22
-1.237
-1.039
-1.526
-2.491
-1.336
-1.603
-2.123
-1.29
-0.967
-1.221
-1.328
-0.631
-1.462
-1.683
-1.836
-2.588
-2.176
-2.454
-2.36
-1.002
-2.111
-2.381
-1.892
-2.294
-1.66
-2.143
-1.921
-2.861
-2.024
-1.663
-1.766
-1.388
-2.071
-1.853
-1.533
-1.753
-2.336
-1.755
-1.697
-1.91
-1.971
-2.314
-1.188
-1.354
-1.955
-1.137
-1.714
-2.413
-2.269
-1.941
-1.937
-1.977
-1.584
-2.374
-2.732
-2.273
-2.062
-2.599
-1.845
-2.311
-2.348
-2.046
-2.103
-1.77
-1.347
-1.924
-2.04
-2.427
-2.186
-1.988
-2.229
-1.755
-2.379
-1.99
-1.288
-1.832
-1.478
-2.167
-2.071
-2.136
-1.953
-2.848
-2.724
-3.115
-2.696
-2.601
-2.583
-3.218
-2.854
-3.161
-2.515
-1.959
-3.136
-2.615
-3.307
-2.811
-2.905
-3.02
-3.014
-2.454
-2.557
-2.632
-3.098
-2.641
-2.017
-2.724
-2.927
-2.47
-2.972
-2.347
-2.462
-1.387
-2.674
-2.68
-2.607
-2.378
-2.516
-2.473
-2.79
-2.04
-2.355
-2.578
-3.074
-2.517
-2.743
-2.376
-2.588
-1.874
-2.27
-2.457
-2.065
-2.256
-2.628
-2.042
-2.349
-2.02
-2.522
-2.738
-2.692
-2.074
-1.731
-2.681
-2.139
-2.165
-2.25
-2.712
-2.254
-1.799
-2.533
-1.933
-2.703
-2.011
-2.567
-2.208
-2.124
-2.211
-2.069
-2.512
-2.493
-2.453
-2.558
-2.545
-2.243
-2.431
-2.783
-2.351
-2.402
-2.605
-1.839
-2.996
-2.44
-2.577
-2.812
-2.44
-2.433
-2.637
-2.192
-2.782
-2.244
-3.027
-2.741
-3.032
-2.664
-3.421
-2.479
-2.869
-2.562
-1.417
-1.927
-2.491
-2.346
-3.314
-2.555
-2.229
-2.099
-2.176
-2.366
-2.359
-2.076
-2.062
-1.955
-2.586
-2.842
-2.669
-2.619
-1.834
-2.287
-3.321
-2.582
-2.18
-1.836
-2.502
-2.174
-3.348
-2.852
-1.964
-2.861
-2.519
-2.863
-3.099
-2.735
