-56.27
-47.74
-42.97
-51.56
-52.13
-54.22
-53.7
-51.69
-62.08
-56.75
-58.07
-57.54
-48.64
-43.77
-61.05
-51.05
-50.47
-58.1
-62.36
-54.7
-64.84
-64.92
-54.82
-70.21
-59.54
-51.9
-52.82
-65.31
-54.5
-57.65
-50.93
-47.12
-64.39
-54.17
-53.12
-55.07
-65.73
-55.49
-55.09
-54.58
-65.33
-61.83
-57.83
-57.63
-65.71
-52.16
-55.25
-58.0
-46.28
-47.37
-50.0
-55.74
-55.4
-55.6
-56.79
-63.1
-60.49
-61.56
-55.62
-51.95
-57.9
-68.34
-59.25
-65.72
-63.24
-57.55
-68.55
-75.28
-60.86
-60.9
-61.9
-67.01
-62.17
-63.7
-61.54
-55.01
-54.18
-57.2
-62.12
-50.95
-51.45
-54.21
-50.64
-48.59
-54.2
-43.98
-55.06
-53.34
-54.91
-44.38
-58.88
-53.28
-55.87
-56.64
-58.16
-54.1
-53.88
-64.1
-61.15
-63.6
-66.55
-58.57
-57.69
-48.0
-54.74
-58.01
-66.84
-61.55
-67.59
-60.3
-62.33
-57.43
-65.97
-63.18
-58.44
-52.56
-47.58
-48.27
-49.9
-55.1
-49.0
-47.52
-54.59
-47.1
-53.35
-46.61
-46.44
-56.76
-62.49
-58.83
-55.38
-50.79
-59.78
-56.06
-57.49
-55.28
-55.27
-55.08
-50.35
-57.18
-51.87
-49.96
-49.45
-61.68
-59.89
-46.5
-55.15
-60.12
-48.59
-55.29
-53.35
-50.22
-56.7
-48.03
-56.89
-48.57
-55.66
-58.64
-54.04
-54.07
-60.07
-63.35
-63.42
-61.53
-69.92
-57.22
-59.35
-59.63
-54.47
-48.42
-46.53
-60.08
-31.1
-57.95
-56.21
-57.15
-60.49
-57.36
-49.53
-45.05
-50.52
-36.97
-52.85
-47.52
-55.47
-57.95
-52.56
-61.92
-23.85
-55.03
-54.41
-51.69
-57.66
-57.3
-61.41
-50.62
-53.14
-59.07
-53.4
-43.34
-49.67
-53.94
-61.74
-54.93
-35.33
-33.83
-58.65
-60.12
-59.68
-58.25
-65.1
-54.89
-55.02
-56.69
-59.15
-55.42
-54.06
-48.41
-55.1
-54.34
-53.97
-50.08
-53.92
-49.68
-47.06
-57.07
-61.44
-57.24
-58.23
-48.9
-48.44
-54.3
-57.03
-55.85
-58.3
-53.36
-57.47
-49.4
-36.68
-36.33
-45.74
-41.53
-44.02
-38.41
-48.36
-48.25
-55.9
-43.72
-52.19
-48.55
-56.52
-52.89
-49.17
-52.08
-54.52
-53.64
-49.1
-53.84
-46.53
-53.88
-55.18
-49.12
-51.71
-54.02
-55.08
-56.05
-50.03
-56.56
-44.09
-50.66
-55.35
-49.56
-52.43
-52.18
-53.54
-55.54
-48.84
-54.79
-57.78
-57.97
-57.29
-52.17
-49.42
-60.94
-56.15
-53.17
-51.94
-52.98
-50.54
-56.15
-55.18
-46.91
-53.39
-54.4
-61.31
-59.94
-56.18
-59.07
-65.56
-59.64
-67.44
-66.09
-57.32
-55.25
-63.52
-65.93
-57.83
-56.44
-51.12
-50.67
-63.78
-55.17
-60.62
-57.54
-50.19
-56.78
-63.1
-66.3
-61.71
-68.52
-63.09
-55.93
-57.89
-53.35
-55.55
-56.82
-54.67
-45.36
-63.69
-56.23
-50.97
-50.29
-67.02
-64.51
-53.85
-46.55
-64.31
-74.67
-57.95
-69.74
-51.5
-50.58
-62.88
-50.73
-58.86
-68.29
-57.76
-60.31
-64.94
-59.67
-60.79
-56.91
-65.37
-65.48
-66.51
-69.93
-59.33
-62.71
-64.37
-69.03
-66.57
-71.81
-65.72
-66.42
-59.87
-58.27
-69.23
-63.5
-66.53
-66.49
-75.9
-60.66
-67.48
-72.27
-68.33
-73.82
-77.06
-76.54
-79.78
-64.34
-72.2
-69.44
-63.72
-67.91
-62.88
-61.94
-68.47
-60.31
-67.21
-65.53
-62.87
-55.63
-71.13
-57.84
-61.68
-71.39
-62.38
-72.46
-75.91
-56.74
-61.95
-63.52
-60.81
-61.06
-64.65
-58.66
-66.93
-69.85
-57.23
-63.59
-58.52
-66.39
-66.77
-55.81
-62.2
-61.49
-64.51
-66.95
-60.56
-71.05
-68.2
-64.97
-63.91
-58.67
-67.92
-64.46
-65.7
-58.43
-63.99
-60.82
-55.52
-54.69
-63.41
-66.4
-61.82
-66.59
-69.11
-70.22
-60.8
-65.44
-56.33
-59.77
-66.34
-66.89
-69.58
-59.49
-67.66
-70.02
-55.65
-66.02
-50.66
-62.56
-51.48
-58.97
-59.59
-64.59
-62.65
-64.64
-69.1
-72.0
-72.31
-64.69
-57.55
-65.62
-65.99
-60.16
-69.12
-61.82
-63.78
-63.64
-63.8
-69.04
-55.59
-60.9
-57.16
-59.1
-63.25
-60.44
-60.88
-61.58
-66.86
-65.06
-66.16
-77.61
-69.93
-58.38
-72.79
-62.8
-64.8
-63.07
-57.15
-49.67
-60.55
-65.51
-55.1
-61.74
-54.84
-66.26
-49.01
-65.68
-74.38
