-269.875
-224.121
-240.691
-223.645
-227.694
-234.758
-218.122
-216.177
-250.292
-266.35
-236.322
-216.017
-237.784
-205.766
-223.183
-232.369
-285.407
-282.105
-274.681
-251.607
-322.24
-348.846
-299.659
-290.597
-252.964
-248.983
-196.56
-290.857
-280.985
-309.161
-264.778
-295.104
-362.948
-260.714
-310.67
-288.934
-277.584
-272.595
-251.202
-307.051
-298.483
-255.885
-346.59
-317.149
-326.024
-250.556
-243.606
-217.792
-233.136
-233.284
-303.186
-316.571
-313.614
-274.809
-294.435
-271.797
-285.204
-243.955
-268.467
-289.039
-299.327
-361.905
-297.576
-346.861
-310.599
-347.961
-338.783
-338.65
-283.542
-315.076
-302.492
-351.669
-250.493
-295.381
-255.914
-307.572
-309.489
-328.149
-304.8
-304.124
-288.112
-245.833
-289.993
-304.556
-255.164
-228.444
-259.394
-274.558
-260.997
-287.03
-252.983
-302.851
-345.892
-285.314
-287.218
-288.531
-300.956
-310.304
-283.487
-281.176
-285.439
-275.374
-264.935
-259.326
-253.803
-243.598
-276.224
-241.423
-269.724
-265.425
-296.247
-262.074
-220.323
-205.797
-192.318
-182.938
-186.574
-180.985
-200.622
-225.705
-236.332
-216.738
-228.303
-252.068
-218.508
-230.345
-221.38
-199.319
-175.841
-171.448
-206.361
-224.345
-248.456
-241.038
-268.508
-270.855
-253.63
-239.195
-233.889
-252.407
-236.395
-257.864
-221.843
-227.396
-252.446
-201.77
-256.536
-250.772
-202.626
-237.324
-207.484
-238.801
-227.688
-177.29
-234.229
-204.126
-242.298
-232.336
-237.223
-265.623
-291.093
-236.27
-273.497
-284.097
-213.744
-235.518
-263.102
-286.002
-241.212
-202.434
-238.174
-201.37
-219.903
-243.398
-236.677
-227.632
-298.566
-259.697
-239.798
-246.644
-208.293
-195.189
-228.125
-197.379
-200.805
-193.263
-225.53
-220.252
-185.761
-217.195
-224.138
-246.397
-219.304
-203.812
-288.861
-200.285
-224.623
-213.97
-208.914
-218.379
-219.636
-197.917
-254.562
-231.695
-177.742
-182.0
-221.7
-216.293
-271.875
-275.521
-223.912
-223.576
-150.294
-192.995
-220.157
-211.658
-256.314
-240.246
-215.664
-267.194
-244.912
-195.462
-240.669
-255.033
-210.843
-234.349
-252.856
-231.8
-258.016
-250.43
-225.588
-239.903
-225.37
-218.389
-188.152
-200.974
-183.621
-181.635
-193.121
-182.884
-207.065
-187.294
-175.401
-199.169
-225.472
-198.964
-238.472
-216.522
-224.972
-228.591
-246.372
-241.93
-213.867
-273.643
-212.278
-248.291
-250.194
-181.77
-200.994
-222.657
-218.413
-202.738
-223.093
-220.779
-200.501
-244.243
-233.511
-221.998
-175.803
-203.22
-257.012
-250.324
-227.463
-219.369
-210.783
-197.929
-198.219
-199.471
-214.373
-215.541
-220.029
-182.76
-190.692
-261.74
-213.059
-231.206
-226.479
-199.099
-183.691
-224.015
-202.517
-222.718
-212.154
-193.903
-236.531
-248.074
-274.65
-329.966
-331.796
-338.586
-330.912
-239.963
-231.363
-257.183
-278.705
-306.767
-297.662
-288.406
-235.738
-277.281
-274.518
-233.731
-260.5
-243.955
-188.276
-272.109
-261.287
-310.173
-307.745
-314.257
-316.246
-307.928
-276.27
-259.408
-240.495
-276.966
-252.495
-294.908
-295.513
-225.28
-192.701
-255.522
-239.499
-254.685
-317.845
-276.867
-332.151
-362.83
-302.651
-303.039
-286.518
-275.228
-293.46
-286.739
-297.976
-266.506
-239.982
-276.711
-276.33
-282.548
-306.13
-320.907
-344.034
-278.795
-316.794
-300.864
-311.055
-312.667
-262.616
-349.106
-311.052
-364.192
-327.137
-362.201
-314.495
-335.871
-364.6
-298.626
-275.109
-395.281
-398.762
-297.039
-329.246
-306.059
-340.452
-329.454
-354.753
-376.302
-389.147
-312.627
-280.154
-263.604
-259.495
-262.261
-250.058
-258.367
-240.262
-307.713
-291.742
-260.963
-258.2
-303.325
-318.842
-291.762
-284.516
-303.147
-257.747
-272.264
-292.09
-226.484
-262.362
-237.603
-200.03
-174.726
-240.145
-187.176
-186.939
-164.828
-182.892
-227.851
-247.499
-217.638
-213.26
-230.46
-244.441
-266.923
-248.621
-296.414
-280.584
-302.519
-297.051
-261.073
-309.21
-281.413
-270.21
-296.116
-297.481
-258.906
-285.052
-219.097
-268.705
-287.839
-240.301
-216.41
-298.973
-304.525
-321.08
-299.389
-247.939
-296.392
-229.061
-239.811
-269.836
-263.935
-322.872
-294.887
-262.085
-284.146
-230.785
-257.629
-247.288
-325.684
-264.011
-301.277
-307.336
-258.986
-292.318
-293.057
-316.495
-358.572
-367.011
-264.219
-280.093
-261.089
-234.733
-303.262
-248.74
-225.417
-254.97
-246.824
-290.641
-256.719
-305.448
-298.428
-267.651
-263.416
-256.183
-204.591
-201.283
-214.25
-285.571
-300.347
-200.859
-280.163
-263.044
-239.764
-269.227
-247.212
-218.035
-239.248
-240.669
-257.345
-222.397
-274.489
-239.122
-236.681
-196.913
-313.679
-303.413
-240.252
-307.189
