-0.292
-0.329
-0.293
-0.384
-0.338
-0.34
-0.316
-0.167
-0.205
-0.269
-0.321
-0.29
-0.404
-0.297
-0.389
-0.342
-0.403
-0.335
-0.24
-0.215
-0.148
-0.183
-0.262
-0.396
-0.245
-0.428
-0.273
-0.286
-0.169
-0.307
-0.379
-0.361
-0.262
-0.321
-0.344
-0.262
-0.153
-0.317
-0.27
-0.271
-0.3
-0.282
-0.242
-0.275
-0.142
-0.31
-0.174
-0.185
-0.173
-0.237
-0.264
-0.227
-0.301
-0.235
-0.311
-0.313
-0.277
-0.181
-0.1
-0.268
-0.08
-0.126
-0.208
-0.237
-0.204
-0.329
-0.256
-0.218
-0.268
-0.342
-0.215
-0.309
-0.246
-0.294
-0.202
-0.175
-0.244
-0.098
-0.207
-0.139
-0.26
-0.154
-0.153
-0.164
-0.184
-0.247
-0.297
-0.173
-0.272
-0.248
-0.239
-0.105
-0.183
-0.228
-0.318
-0.241
-0.215
-0.188
-0.222
-0.288
-0.235
-0.266
-0.329
-0.332
-0.227
-0.285
-0.274
-0.277
-0.325
-0.318
-0.337
-0.344
-0.312
-0.408
-0.282
-0.262
-0.218
-0.215
-0.253
-0.328
-0.245
-0.255
-0.271
-0.237
-0.19
-0.294
-0.328
-0.265
-0.232
-0.271
-0.221
-0.31
-0.283
-0.296
-0.346
-0.341
-0.302
-0.225
-0.238
-0.259
-0.159
-0.217
-0.285
-0.191
-0.281
-0.21
-0.238
-0.262
-0.328
-0.317
-0.283
-0.268
-0.285
-0.305
-0.22
-0.353
-0.344
-0.338
-0.281
-0.267
-0.326
-0.383
-0.392
-0.455
-0.435
-0.302
-0.398
-0.266
-0.231
-0.295
-0.294
-0.203
-0.227
-0.224
-0.243
-0.254
-0.285
-0.244
-0.222
-0.293
-0.272
-0.266
-0.256
-0.263
-0.236
-0.266
-0.272
-0.199
-0.2
-0.31
-0.164
-0.288
-0.33
-0.271
-0.273
-0.226
-0.312
-0.16
-0.239
-0.247
-0.212
-0.269
-0.209
-0.248
-0.229
-0.173
-0.129
-0.247
-0.173
-0.102
-0.251
-0.122
-0.239
-0.11
-0.21
-0.192
-0.183
-0.265
-0.277
-0.131
-0.194
-0.173
-0.352
-0.184
-0.185
-0.17
-0.256
-0.206
-0.098
-0.144
-0.01
-0.087
-0.218
-0.116
-0.182
-0.197
-0.196
-0.174
-0.129
-0.161
-0.115
-0.215
-0.174
-0.247
-0.134
-0.241
-0.155
-0.263
-0.331
-0.27
-0.266
-0.274
-0.324
-0.292
-0.293
-0.313
-0.253
-0.349
-0.166
-0.349
-0.229
-0.163
-0.187
-0.203
-0.277
-0.127
-0.174
-0.119
-0.121
-0.21
-0.234
-0.193
-0.191
-0.292
-0.289
-0.228
-0.119
-0.224
-0.204
-0.26
-0.249
-0.225
-0.193
-0.288
-0.305
-0.191
-0.296
-0.131
-0.292
-0.28
-0.289
-0.243
-0.208
-0.285
-0.225
-0.316
-0.142
-0.244
-0.294
-0.153
-0.234
-0.12
-0.159
-0.151
-0.242
-0.187
-0.158
-0.142
-0.221
-0.07
-0.202
-0.111
-0.14
-0.152
-0.167
-0.2
-0.295
-0.094
-0.141
-0.106
-0.071
-0.005
-0.189
-0.122
-0.147
-0.127
-0.097
-0.185
-0.172
-0.144
-0.165
-0.12
-0.194
-0.17
-0.274
-0.179
-0.288
-0.325
-0.167
-0.256
-0.256
-0.304
-0.284
-0.216
-0.298
-0.254
-0.107
-0.209
-0.263
-0.311
-0.222
-0.118
-0.157
-0.121
-0.088
-0.228
-0.147
-0.198
-0.216
-0.161
-0.259
-0.23
-0.207
-0.195
-0.263
-0.156
-0.275
-0.262
-0.172
-0.14
-0.192
-0.219
-0.103
-0.21
-0.137
-0.12
-0.192
-0.2
-0.191
-0.145
-0.137
-0.14
-0.138
-0.102
-0.148
-0.139
-0.09
-0.116
-0.149
-0.108
-0.182
-0.078
-0.234
-0.131
-0.191
-0.076
-0.193
-0.143
-0.22
-0.167
-0.267
-0.14
-0.217
-0.148
-0.108
-0.236
-0.252
-0.134
-0.195
-0.137
-0.143
-0.109
-0.146
-0.169
-0.105
-0.167
-0.081
-0.232
-0.077
-0.143
-0.116
-0.24
-0.129
-0.229
-0.202
-0.155
-0.268
-0.194
-0.267
-0.143
-0.136
-0.278
-0.251
-0.233
-0.198
-0.213
-0.183
-0.149
-0.144
-0.151
-0.202
-0.106
-0.183
-0.161
-0.141
-0.204
-0.175
-0.107
-0.001
-0.132
-0.154
-0.172
-0.093
-0.269
-0.158
-0.124
-0.21
-0.187
-0.238
-0.285
-0.212
-0.247
-0.062
-0.102
-0.171
-0.053
-0.123
-0.135
-0.155
-0.127
-0.176
-0.209
-0.17
-0.089
-0.092
-0.168
-0.2
-0.191
-0.089
-0.201
-0.126
-0.156
-0.2
-0.162
-0.175
-0.2
-0.151
-0.138
-0.293
-0.23
-0.166
-0.164
-0.11
-0.099
-0.253
-0.106
-0.258
-0.242
-0.24
-0.133
-0.254
