-12.058
-17.045
-10.413
-15.916
-21.635
-19.507
-13.823
-15.336
-20.345
-15.811
-14.927
-14.129
-12.57
-12.207
-15.279
-14.604
-11.477
-17.029
-11.2
-9.809
-18.853
-15.542
-10.342
-14.978
-15.535
-14.504
-9.776
-14.46
-16.271
-16.245
-15.962
-16.102
-16.463
-15.062
-18.972
-14.116
-13.383
-12.782
-19.06
-15.188
-16.159
-19.203
-19.864
-14.851
-18.148
-15.25
-10.156
-14.743
-16.289
-15.275
-13.86
-19.458
-12.525
-13.447
-15.333
-17.928
-16.457
-13.268
-20.256
-17.295
-14.961
-15.317
-21.081
-17.417
-19.686
-17.825
-12.507
-15.006
-14.66
-13.059
-11.896
-13.938
-15.123
-13.938
-15.598
-14.208
-11.7
-14.316
-16.689
-13.799
-14.067
-10.705
-14.059
-11.691
-10.996
-12.487
-12.056
-10.905
-13.615
-14.727
-12.973
-7.322
-9.949
-12.94
-14.91
-11.262
-11.683
-18.264
-15.27
-16.156
-20.094
-19.329
-17.684
-18.958
-13.201
-19.808
-14.064
-16.985
-13.331
-17.695
-19.291
-19.69
-20.001
-10.131
-16.33
-11.664
-14.388
-14.297
-10.57
-18.042
-9.045
-11.661
-18.674
-13.415
-16.139
-10.704
-11.878
-16.749
-11.826
-10.745
-16.086
-13.496
-14.532
-11.79
-12.852
-17.535
-18.559
-18.531
-13.826
-14.814
-16.979
-14.199
-15.443
-13.024
-15.871
-10.876
-12.797
-16.366
-15.801
-8.786
-14.572
-10.813
-15.424
-12.204
-15.048
-18.259
-12.233
-21.382
-15.955
-19.35
-11.299
-17.372
-21.138
-17.633
-20.825
-12.805
-17.911
-16.372
-17.767
-17.069
-8.737
-16.099
-15.848
-14.12
-17.296
-14.734
-18.784
-20.997
-14.129
-14.894
-16.24
-11.872
-14.606
-11.272
-16.619
-14.42
-17.41
-18.264
-16.238
-12.873
-15.781
-19.785
-20.705
-16.759
-15.468
-12.867
-16.633
-10.748
-17.01
-11.269
-16.923
-15.634
-17.328
-17.047
-17.142
-12.619
-12.293
-17.719
-15.287
-17.101
-16.699
-13.097
-14.9
-17.458
-16.136
-15.928
-8.978
-15.34
-14.768
-6.542
-9.17
-11.933
-13.565
-17.932
-14.531
-9.449
-11.792
-17.974
-12.723
-13.799
-14.898
-13.074
-13.331
-16.918
-16.798
-13.674
-12.049
-10.991
-17.621
-14.242
-15.072
-13.834
-12.911
-18.261
-17.165
-10.588
-14.275
-13.686
-15.239
-14.89
-17.504
-15.079
-11.152
-15.34
-10.623
-10.996
-12.143
-8.785
-14.719
-15.961
-15.843
-12.926
-13.768
-15.562
-18.151
-14.876
-14.23
-15.157
-13.675
-13.696
-16.084
-10.56
-14.023
-17.784
-16.089
-17.421
-17.309
-15.397
-15.195
-20.615
-14.508
-14.721
-16.103
-15.747
-17.559
-15.031
-15.364
-12.612
-13.442
-15.229
-13.479
-10.161
-17.787
-12.467
-18.907
-18.995
-13.55
-16.019
-12.718
-13.429
-19.578
-17.03
-14.635
-13.328
-17.307
-19.55
-11.73
-13.871
-14.31
-11.207
-13.267
-11.138
-10.039
-10.286
-13.965
-9.492
-13.774
-15.325
-11.143
-10.874
-12.189
-14.024
-20.721
-14.396
-16.221
-16.673
-17.182
-15.153
-12.294
-11.849
-17.304
-12.853
-20.61
-13.028
-14.474
-14.945
-15.674
-16.272
-16.702
-17.851
-15.138
-20.939
-16.147
-13.938
-16.329
-14.406
-12.631
-13.829
-13.267
-16.448
-15.515
-5.677
-12.687
-15.666
-10.344
-19.344
-14.848
-16.649
-16.396
-15.785
-14.728
-16.688
-17.342
-19.19
-16.353
-15.378
-14.806
-20.574
-19.874
-19.502
-22.614
-20.167
-19.754
-23.143
-14.596
-21.176
-21.914
-19.802
-20.344
-15.85
-15.82
-18.456
-20.067
-19.884
-19.389
-20.087
-19.489
-14.318
-20.338
-14.588
-13.175
-18.307
-16.861
-19.023
-20.919
-15.559
-18.082
-20.878
-25.012
-17.86
-19.608
-16.271
-17.172
-11.784
-13.126
-17.034
-14.288
-11.916
-20.291
-19.67
-18.832
-15.26
-11.643
-10.202
-17.837
-17.854
-11.511
-15.241
-18.941
-16.592
-19.851
-19.096
-16.512
-14.543
-16.337
-17.266
-13.57
-9.911
-17.112
-18.712
-17.935
-17.704
-14.683
-15.357
-15.389
-21.25
-16.422
-12.038
-21.003
-16.61
-10.464
-13.336
-13.654
-16.603
-18.45
-15.867
-16.544
-18.99
-15.306
-12.361
-17.863
-17.167
-13.426
-15.415
-17.545
-21.542
-20.66
-19.203
-17.677
-21.477
-15.717
-20.967
-14.859
-19.814
-20.189
-13.356
-17.205
-16.941
-16.625
-14.155
-12.167
-16.845
-15.499
-15.553
-14.083
-12.088
-18.036
-17.465
-12.594
-11.54
-14.006
-12.587
-18.353
-16.975
-17.2
-14.618
-21.716
-18.021
-13.456
-17.785
-11.334
-19.973
-15.261
-14.667
-14.088
-20.437
-17.67
-19.49
-20.291
-18.502
-23.831
