-388.772
-432.102
-396.425
-443.784
-417.496
-427.832
-437.078
-415.285
-380.251
-403.167
-392.394
-427.731
-429.566
-442.939
-441.608
-389.334
-440.885
-394.098
-382.814
-395.61
-380.87
-398.812
-399.448
-411.714
-393.064
-400.447
-377.102
-371.604
-416.407
-396.442
-358.81
-413.577
-363.299
-416.531
-407.589
-395.644
-411.34
-404.351
-381.402
-390.322
-384.74
-346.336
-362.309
-356.861
-359.33
-358.611
-306.139
-346.646
-351.05
-370.107
-364.039
-337.796
-357.728
-448.954
-384.957
-436.709
-430.711
-520.315
-522.12
-449.159
-462.371
-577.732
-540.686
-531.047
-521.983
-511.202
-557.603
-527.152
-523.12
-504.527
-535.188
-527.475
-518.496
-460.53
-492.955
-508.945
-537.363
-537.055
-533.902
-548.444
-531.398
-495.248
-578.577
-556.731
-529.1
-555.118
-568.328
-516.212
-540.06
-542.805
-512.642
-519.508
-519.713
-504.734
-555.815
-518.891
-530.844
-505.727
-494.8
-527.68
-536.263
-449.805
-533.094
-503.217
-518.256
-528.558
-554.703
-548.701
-524.528
-471.007
-433.437
-443.449
-461.573
-443.718
-438.077
-475.918
-477.071
-478.915
-462.579
-470.131
-479.323
-486.508
-452.567
-496.639
-478.521
-463.413
-477.621
-452.029
-463.258
-473.046
-445.031
-499.562
-434.971
-456.543
-452.974
-539.43
-539.303
-467.675
-515.28
-527.077
-516.209
-510.279
-527.245
-538.53
-527.28
-547.456
-538.653
-574.035
-537.712
-518.402
-494.199
-505.385
-583.721
-547.289
-528.429
-515.964
-488.85
-490.981
-445.86
-492.126
-577.034
-521.593
-470.773
-519.326
-536.323
-508.55
-551.641
-538.693
-542.04
-489.392
-478.443
-460.045
-469.694
-495.908
-511.945
-485.665
-458.641
-422.066
-387.384
-466.426
-461.579
-455.18
-391.195
-369.597
-402.855
-383.005
-373.527
-422.641
-405.6
-405.63
-381.35
-392.425
-400.098
-390.515
-429.617
-395.936
-452.722
-429.371
-421.457
-416.282
-408.123
-442.108
-483.761
-504.122
-493.353
-467.69
-389.101
-444.449
-492.317
-499.342
-468.164
-489.143
-484.639
-479.546
-417.14
-401.945
-385.518
-463.448
-505.298
-415.68
-472.681
-426.816
-463.581
-462.706
-484.758
-462.51
-463.601
-482.228
-466.312
-459.087
-477.73
-475.998
-465.862
-491.134
-443.204
-520.648
-481.881
-505.548
-458.856
-486.926
-506.981
-456.02
-480.419
-390.019
-381.128
-457.088
-446.719
-404.873
-427.166
-384.726
-430.862
-410.696
-442.033
-475.876
-446.752
-441.126
-417.067
-426.678
-430.105
-441.931
-461.646
-359.887
-399.029
-422.473
-410.817
-420.213
-412.351
-390.363
-391.259
-360.936
-346.248
-338.984
-367.944
-365.093
-363.913
-355.578
-341.696
-367.225
-373.609
-368.693
-396.877
-421.822
-417.954
-392.549
-389.513
-433.93
-386.497
-403.724
-324.032
-355.373
-338.185
-366.232
-379.251
-379.745
-354.102
-373.891
-366.831
-333.672
-388.82
-322.77
-386.247
-392.128
-381.555
-376.088
-320.861
-379.838
-371.636
-395.879
-366.061
-381.957
-356.674
-350.283
-367.885
-398.209
-389.624
-362.257
-394.935
-368.221
-397.265
-389.752
-392.667
-382.608
-432.321
-422.169
-422.733
-410.519
-410.766
-438.157
-435.255
-394.92
-410.888
-373.732
-439.316
-461.148
-446.585
-420.752
-393.217
-377.162
-393.657
-384.024
-378.04
-388.835
-429.934
-383.213
-403.966
-392.495
-381.298
-405.699
-422.565
-385.118
-386.022
-396.522
-435.213
-447.123
-459.567
-481.496
-397.914
-352.787
-373.055
-380.848
-330.962
-377.192
-312.785
-314.292
-356.202
-323.492
-334.385
-342.071
-324.913
-399.224
-354.045
-371.951
-346.033
-415.238
-361.937
-354.869
-366.369
-340.988
-368.681
-400.705
-367.885
-382.875
-324.166
-357.536
-368.485
-333.752
-332.675
-358.511
-366.052
-332.88
-319.44
-314.708
-354.3
-353.839
-362.148
-319.071
-333.85
-297.04
-353.707
-356.249
-330.997
-355.055
-302.083
-322.658
-352.28
-341.122
-323.152
-324.541
-345.369
-337.746
-346.51
-363.453
-381.86
-359.969
-342.279
-345.113
-355.943
-365.704
-300.438
-324.198
-330.638
-374.231
-375.191
-364.535
-307.527
-278.727
-310.725
-317.284
-306.72
-334.484
-370.256
-389.894
-393.71
-339.781
-318.406
-306.594
-373.295
-354.196
-331.223
-322.874
-343.807
-335.514
-302.532
-314.788
-294.435
-306.624
-286.459
-303.429
-309.579
-310.502
-335.189
-400.498
-455.909
-344.543
-335.709
-335.138
-374.062
-330.186
-302.235
-235.391
-276.452
-308.935
-386.728
-401.426
-364.534
-371.734
-389.05
-306.06
-330.426
-343.631
-313.208
-320.444
-351.014
-368.671
-372.683
-407.703
-422.512
-340.585
-332.167
-406.416
-393.511
-343.049
-392.395
-372.418
-420.339
-462.991
-465.483
-443.474
-394.324
-397.416
-439.415
-437.895
-413.443
-375.965
-420.658
-418.462
-419.923
-419.647
-443.278
-449.097
-436.04
