-22.614
-20.123
-17.625
-18.077
-22.207
-19.343
-16.77
-29.347
-25.471
-19.504
-26.109
-23.799
-25.572
-19.178
-15.946
-22.445
-24.604
-18.578
-26.739
-23.978
-26.305
-24.257
-16.642
-19.256
-21.637
-17.61
-22.07
-22.04
-24.695
-21.581
-17.133
-23.561
-17.276
-25.043
-21.945
-17.83
-19.677
-19.899
-20.815
-20.92
-19.615
-21.623
-20.805
-21.691
-20.681
-22.98
-17.403
-20.664
-21.906
-22.483
-12.891
-19.292
-20.781
-15.902
-15.804
-23.789
-21.445
-23.507
-26.175
-24.768
-20.867
-25.475
-23.423
-19.8
-25.846
-25.536
-25.084
-26.241
-23.648
-26.561
-22.791
-24.184
-26.791
-22.738
-21.658
-21.776
-26.324
-19.927
-23.335
-20.196
-20.914
-21.404
-24.104
-27.831
-17.068
-17.878
-20.913
-20.698
-24.078
-19.713
-18.91
-24.636
-22.33
-21.374
-25.711
-22.853
-25.887
-22.399
-25.036
-22.845
-24.352
-24.186
-21.581
-26.297
-25.151
-24.733
-29.254
-22.023
-25.123
-22.942
-20.225
-22.936
-28.702
-21.277
-23.423
-20.425
-24.981
-17.511
-24.136
-21.997
-28.771
-22.219
-23.479
-10.944
-21.023
-19.486
-19.652
-25.516
-24.696
-20.166
-23.088
-20.422
-18.792
-22.826
-23.819
-25.064
-23.679
-22.548
-27.453
-22.92
-32.458
-26.714
-25.271
-23.65
-25.978
-28.038
-25.047
-23.487
-24.067
-21.758
-19.768
-22.439
-28.035
-21.792
-26.718
-24.184
-25.653
-31.785
-23.929
-26.173
-26.134
-26.572
-28.967
-23.624
-23.607
-25.664
-25.689
-28.046
-27.242
-27.246
-23.48
-20.25
-22.747
-28.579
-25.619
-25.493
-25.031
-23.53
-21.789
-29.93
-20.701
-21.656
-26.729
-25.528
-24.141
-23.565
-25.484
-27.064
-16.48
-20.283
-23.278
-25.034
-23.465
-28.336
-23.86
-22.675
-24.104
-21.187
-23.236
-23.041
-22.61
-25.172
-20.404
-21.998
-27.403
-25.731
-21.823
-22.358
-24.454
-26.128
-27.732
-27.077
-16.959
-17.714
-25.191
-25.772
-23.039
-24.957
-22.147
-22.995
-22.587
-26.756
-22.957
-21.788
-19.879
-26.042
-26.205
-25.341
-22.394
-22.492
-27.976
-18.339
-22.92
-25.057
-21.198
-24.301
-10.79
-19.498
-22.218
-21.266
-23.757
-19.501
-26.066
-25.701
-17.86
-21.395
-24.981
-20.092
-21.861
-17.461
-20.626
-19.602
-19.407
-24.393
-21.764
-17.299
-21.072
-20.667
-22.972
-23.968
-23.678
-18.328
-19.164
-21.052
-21.636
-24.04
-21.637
-27.765
-26.861
-16.535
-21.226
-19.116
-18.758
-20.124
-21.626
-18.051
-19.23
-19.641
-23.395
-21.829
-17.182
-19.28
-22.457
-21.98
-20.404
-19.604
-22.966
-21.642
-22.805
-17.82
-22.69
-23.556
-22.356
-17.541
-21.309
-7.27
-24.535
-19.67
-19.953
-13.128
-2.289
-23.03
-16.853
-19.331
-21.64
-17.981
-22.954
-18.069
-21.059
-23.849
-20.527
-21.827
-16.638
-18.519
-23.33
-22.074
-21.718
-23.868
-23.863
-22.124
-23.95
-24.297
-24.75
-19.76
-24.577
-19.633
-22.509
-22.036
-18.056
-20.977
-13.655
-21.184
-1.466
-22.376
-20.89
-19.308
-21.037
-21.492
-24.029
-19.679
-24.742
-19.997
-22.949
-21.686
-21.422
-20.219
-22.375
-14.879
-20.533
-17.59
-18.752
-18.94
-22.526
-24.629
-22.505
-20.064
-20.615
-22.155
-19.595
-21.74
-20.337
-17.705
-16.285
-24.491
-22.297
-21.241
-22.464
-23.376
-21.593
-25.673
-24.604
-21.043
-25.193
-12.647
-21.688
-20.212
-21.376
-18.615
-17.971
-21.992
-16.123
-23.369
-20.765
-21.955
-21.207
-17.526
-20.03
-21.421
-22.747
-22.12
-18.516
-16.358
-19.57
-17.085
-20.822
-18.569
-15.388
-16.481
-19.888
-25.098
-25.322
-21.152
-24.578
-21.419
-25.147
-22.363
-21.153
-22.351
-20.113
-20.786
-21.189
-20.111
-25.516
-20.029
-18.063
-22.178
-20.461
-24.558
-28.019
-25.038
-22.691
-25.725
-21.236
-23.872
-22.121
-22.74
-26.857
-20.717
-22.422
-20.397
-20.94
-20.271
-21.533
-27.913
-23.795
-21.367
-15.013
-20.837
-25.087
-21.379
-20.279
-23.779
-18.956
-19.98
-24.68
-22.488
-22.106
-21.309
-26.72
-24.302
-24.887
-24.426
-25.361
-24.99
-23.186
-23.485
-22.451
-21.388
-15.239
-16.551
-16.81
-20.596
-24.377
-25.544
-20.415
-22.705
-19.81
-20.731
-17.466
-19.665
-21.88
-20.028
-23.55
-21.989
-18.78
-21.885
-22.557
-14.917
-18.019
-24.659
-27.112
-22.041
-20.652
-24.323
-27.874
-23.847
-18.478
-21.456
-24.994
-19.145
-27.414
-25.442
-21.443
-23.56
-24.816
-26.322
-24.918
-24.231
-24.203
-20.219
-28.388
