-6.183
-6.245
-3.173
-4.838
-4.689
-6.703
-4.647
-5.632
-5.231
-2.31
-6.472
-3.216
0.205
-3.753
-2.562
-0.882
0.036
-5.749
-2.105
-5.5
-4.913
-3.683
-3.63
-4.897
-0.927
-5.721
-4.455
-6.039
-7.292
-6.386
-8.986
-4.538
-8.734
-3.492
-1.44
-4.354
-7.354
-5.763
-5.79
-5.214
-5.468
-5.285
-5.484
-5.415
-5.624
-8.695
-4.967
-6.846
-5.037
-5.919
-2.743
-2.39
-5.89
-8.131
-5.543
-2.816
-5.594
-3.73
-7.844
-4.724
-4.637
-8.73
-3.62
-7.545
-5.094
-7.263
-6.041
-5.078
-4.526
-4.33
-8.054
-8.261
-5.45
-8.86
-7.381
-6.718
-5.586
-5.459
-6.107
-3.527
-5.363
-8.167
-4.164
-6.855
-8.597
-7.159
-8.733
-6.969
-3.863
-8.86
-9.527
-3.855
-7.114
-10.062
-8.686
-3.358
-6.283
-5.75
-4.959
-6.285
-5.812
-4.943
-7.567
-3.866
-4.848
-7.327
-5.171
-5.73
-8.486
-2.679
-7.776
-6.046
-4.611
-7.594
-5.822
-4.041
-5.222
-4.562
-3.962
-1.634
-3.893
-2.349
-8.79
-3.134
-4.686
-6.997
-7.048
-4.441
-5.152
-1.088
-4.656
-9.199
-4.59
-7.788
-8.771
-5.548
-11.207
-7.491
-5.781
-6.982
-6.959
-6.611
-4.736
-7.623
-8.765
-10.267
-8.615
-10.215
-4.675
-8.078
-8.598
-8.226
-11.937
-10.112
-11.086
-9.252
-4.458
-2.607
-4.566
-3.332
-9.156
-7.389
-5.269
-10.543
-6.924
-3.892
-5.386
-7.102
-4.316
-6.029
-4.269
-1.368
-4.577
-6.247
-4.058
-2.846
-4.017
-7.327
-3.783
-5.629
-5.153
-3.12
-3.241
-1.88
-4.394
-6.57
-4.953
-6.204
-1.311
-5.628
0.921
-1.459
-5.004
-4.054
-7.44
-3.989
-3.002
-3.687
-2.306
-3.601
-0.558
-2.24
-6.238
-5.626
0.643
0.297
-1.393
-2.313
-2.308
-4.822
-1.876
-3.528
-4.339
-5.905
-8.055
-4.697
-6.861
-5.55
-6.698
-6.823
-7.203
-6.575
-4.789
-6.114
-5.167
-4.739
-5.951
-5.432
-4.164
-4.79
-5.24
-7.258
-4.223
-5.907
-7.742
-6.416
-5.361
-7.462
-7.147
-6.313
-6.492
-5.359
-4.734
-5.177
-5.318
-5.463
-6.849
-5.151
-6.531
-7.908
-7.556
-6.062
-7.667
-4.62
-4.957
-6.943
-7.393
-6.941
-5.381
-7.908
-6.144
-3.766
-5.945
-5.437
-3.24
-6.037
-4.289
-2.547
-3.242
-1.719
-5.287
-0.116
-4.36
-6.938
-6.774
-6.457
-3.221
-2.853
-2.648
-4.829
-4.405
-5.382
-5.384
-3.074
-5.323
-2.721
-5.369
-5.12
-3.963
-3.299
-7.672
-6.147
-4.517
-4.53
-5.485
-4.604
-3.94
-4.431
-2.707
-1.295
-3.215
-6.265
-5.453
-2.664
-5.269
-4.92
-3.179
-4.686
-5.268
-4.814
-1.557
-5.953
-3.746
-3.948
0.756
-3.186
-4.547
0.903
-4.76
-2.818
-3.65
3.436
-4.019
-2.862
-1.888
-1.465
-4.012
0.07
-4.286
-5.23
-5.627
-6.114
-5.9
-5.043
-4.094
-5.178
-2.91
-4.46
-4.931
-4.923
-3.574
-5.628
-4.344
-6.974
-8.059
-6.9
-2.226
-5.017
-4.694
-3.462
-6.999
-3.989
-6.928
-3.484
-6.608
-6.84
-2.741
-4.972
-4.691
-2.086
-4.046
-3.594
-3.929
-2.803
-5.565
-6.303
-3.997
-6.735
-3.042
-5.499
-5.49
-3.925
-4.721
-4.844
-4.124
-3.032
-2.967
-5.944
-3.275
-4.898
-4.28
-2.656
-2.322
-2.595
-2.92
-4.295
-3.096
-5.043
-3.061
-3.049
-3.328
-3.408
-1.247
-2.614
-3.752
-3.301
-2.56
-3.199
-4.701
-4.496
-5.245
-2.826
-3.627
-0.371
-0.023
-3.856
-2.853
-5.781
-3.592
-2.145
-2.465
-1.869
-2.953
-4.7
-3.041
-3.29
-4.7
-2.863
-5.41
-4.752
-1.057
-2.142
-0.91
-1.748
-2.154
-2.965
-3.506
-0.376
-4.415
-5.106
-2.505
-2.016
-5.453
-4.708
-1.775
-4.588
-4.617
-6.457
-3.83
-4.941
-3.878
-4.489
-3.957
-6.947
-5.113
-3.61
-2.958
-4.72
-4.945
-3.494
-3.837
-7.043
-6.671
-6.226
-2.581
-7.761
-6.052
-9.196
-8.067
-1.571
-4.105
-3.68
-6.25
-4.57
-6.061
-8.028
-6.658
-6.861
-6.173
-6.641
-5.533
-5.742
-8.5
-5.906
-5.482
-8.404
-8.094
-2.707
-5.882
-4.803
-4.589
-2.387
-4.463
-2.732
-6.284
-5.737
-7.916
-7.625
-7.335
-5.012
-7.699
-6.551
-2.493
-4.291
-8.218
-6.962
-3.94
-7.123
-6.98
-5.641
-2.819
