-70.63
-74.49
-72.51
-77.38
-72.52
-71.13
-72.61
-87.57
-75.83
-73.43
-76.66
-76.49
-80.25
-82.71
-82.09
-87.93
-77.1
-73.14
-84.03
-78.55
-75.68
-84.32
-80.49
-74.56
-82.68
-76.51
-77.15
-78.05
-88.75
-73.69
-80.04
-84.42
-75.06
-84.7
-81.05
-80.51
-88.14
-85.21
-88.79
-72.24
-76.32
-75.1
-80.03
-73.51
-69.92
-76.55
-69.21
-69.71
-76.24
-82.93
-82.0
-74.61
-77.03
-72.82
-73.52
-82.53
-80.46
-83.84
-97.66
-86.09
-78.66
-91.6
-86.36
-91.17
-92.06
-85.15
-96.1
-90.08
-84.74
-87.68
-88.45
-83.21
-99.92
-74.23
-78.85
-93.56
-89.18
-93.54
-87.83
-93.06
-87.82
-84.19
-92.72
-100.91
-86.85
-94.07
-89.74
-77.8
-92.77
-94.76
-85.0
-88.08
-98.15
-91.5
-89.15
-96.84
-96.23
-82.34
-95.8
-95.0
-87.88
-90.04
-89.7
-94.2
-98.65
-92.51
-99.69
-87.94
-96.14
-85.86
-83.66
-81.98
-88.55
-84.23
-87.75
-82.9
-92.44
-86.36
-85.77
-83.92
-81.52
-87.57
-80.75
-91.14
-93.46
-89.29
-88.35
-87.02
-79.99
-87.99
-79.97
-91.67
-83.27
-88.21
-86.03
-83.48
-89.92
-87.3
-98.9
-89.39
-95.55
-100.0
-93.73
-79.99
-86.03
-98.09
-88.69
-94.95
-88.25
-80.11
-89.09
-82.26
-102.18
-96.73
-94.02
-97.28
-80.96
-100.3
-78.33
-84.11
-98.97
-89.21
-90.61
-88.71
-85.94
-88.73
-98.81
-94.75
-85.82
-88.04
-84.27
-88.74
-83.96
-94.6
-89.93
-92.36
-96.73
-81.78
-79.91
-90.69
-86.1
-79.51
-82.75
-75.45
-80.82
-78.48
-82.66
-78.73
-80.51
-86.99
-74.34
-86.56
-79.46
-81.87
-87.04
-81.26
-87.05
-87.33
-87.74
-86.86
-87.36
-83.91
-84.29
-87.87
-94.44
-88.71
-87.31
-91.18
-83.04
-91.29
-89.68
-94.19
-93.86
-95.91
-83.77
-84.35
-74.89
-82.58
-93.29
-85.77
-89.29
-86.88
-84.77
-86.48
-84.82
-87.82
-90.13
-89.21
-91.94
-94.57
-96.83
-87.88
-85.05
-87.19
-89.47
-86.34
-88.01
-91.69
-84.28
-79.54
-90.31
-81.53
-90.32
-76.1
-79.89
-85.19
-86.16
-82.11
-72.55
-76.95
-86.72
-78.7
-87.88
-85.87
-89.35
-75.24
-83.29
-73.3
-75.2
-77.99
-83.42
-80.03
-89.55
-82.28
-83.43
-83.97
-80.39
-83.9
-81.42
-71.95
-74.48
-77.44
-71.06
-77.39
-79.61
-72.57
-71.75
-83.19
-69.5
-75.61
-80.29
-80.94
-73.97
-79.03
-77.69
-80.84
-80.47
-80.98
-72.74
-73.54
-74.75
-76.98
-71.04
-73.79
-73.02
-73.3
-77.61
-77.89
-74.63
-75.52
-73.46
-78.08
-80.32
-80.45
-74.87
-78.68
-79.99
-78.56
-81.66
-74.65
-79.02
-74.34
-75.62
-77.58
-79.62
-85.04
-79.1
-79.4
-84.07
-79.91
-81.32
-81.59
-87.67
-80.83
-81.98
-84.4
-88.59
-83.78
-84.17
-78.04
-89.22
-77.78
-83.02
-89.16
-78.89
-74.85
-78.93
-78.36
-80.31
-73.72
-82.87
-73.63
-81.55
-81.62
-83.69
-82.48
-76.63
-79.12
-76.8
-80.11
-72.11
-73.4
-82.36
-92.18
-84.3
-85.27
-78.19
-75.73
-86.03
-80.62
-80.33
-74.86
-75.2
-69.29
-72.35
-72.06
-74.37
-71.79
-75.97
-79.52
-77.18
-82.24
-83.67
-76.74
-79.17
-78.93
-78.82
-79.66
-76.04
-80.0
-79.72
-70.06
-70.02
-72.09
-74.79
-73.41
-70.74
-72.12
-78.68
-71.55
-72.14
-66.97
-67.45
-76.18
-80.77
-66.51
-68.79
-70.31
-73.65
-75.34
-66.51
-72.11
-74.35
-72.06
-71.16
-72.66
-69.36
-71.52
-70.5
-68.37
-67.61
-75.12
-72.38
-66.12
-72.13
-70.53
-73.78
-83.32
-71.5
-71.21
-78.05
-83.81
-72.05
-79.64
-71.5
-72.84
-79.38
-70.56
-70.19
-79.26
-75.3
-78.13
-83.42
-77.84
-78.37
-67.52
-73.01
-70.71
-77.01
-77.34
-77.46
-78.94
-72.59
-67.61
-72.41
-76.15
-74.61
-68.86
-81.06
-73.92
-71.77
-81.9
-78.56
-78.22
-71.67
-71.65
-73.57
-67.37
-63.11
-61.59
-64.49
-73.19
-73.84
-83.23
-73.47
-78.09
-70.72
-78.27
-75.85
-72.2
-68.17
-73.24
-75.38
-72.65
-62.26
-84.98
-77.92
-81.14
-69.49
-83.23
-88.26
-77.89
-87.01
-82.66
-86.27
-82.78
-82.95
-86.65
-71.18
-85.71
-85.0
-82.4
-77.56
-83.48
-85.73
-88.47
-89.19
-78.07
-80.82
-86.68
-78.31
