-2.429
-2.328
-1.649
-2.214
-2.105
-2.259
-2.166
-2.576
-2.433
-2.353
-2.366
-2.448
-2.668
-2.813
-2.764
-2.358
-2.339
-2.546
-2.329
-2.259
-2.596
-2.386
-1.859
-2.609
-2.329
-1.329
-2.415
-1.631
-2.337
-2.627
-1.448
-2.39
-2.356
-2.947
-2.675
-2.542
-1.564
-2.748
-2.83
-1.582
-2.717
-2.718
-2.715
-2.009
-2.259
-2.729
-2.149
-1.52
-2.544
-2.855
-2.559
-2.047
-2.427
-1.934
-2.209
-2.217
-2.135
-2.472
-2.614
-2.36
-2.273
-2.445
-2.269
-2.113
-2.624
-2.887
-2.525
-2.6
-3.117
-3.12
-2.722
-2.087
-2.844
-2.36
-2.768
-2.264
-2.152
-2.759
-2.971
-2.495
-2.942
-3.027
-2.387
-2.921
-3.09
-2.858
-2.329
-2.458
-2.932
-2.509
-2.461
-2.275
-2.594
-3.025
-2.935
-2.78
-2.842
-2.543
-2.523
-1.575
-2.303
-1.314
-2.891
-2.399
-2.374
-2.425
-2.595
-2.425
-2.479
-2.637
-1.954
-2.287
-2.083
-3.097
-2.215
-2.816
-2.351
-2.822
-2.398
-1.801
-2.422
-2.356
-2.7
-1.909
-2.825
-2.33
-2.169
-2.253
-2.396
-2.743
-2.041
-2.085
-1.78
-2.211
-2.593
-2.469
-2.773
-2.446
-3.157
-2.302
-2.407
-3.361
-2.432
-2.144
-2.437
-3.088
-3.135
-2.305
-2.375
-2.301
-2.816
-2.332
-2.98
-3.031
-2.749
-2.791
-2.11
-3.479
-3.055
-2.476
-2.889
-2.44
-2.746
-3.481
-2.578
-2.201
-2.374
-2.53
-2.989
-1.66
-2.08
-1.903
-1.683
-2.05
-2.666
-2.861
-2.517
-3.198
-2.333
-3.089
-3.001
-2.48
-2.902
-2.481
-2.684
-2.682
-2.686
-2.825
-2.563
-2.572
-2.32
-2.59
-2.73
-2.886
-3.128
-2.824
-2.927
-2.93
-2.579
-3.171
-2.581
-2.951
-3.227
-3.483
-2.916
-2.613
-2.533
-2.619
-2.369
-3.004
-2.784
-3.04
-2.765
-3.112
-2.879
-2.462
-2.761
-2.607
-2.736
-3.452
-2.637
-2.754
-2.683
-2.073
-2.22
-2.43
-2.184
-2.146
-2.797
-2.042
-2.355
-2.577
-2.16
-2.504
-2.895
-2.151
-0.935
-2.033
-2.721
-2.566
-2.935
-2.42
-2.301
-2.333
-2.587
-3.062
-2.84
-2.302
-2.235
-1.962
-2.502
-2.366
-2.547
-2.127
-2.309
-1.974
-2.527
-2.753
-2.654
-2.311
-3.036
-2.614
-2.161
-2.757
-2.54
-2.739
-2.216
-2.43
-2.033
-1.711
-2.594
-2.475
-1.833
-2.147
-2.362
-1.576
-2.182
-2.289
-2.392
-2.369
-3.142
-1.986
-2.096
-2.511
-2.314
-2.54
-2.043
-2.581
-2.221
-2.602
-2.298
-2.486
-1.863
-2.547
-2.274
-2.166
-2.485
-2.594
-2.538
-1.639
-1.941
-1.913
-2.416
-2.541
-2.354
-2.577
-2.26
-2.569
-2.416
-2.318
-2.48
-2.045
-2.348
-2.149
-2.307
-2.632
-1.97
-2.086
-2.64
-2.362
-2.702
-2.553
-2.007
-2.214
-2.294
-2.145
-2.885
-2.553
-2.501
-2.109
-2.741
-2.442
-2.81
-2.798
-2.604
-2.598
-2.222
-2.535
-1.998
-2.059
-2.748
-1.83
-2.088
-1.838
-2.712
-1.641
-1.795
-2.134
-2.51
-1.972
-2.579
-2.231
-2.114
-2.176
-1.634
-1.791
-2.096
-1.931
-2.216
-2.342
-1.85
-2.569
-1.911
-1.488
-2.155
-1.549
-2.616
-1.145
-2.047
-2.094
-2.128
-2.985
-2.798
-2.02
-2.181
-2.74
-2.09
-2.453
-2.333
-2.642
-2.475
-2.294
-2.127
-2.102
-1.996
-2.192
-2.321
-2.369
-2.374
-1.703
-2.391
-1.923
-1.803
-2.592
-3.103
-1.991
-1.792
-1.359
-1.538
-1.693
-1.942
-1.172
-2.073
-1.771
-2.377
-1.642
-2.347
-2.461
-2.329
-1.925
-2.488
-2.113
-2.112
-1.734
-1.673
-2.043
-1.929
-1.998
-1.989
-1.748
-1.625
-2.101
-2.121
-2.098
-1.389
-2.472
-2.757
-2.932
-2.165
-2.678
-2.664
-2.789
-3.109
-1.778
-2.658
-2.304
-2.459
-2.203
-2.144
-2.334
-2.651
-2.481
-2.125
-2.212
-2.859
-2.345
-2.384
-2.278
-3.195
-2.869
-2.323
-2.723
-3.332
-2.787
-2.666
-2.643
-2.506
-2.696
-2.555
-2.041
-2.122
-3.055
-2.398
-3.36
-3.043
-2.972
-2.952
-2.998
-3.129
-2.645
-2.27
-3.093
-3.197
-2.838
-2.562
-3.13
-2.955
-2.62
-1.866
-3.0
-2.868
-3.303
-3.506
-2.862
-2.717
-2.882
-2.902
-2.737
-2.846
-3.33
-3.205
-3.123
-2.433
-3.423
-2.595
-3.273
-3.043
-3.106
-2.89
-2.593
-2.954
