-0.284
-0.316
-0.332
-0.315
-0.287
-0.287
-0.249
-0.332
-0.362
-0.259
-0.172
-0.295
-0.357
-0.317
-0.296
-0.378
-0.202
-0.257
-0.224
-0.294
-0.291
-0.215
-0.292
-0.284
-0.289
-0.247
-0.27
-0.264
-0.256
-0.235
-0.187
-0.315
-0.158
-0.232
-0.294
-0.25
-0.317
-0.344
-0.237
-0.233
-0.206
-0.191
-0.228
-0.181
-0.186
-0.187
-0.252
-0.258
-0.276
-0.216
-0.266
-0.149
-0.125
-0.283
-0.23
-0.234
-0.315
-0.326
-0.29
-0.287
-0.166
-0.347
-0.185
-0.303
-0.325
-0.311
-0.288
-0.326
-0.347
-0.397
-0.395
-0.389
-0.421
-0.371
-0.329
-0.327
-0.351
-0.455
-0.415
-0.281
-0.219
-0.372
-0.324
-0.258
-0.198
-0.373
-0.277
-0.277
-0.34
-0.397
-0.321
-0.294
-0.294
-0.412
-0.247
-0.17
-0.292
-0.297
-0.348
-0.277
-0.261
-0.294
-0.251
-0.326
-0.335
-0.265
-0.302
-0.213
-0.348
-0.275
-0.3
-0.307
-0.261
-0.213
-0.198
-0.319
-0.325
-0.398
-0.197
-0.315
-0.364
-0.433
-0.461
-0.426
-0.373
-0.238
-0.36
-0.241
-0.222
-0.274
-0.256
-0.272
-0.359
-0.198
-0.156
-0.339
-0.287
-0.352
-0.354
-0.236
-0.309
-0.349
-0.339
-0.223
-0.268
-0.336
-0.3
-0.427
-0.326
-0.242
-0.328
-0.093
-0.177
-0.379
-0.241
-0.323
-0.194
-0.269
-0.071
-0.198
-0.295
-0.363
-0.319
-0.202
-0.27
-0.281
-0.402
-0.405
-0.341
-0.344
-0.339
-0.237
-0.244
-0.322
-0.355
-0.248
-0.234
-0.224
-0.232
-0.371
-0.316
-0.406
-0.194
-0.268
-0.394
-0.364
-0.389
-0.501
-0.457
-0.342
-0.409
-0.458
-0.278
-0.299
-0.298
-0.272
-0.408
-0.391
-0.33
-0.291
-0.364
-0.284
-0.494
-0.36
-0.282
-0.298
-0.326
-0.23
-0.351
-0.336
-0.409
-0.401
-0.326
-0.347
-0.19
-0.363
-0.326
-0.321
-0.438
-0.393
-0.389
-0.264
-0.322
-0.227
-0.411
-0.286
-0.309
-0.324
-0.374
-0.385
-0.409
-0.351
-0.434
-0.273
-0.247
-0.288
-0.208
-0.258
-0.291
-0.271
-0.209
-0.269
-0.334
-0.345
-0.304
-0.36
-0.355
-0.361
-0.236
-0.251
-0.279
-0.25
-0.396
-0.317
-0.363
-0.298
-0.32
-0.297
-0.336
-0.328
-0.345
-0.27
-0.109
-0.294
-0.392
-0.331
-0.254
-0.363
-0.31
-0.355
-0.168
-0.319
-0.291
-0.291
-0.202
-0.246
-0.258
-0.319
-0.246
-0.314
-0.328
-0.253
-0.306
-0.19
-0.125
-0.223
-0.264
-0.363
-0.182
-0.276
-0.163
-0.238
-0.125
-0.071
-0.177
-0.033
-0.147
-0.083
-0.216
-0.152
-0.22
-0.167
-0.169
-0.134
-0.204
-0.214
-0.222
-0.225
-0.24
-0.27
-0.172
-0.228
-0.223
-0.253
-0.287
-0.191
-0.238
-0.192
-0.324
-0.274
-0.199
-0.27
-0.338
-0.229
-0.287
-0.297
-0.253
-0.217
-0.212
-0.226
-0.275
-0.252
-0.3
-0.255
-0.216
-0.147
-0.2
-0.087
-0.108
-0.132
-0.252
-0.212
-0.133
-0.044
-0.087
-0.21
-0.15
-0.206
-0.283
-0.207
-0.191
-0.183
-0.149
-0.278
-0.238
-0.258
-0.289
-0.258
-0.191
-0.351
-0.317
-0.253
-0.198
-0.242
-0.268
-0.258
-0.178
-0.183
-0.274
-0.298
-0.246
-0.288
-0.202
-0.341
-0.215
-0.328
-0.325
-0.275
-0.202
-0.253
-0.234
-0.186
-0.134
-0.23
-0.142
-0.163
-0.26
-0.103
-0.26
-0.199
-0.215
-0.123
-0.255
-0.307
-0.281
-0.286
-0.211
-0.222
-0.211
-0.24
-0.273
-0.247
-0.207
-0.192
-0.164
-0.275
-0.189
-0.246
-0.192
-0.207
-0.217
-0.094
-0.29
-0.175
-0.355
-0.185
-0.238
-0.32
-0.278
-0.216
-0.26
-0.258
-0.255
-0.203
-0.152
-0.145
-0.183
-0.175
-0.217
-0.095
-0.217
-0.16
-0.181
-0.184
-0.158
-0.236
-0.127
-0.293
-0.14
-0.182
-0.114
-0.266
-0.186
-0.242
-0.214
-0.218
-0.172
-0.157
-0.151
-0.166
-0.303
-0.33
-0.34
-0.271
-0.256
-0.285
-0.174
-0.243
-0.273
-0.282
-0.253
-0.136
-0.168
-0.264
-0.193
-0.238
-0.335
-0.222
-0.313
-0.284
-0.253
-0.223
-0.238
-0.261
-0.158
-0.287
-0.375
-0.371
-0.213
-0.397
-0.274
-0.253
-0.303
-0.262
-0.364
-0.344
-0.267
-0.306
-0.341
-0.341
-0.299
-0.323
-0.278
-0.382
-0.356
-0.251
-0.295
-0.232
-0.272
-0.286
-0.269
