-535.275
-534.018
-514.749
-558.813
-522.802
-535.482
-537.616
-527.909
-518.716
-510.267
-479.385
-555.711
-557.687
-536.187
-538.262
-501.85
-526.658
-481.253
-517.153
-506.808
-522.659
-532.733
-501.808
-549.044
-526.353
-513.558
-489.547
-471.091
-541.293
-518.761
-458.537
-510.244
-457.839
-495.469
-476.527
-490.919
-523.886
-500.843
-498.31
-484.436
-476.341
-459.745
-508.394
-500.628
-485.84
-503.744
-468.2
-458.333
-495.28
-490.647
-491.406
-463.251
-495.571
-547.626
-498.564
-555.9
-523.894
-565.565
-576.769
-539.365
-557.911
-582.913
-586.079
-582.528
-637.755
-616.532
-617.875
-592.736
-591.239
-611.279
-608.552
-598.696
-610.877
-556.929
-606.885
-570.328
-628.628
-630.662
-636.047
-618.193
-622.556
-605.619
-634.484
-645.643
-623.065
-644.391
-643.496
-614.66
-586.578
-590.416
-591.864
-608.932
-550.975
-592.761
-627.502
-589.484
-589.999
-607.569
-569.736
-609.811
-626.525
-511.301
-594.745
-547.987
-563.37
-586.953
-600.731
-616.256
-607.749
-539.497
-566.337
-506.519
-571.754
-545.781
-516.256
-576.649
-570.691
-576.162
-552.414
-530.316
-577.549
-583.263
-607.847
-606.328
-600.476
-581.422
-628.285
-580.719
-596.945
-592.856
-618.794
-616.745
-556.497
-573.061
-586.112
-666.38
-634.674
-584.094
-626.708
-615.537
-652.319
-612.681
-620.165
-627.893
-648.108
-647.76
-596.771
-665.32
-687.452
-640.034
-544.114
-622.81
-672.649
-623.082
-631.292
-673.979
-638.597
-634.209
-545.874
-615.903
-669.469
-634.661
-603.617
-667.171
-593.692
-602.55
-641.414
-609.416
-622.495
-597.147
-606.678
-585.822
-645.075
-594.496
-579.39
-615.792
-594.43
-578.375
-532.928
-561.316
-568.239
-564.568
-506.82
-508.47
-560.311
-509.842
-523.383
-567.74
-544.844
-535.253
-537.163
-532.396
-558.105
-542.405
-577.316
-555.086
-576.204
-538.412
-543.791
-517.448
-540.533
-555.165
-583.568
-579.541
-608.171
-580.659
-540.323
-550.244
-585.919
-617.569
-575.384
-589.466
-593.06
-583.685
-503.448
-536.827
-534.83
-568.602
-597.504
-544.28
-571.081
-544.789
-562.755
-605.316
-611.9
-585.136
-600.68
-597.482
-612.383
-616.398
-628.368
-545.451
-580.885
-597.501
-558.253
-606.349
-563.067
-597.048
-567.16
-578.408
-596.991
-548.357
-595.851
-549.51
-511.204
-574.925
-566.117
-546.258
-563.796
-532.829
-549.761
-544.921
-576.637
-569.626
-566.304
-583.491
-532.149
-550.971
-547.617
-588.264
-586.774
-506.842
-518.021
-510.354
-547.925
-550.52
-530.233
-495.566
-507.598
-461.635
-484.897
-484.274
-498.927
-526.617
-473.619
-503.306
-457.73
-497.651
-535.298
-506.648
-541.17
-521.286
-534.622
-517.729
-519.595
-542.396
-534.317
-558.762
-482.25
-520.948
-481.887
-508.253
-490.903
-489.791
-465.016
-489.967
-493.185
-486.099
-501.612
-450.745
-533.51
-493.806
-509.665
-462.71
-477.367
-509.971
-485.261
-522.11
-474.155
-498.405
-476.636
-482.809
-512.581
-507.145
-537.068
-492.113
-529.441
-497.788
-469.017
-519.176
-529.576
-483.592
-495.499
-523.675
-506.145
-511.956
-493.034
-522.387
-536.297
-499.262
-522.0
-526.002
-527.153
-547.149
-529.842
-520.152
-504.618
-523.429
-489.151
-478.631
-517.501
-482.576
-540.85
-486.595
-513.357
-499.646
-523.695
-521.59
-524.389
-497.921
-512.261
-532.499
-514.94
-571.055
-543.643
-560.488
-530.896
-474.313
-502.684
-482.287
-485.425
-516.103
-471.885
-472.029
-498.826
-483.848
-477.123
-454.512
-481.075
-515.127
-481.731
-521.148
-483.007
-531.226
-487.462
-488.759
-526.135
-479.678
-515.95
-493.862
-518.533
-485.922
-474.126
-520.532
-513.247
-454.896
-464.087
-487.505
-489.478
-460.747
-463.19
-463.915
-495.11
-459.38
-490.09
-459.235
-468.255
-423.484
-471.113
-482.008
-478.171
-474.927
-434.151
-482.132
-475.116
-478.225
-446.346
-477.919
-511.21
-469.299
-481.152
-483.214
-502.361
-495.948
-485.408
-446.879
-484.251
-480.51
-441.828
-448.47
-457.151
-481.621
-472.141
-477.544
-469.553
-451.504
-461.574
-430.028
-455.441
-489.038
-514.826
-517.243
-502.447
-473.456
-467.509
-470.413
-504.171
-473.497
-473.948
-466.098
-459.624
-458.424
-452.055
-469.716
-449.606
-441.212
-436.218
-448.444
-460.124
-453.216
-483.235
-529.236
-559.492
-482.397
-469.448
-494.507
-479.233
-497.927
-454.802
-423.746
-451.036
-465.419
-484.06
-533.462
-536.275
-499.654
-510.493
-462.997
-486.583
-485.969
-483.138
-449.737
-482.79
-536.675
-463.411
-489.148
-553.742
-486.963
-441.805
-511.95
-520.492
-468.793
-526.105
-502.266
-494.829
-536.008
-534.887
-527.1
-501.086
-521.758
-522.933
-509.559
-519.894
-501.9
-529.316
-514.581
-500.953
-527.829
-524.515
-535.155
-549.001
