-0.172
-0.229
-0.277
-0.295
-0.34
-0.338
-0.358
-0.192
-0.357
-0.26
-0.196
-0.458
-0.252
-0.262
-0.183
-0.075
-0.193
-0.108
-0.211
-0.047
-0.073
-0.122
-0.242
-0.009
-0.177
-0.104
-0.212
-0.129
-0.203
-0.134
-0.217
-0.121
-0.23
-0.209
-0.065
-0.18
-0.219
-0.14
-0.17
-0.169
-0.049
-0.14
-0.176
-0.308
-0.193
-0.32
-0.194
-0.227
-0.158
-0.138
-0.252
-0.13
-0.177
-0.151
-0.062
-0.113
-0.132
-0.075
-0.043
-0.029
-0.197
-0.123
-0.117
-0.165
-0.257
-0.228
-0.237
-0.257
-0.252
-0.203
-0.193
-0.269
-0.113
-0.283
-0.19
-0.125
-0.173
-0.22
-0.201
-0.154
-0.186
-0.212
-0.29
-0.225
-0.224
-0.246
-0.186
-0.196
-0.071
-0.237
-0.207
-0.227
-0.246
-0.203
-0.257
-0.179
-0.282
-0.15
-0.233
-0.166
-0.189
-0.111
-0.198
-0.321
-0.157
-0.317
-0.24
-0.192
-0.188
-0.192
-0.244
-0.235
-0.208
-0.169
-0.197
-0.283
-0.246
-0.197
-0.332
-0.186
-0.17
-0.202
-0.23
-0.183
-0.257
-0.235
-0.136
-0.378
-0.242
-0.248
-0.246
-0.248
-0.288
-0.24
-0.209
-0.248
-0.355
-0.248
-0.219
-0.317
-0.362
-0.215
-0.289
-0.256
-0.261
-0.195
-0.212
-0.284
-0.092
-0.246
-0.286
-0.223
-0.261
-0.332
-0.24
-0.32
-0.26
-0.162
-0.188
-0.267
-0.278
-0.24
-0.2
-0.266
-0.263
-0.264
-0.149
-0.129
-0.223
-0.213
-0.153
-0.327
-0.306
-0.315
-0.326
-0.264
-0.24
-0.195
-0.228
-0.236
-0.182
-0.305
-0.24
-0.278
-0.096
-0.188
-0.13
-0.139
-0.213
-0.202
-0.272
-0.222
-0.282
-0.147
-0.195
-0.167
-0.156
-0.141
-0.314
-0.304
-0.159
-0.369
-0.182
-0.219
-0.216
-0.281
-0.178
-0.232
-0.348
-0.23
-0.24
-0.277
-0.185
-0.267
-0.274
-0.131
-0.183
-0.134
-0.174
-0.287
-0.146
-0.214
-0.157
-0.173
-0.214
-0.241
-0.372
-0.185
-0.276
-0.29
-0.223
-0.267
-0.215
-0.226
-0.201
-0.235
-0.208
-0.213
-0.289
-0.208
-0.202
-0.138
-0.18
-0.293
-0.116
-0.318
-0.23
-0.281
-0.174
-0.201
-0.318
-0.226
-0.18
-0.231
-0.193
-0.123
-0.399
-0.258
-0.201
-0.246
-0.337
-0.144
-0.121
-0.351
-0.236
-0.22
-0.296
-0.242
-0.203
-0.277
-0.292
-0.365
-0.192
-0.198
-0.275
-0.256
-0.192
-0.185
-0.173
-0.15
-0.213
-0.17
-0.234
-0.155
-0.097
-0.258
-0.214
-0.189
-0.235
-0.291
-0.293
-0.133
-0.079
-0.176
-0.203
-0.18
-0.267
-0.193
-0.185
-0.288
-0.183
-0.211
-0.221
-0.246
-0.236
-0.179
-0.195
-0.201
-0.106
-0.177
-0.169
-0.182
-0.233
-0.271
-0.233
-0.256
-0.132
-0.135
-0.269
-0.128
-0.166
-0.219
-0.243
-0.211
-0.098
-0.204
-0.175
-0.154
-0.106
-0.124
-0.159
-0.256
-0.244
-0.161
-0.324
-0.138
-0.15
-0.195
-0.164
-0.081
-0.216
-0.114
-0.259
-0.187
-0.273
-0.292
-0.249
-0.243
-0.275
-0.271
-0.196
-0.22
-0.322
-0.28
-0.291
-0.296
-0.284
-0.226
-0.295
-0.204
-0.296
-0.19
-0.226
-0.349
-0.279
-0.319
-0.181
-0.365
-0.188
-0.255
-0.212
-0.333
-0.246
-0.3
-0.296
-0.23
-0.277
-0.279
-0.186
-0.135
-0.127
-0.3
-0.339
-0.197
-0.176
-0.251
-0.3
-0.208
-0.234
-0.299
-0.178
-0.162
-0.193
-0.173
-0.256
-0.33
-0.261
-0.178
-0.174
-0.113
-0.12
-0.165
-0.168
-0.167
-0.2
-0.238
-0.188
-0.238
-0.259
-0.248
-0.278
-0.192
-0.195
-0.211
-0.265
-0.211
-0.173
-0.245
-0.149
-0.161
-0.221
-0.292
-0.287
-0.129
-0.298
-0.291
-0.192
-0.198
-0.135
-0.233
-0.259
-0.216
-0.201
-0.193
-0.228
-0.204
-0.321
-0.256
-0.326
-0.221
-0.223
-0.306
-0.236
-0.146
-0.282
-0.191
-0.227
-0.196
-0.282
-0.289
-0.269
-0.209
-0.208
-0.153
-0.191
-0.137
-0.154
-0.25
-0.188
-0.196
-0.19
-0.068
-0.128
-0.221
-0.218
-0.143
-0.196
-0.283
-0.194
-0.13
-0.142
-0.205
-0.206
-0.162
-0.291
-0.287
-0.367
-0.161
-0.2
-0.043
-0.104
-0.138
-0.279
-0.198
-0.212
-0.159
-0.106
-0.139
-0.118
-0.234
-0.101
-0.135
-0.256
-0.075
-0.196
-0.049
-0.298
-0.066
-0.208
-0.125
-0.212
