-23.27
-18.71
-19.468
-20.331
-20.089
-23.311
-16.14
-23.163
-18.46
-22.664
-27.284
-28.195
-22.773
-24.792
-27.042
-22.425
-19.122
-25.126
-24.262
-21.662
-24.102
-27.324
-16.385
-25.253
-26.728
-23.868
-29.373
-28.965
-30.502
-27.501
-31.346
-30.653
-22.561
-28.422
-24.028
-25.927
-21.778
-23.932
-26.075
-23.747
-28.678
-24.773
-25.229
-30.4
-24.157
-24.22
-26.367
-29.129
-25.435
-24.874
-27.576
-28.816
-22.204
-28.006
-29.688
-26.042
-26.292
-29.364
-24.11
-22.562
-28.423
-30.741
-24.246
-28.662
-19.251
-16.542
-25.233
-23.194
-24.651
-22.226
-25.353
-22.17
-17.757
-21.849
-19.525
-28.067
-24.785
-22.562
-21.943
-30.695
-22.837
-24.985
-21.006
-24.576
-28.265
-27.342
-23.923
-20.446
-23.916
-24.809
-28.153
-17.636
-20.622
-21.752
-22.868
-20.137
-18.281
-22.959
-12.694
-23.248
-19.355
-25.662
-17.278
-23.568
-23.271
-19.602
-23.682
-19.108
-17.194
-19.671
-19.847
-22.036
-18.429
-22.316
-25.88
-24.469
-25.462
-16.309
-24.197
-21.878
-21.37
-21.325
-20.437
-22.885
-19.953
-17.37
-24.076
-18.866
-26.164
-23.778
-22.597
-23.555
-23.51
-19.841
-19.154
-16.225
-13.698
-27.267
-19.791
-18.078
-16.701
-22.659
-23.15
-22.277
-16.186
-21.378
-24.537
-5.002
-19.181
-14.558
-26.526
-24.855
-17.742
-20.177
-24.851
-23.449
-18.13
-17.311
10.747
-24.569
-28.212
-20.347
-18.078
-12.004
-9.004
-21.731
-20.713
-19.266
-23.658
-19.133
-19.179
-22.424
-7.519
-22.919
-20.927
-21.127
-16.585
-20.151
-23.35
-19.54
-17.48
-17.231
-11.979
-17.093
-17.355
-20.079
-17.26
-20.251
-16.272
-9.781
-22.943
-16.74
-20.115
-14.34
-22.306
-22.79
-16.542
-20.61
-18.169
-23.923
-17.631
-20.321
-14.143
-21.422
-19.791
-23.763
-16.084
-20.42
-17.468
-23.761
-23.594
-14.617
-25.445
-22.177
-19.119
-16.652
-17.559
-20.043
-23.183
-16.995
-20.334
-21.258
-26.005
-18.959
-21.391
-19.694
-18.443
-26.033
-18.059
-21.027
-20.276
-22.301
-15.26
-19.231
-17.794
-18.588
-19.505
-21.322
-22.326
-20.786
-21.081
-15.981
-18.676
-16.95
-18.657
-14.006
-19.838
-18.618
-20.929
-14.788
-17.908
-18.912
-20.081
-20.78
-20.572
-23.015
-18.801
-23.171
-22.367
-24.154
-22.402
-18.137
-19.256
-16.154
-19.992
-19.823
-21.669
-18.103
-15.372
-15.494
-21.174
-20.03
-21.521
-23.282
-17.185
-14.099
-18.334
-25.217
-17.198
-18.885
-19.547
-19.051
-21.834
-19.118
-20.537
-18.443
-13.802
-23.928
-16.695
-20.826
-22.993
-20.962
-18.193
-16.603
-20.593
-24.623
-22.597
-22.31
-17.6
-18.83
-16.374
-22.753
-17.817
-18.368
-14.412
-23.335
-17.337
-18.534
-25.075
-7.153
-20.075
-16.717
-22.349
-18.381
-19.494
-19.741
-19.122
-21.864
-19.042
-14.552
-21.48
-16.973
-20.244
-19.992
-21.716
-20.966
-24.04
-20.531
-16.071
-18.598
-23.227
-16.188
-15.663
-19.618
-18.223
-14.73
-17.45
-22.445
-16.524
-22.625
-21.604
-13.968
-20.128
-18.131
-15.774
-21.143
-22.609
-18.38
-13.744
-23.045
-12.511
-16.737
-16.484
-23.034
-16.251
-20.326
-19.429
-21.087
-20.117
-16.547
-19.774
-21.031
-23.242
-21.012
-16.087
-22.508
-14.77
-19.662
-17.818
-22.274
-18.086
-18.958
-18.012
-21.889
-19.524
-17.576
-15.051
-20.967
-18.356
-16.107
-18.453
-15.473
-17.363
-20.056
-16.952
-16.249
-18.789
-15.759
-16.981
-19.078
-21.784
-19.213
-15.634
-14.664
-23.046
-19.102
-12.954
-12.889
-16.231
-14.519
-24.152
-21.794
-15.469
-18.187
-14.15
-17.863
-19.512
-17.416
-17.995
-17.397
-17.871
-13.931
-11.499
-12.026
-14.714
-12.83
-13.58
-15.736
-16.385
-15.133
-16.595
-21.847
-17.181
22.281
-21.309
-17.228
-19.393
-21.105
-22.874
-22.001
-10.442
-16.784
-20.091
-17.372
-18.836
-20.862
-16.739
-22.154
-19.584
-14.454
-18.346
-15.4
-16.95
-18.19
-15.973
-18.789
-14.016
-15.493
-19.122
-23.017
-19.603
-18.795
-20.255
3.347
-12.649
-18.946
-17.54
-23.454
-19.849
-18.03
-11.591
-19.354
-26.754
-21.161
-20.87
-10.098
-25.574
-10.468
-20.919
-24.451
-17.23
-20.161
-22.218
-10.418
-19.294
-15.334
-17.063
-20.71
-17.381
-19.797
-13.433
-17.446
-15.623
-16.023
-14.982
-14.197
-8.897
-16.19
-18.293
-19.816
-13.939
-0.51
-16.725
-12.802
-16.564
-12.117
-23.882
-14.339
-18.721
16.663
-17.799
