0.087
-4.281
-1.837
-0.895
-5.555
-6.421
-2.529
-3.607
-1.46
-0.953
-3.064
0.379
-3.191
-0.59
-3.515
0.259
-4.899
-4.602
-3.201
-4.105
-5.713
-1.41
-6.21
-4.569
-3.576
-2.763
-3.922
-3.495
-3.926
-4.045
-5.779
-4.714
-5.672
-5.859
-8.991
-7.628
-4.735
-7.089
-1.067
-2.827
-2.638
-3.524
-4.606
-4.567
-3.896
-9.15
-6.189
-6.597
-4.695
-4.817
-2.708
-8.725
-7.757
-7.562
-8.339
-8.24
-7.351
-2.544
-6.451
-6.004
-4.307
-7.972
-4.641
-6.537
-5.079
-6.741
-4.294
-5.12
-6.012
-9.023
-3.409
-4.157
-4.555
-5.264
-4.773
-4.784
-4.997
-5.172
-3.951
-4.616
-5.565
-4.923
-6.464
-4.244
-1.911
-1.848
-1.321
-7.245
-3.607
-4.87
-4.819
-5.249
-3.963
-1.26
-7.75
-6.413
-5.054
-6.542
-7.49
-6.776
-6.835
-3.018
-1.411
-5.676
0.231
-7.229
-4.459
-1.328
-4.843
-6.7
-3.057
-0.443
-4.852
-5.738
-5.958
-6.126
-5.321
-5.483
-5.86
-2.685
-3.666
-4.939
-5.706
-6.635
-4.777
-7.525
-8.391
-5.583
-8.335
-5.403
-3.569
-4.824
-3.111
-5.631
-1.121
-7.151
-5.078
-7.453
-6.726
-6.391
-7.504
-6.13
-7.64
-9.187
-6.258
-9.449
-5.013
-5.971
-7.49
-4.807
-7.807
-5.038
-5.895
-5.371
-0.399
-7.666
-8.142
-8.845
-6.419
-10.636
-6.191
-8.232
-6.47
-8.032
-9.73
-8.469
-5.558
-7.481
-7.133
-6.264
-6.893
-4.331
-7.72
-2.789
-3.657
-3.439
-7.951
-9.056
-7.374
-7.362
-4.1
-4.033
-3.012
-8.245
-4.815
-6.34
-6.186
-4.758
-1.798
-4.846
-1.045
-1.129
-5.143
-4.038
-6.55
-4.098
-3.682
-5.378
-5.797
-5.633
-5.219
-5.23
-4.334
-5.199
-5.796
-5.613
-6.236
-3.625
-5.859
-3.392
-6.706
-7.644
-5.145
-6.484
-8.273
-6.251
-4.01
-5.627
-3.333
-5.626
-4.505
-5.515
-6.805
-6.453
-6.458
-4.969
-5.984
-7.405
-7.176
-7.746
-8.959
-6.651
-6.697
-5.835
-3.903
-7.377
-6.545
-9.207
-4.899
-4.879
-3.816
-5.318
-7.402
-5.98
-4.491
-5.986
-4.72
-8.162
-4.257
-3.371
-7.946
-9.724
-9.597
-5.31
-7.784
-6.574
-5.723
-7.255
-7.302
-6.721
-4.933
-5.941
-2.692
-5.576
-3.833
-2.321
-5.999
-4.825
-3.383
-2.698
-3.895
-5.711
-5.11
-6.711
-5.662
-7.485
-7.719
-8.74
-7.663
-9.918
-10.288
-6.904
-9.536
-5.396
-7.479
-6.748
-7.369
-2.822
-8.763
-6.387
-5.222
-4.584
-6.217
-8.514
-4.066
-4.187
-7.397
-6.339
-5.866
-6.948
-6.017
-5.443
-5.311
-5.334
-6.807
-6.617
-7.693
-10.105
-6.726
-5.232
-5.445
-5.207
-4.466
-4.251
-3.442
-6.528
-5.047
-5.768
-5.058
-5.079
-6.689
-6.064
-4.04
-4.949
-6.474
-4.739
-6.662
-5.565
-5.611
-4.473
-3.904
-5.781
-6.511
-6.434
-5.759
-7.618
-8.861
-8.329
-5.822
-7.943
-6.051
-6.873
-7.832
-7.194
-5.376
-8.089
-6.971
-9.503
-6.731
-8.386
-5.444
-7.42
-7.87
-7.24
-6.926
-6.096
-7.031
-7.141
-7.678
-7.635
-6.09
-4.141
-4.758
-4.985
-7.196
-8.489
-6.209
-7.331
-4.587
-9.643
-4.306
-7.757
-7.309
-7.93
-8.803
-7.071
-4.83
-9.688
-9.323
-7.745
-4.949
-5.211
-3.936
-7.123
-8.217
-5.526
-4.449
-3.776
-6.491
-4.41
-7.122
-5.407
-7.234
-9.545
-5.987
-2.608
-5.747
-8.756
-5.907
-9.142
-4.294
-7.549
-7.431
-6.879
-7.714
-7.69
-8.126
-5.89
-2.842
-6.186
-5.028
-6.249
-3.381
-7.883
-8.18
-5.609
-5.665
-4.297
-6.63
-5.745
-3.331
-6.258
-6.867
-2.248
-4.013
-5.172
-7.086
-7.79
-4.24
-6.065
-7.624
-7.349
-7.585
-6.158
-6.732
-5.345
-4.413
-4.25
-5.485
-3.817
-3.852
-1.695
-6.105
-3.668
-4.17
-2.62
-3.577
-2.619
-3.741
-2.349
-5.998
-3.483
-4.353
-2.797
-7.487
-3.975
-6.942
-7.0
-2.676
-4.282
-4.303
-3.744
-3.084
-4.579
-2.839
-5.872
-4.042
-4.765
-3.349
-5.101
-2.579
-4.165
-4.707
-3.64
-5.507
-5.481
-4.463
-5.026
-6.396
-3.733
-4.168
-6.296
-2.762
-6.245
-6.437
-6.125
-5.242
-5.492
-5.716
-6.711
-7.555
-3.633
-6.785
-7.847
-5.127
-5.409
-5.112
-3.793
-5.396
-7.695
-3.375
