-70.27
-75.66
-68.32
-75.75
-75.02
-72.73
-82.88
-86.33
-72.84
-73.75
-83.07
-76.42
-76.6
-77.57
-75.65
-76.25
-77.22
-78.5
-66.56
-77.48
-81.74
-87.85
-76.91
-87.17
-88.74
-100.82
-95.67
-95.35
-96.17
-100.23
-93.73
-89.46
-102.02
-97.16
-97.81
-98.95
-98.29
-94.72
-93.47
-99.01
-93.25
-94.63
-84.82
-83.83
-94.81
-95.14
-89.02
-92.95
-88.99
-87.88
-87.23
-92.2
-84.12
-79.05
-91.61
-95.14
-82.93
-99.77
-85.46
-91.85
-88.66
-89.74
-86.36
-81.4
-76.38
-85.33
-89.83
-80.11
-88.14
-89.45
-83.63
-83.94
-75.61
-88.05
-80.13
-87.28
-77.61
-92.52
-81.0
-86.79
-83.08
-76.3
-89.18
-78.58
-93.51
-86.31
-78.52
-81.37
-73.27
-83.11
-89.32
-81.95
-73.07
-75.52
-71.53
-75.76
-77.91
-81.36
-86.34
-79.85
-75.1
-76.47
-83.88
-80.91
-75.21
-63.85
-67.96
-60.39
-72.26
-76.4
-79.8
-74.35
-83.19
-81.8
-78.71
-79.24
-81.91
-74.59
-89.15
-78.01
-78.16
-91.08
-78.86
-88.7
-81.56
-83.58
-76.49
-69.84
-78.91
-72.51
-74.78
-76.68
-83.81
-73.71
-69.71
-81.59
-79.37
-86.64
-81.8
-73.03
-81.5
-83.54
-77.49
-81.59
-89.31
-84.03
-86.9
-79.3
-83.73
-77.66
-75.87
-84.03
-85.03
-80.33
-83.62
-79.73
-77.5
-84.48
-82.35
-77.2
-83.95
-76.56
-75.26
-77.64
-84.4
-84.54
-84.41
-68.84
-72.0
-72.84
-74.85
-74.98
-77.97
-80.8
-72.25
-71.64
-71.86
-72.97
-71.03
-78.26
-66.51
-72.29
-73.17
-69.64
-65.65
-56.29
-69.52
-64.12
-63.25
-71.96
-74.85
-69.79
-65.01
-66.44
-66.06
-76.22
-74.22
-67.26
-75.97
-69.43
-76.12
-61.71
-67.11
-70.77
-61.71
-67.7
-72.27
-77.76
-65.68
-71.12
-73.77
-77.91
-83.9
-78.23
-71.31
-84.85
-70.82
-75.3
-73.24
-74.04
-73.63
-79.83
-75.13
-75.03
-72.2
-75.44
-63.77
-76.66
-78.87
-70.01
-69.77
-71.79
-70.44
-70.41
-73.79
-77.22
-66.04
-71.9
-77.6
-68.67
-69.31
-74.64
-73.94
-76.11
-70.98
-69.74
-69.46
-71.55
-71.95
-71.13
-75.22
-74.65
-78.99
-72.04
-75.28
-72.67
-73.76
-84.41
-77.99
-81.9
-73.17
-69.93
-72.73
-74.11
-78.93
-70.53
-77.48
-65.0
-61.6
-76.08
-72.66
-73.71
-73.74
-64.38
-57.11
-75.4
-71.09
-78.23
-67.8
-74.9
-77.03
-74.07
-85.75
-76.41
-80.75
-74.26
-78.03
-75.07
-68.12
-82.5
-75.8
-82.17
-76.95
-79.3
-78.4
-79.71
-70.48
-63.0
-72.35
-71.07
-72.9
-71.62
-70.52
-71.59
-75.04
-64.21
-72.59
-72.35
-66.53
-65.6
-69.56
-69.01
-72.18
-72.74
-69.48
-76.65
-67.75
-79.49
-78.51
-69.81
-74.03
-72.2
-81.66
-66.3
-71.8
-72.14
-75.48
-70.97
-67.25
-74.06
-68.73
-69.19
-79.87
-75.46
-69.93
-76.9
-80.42
-76.88
-68.41
-77.47
-70.94
-74.67
-79.28
-71.39
-60.58
-80.46
-87.26
-80.07
-73.82
-79.53
-76.93
-73.99
-72.28
-80.12
-75.69
-73.84
-83.4
-77.37
-72.13
-76.47
-75.28
-66.04
-72.9
-72.31
-76.22
-77.89
-71.52
-71.96
-72.15
-78.07
-70.07
-80.49
-73.11
-72.32
-72.62
-77.56
-74.67
-82.14
-76.13
-75.95
-67.55
-65.94
-75.92
-69.24
-71.62
-71.88
-72.29
-70.06
-73.48
-71.13
-75.14
-71.01
-72.5
-74.25
-64.6
-71.59
-74.2
-73.58
-70.12
-76.29
-73.08
-66.06
-73.77
-77.92
-68.68
-80.66
-81.02
-70.79
-75.24
-81.7
-71.94
-69.89
-66.01
-73.58
-76.2
-72.25
-77.41
-77.33
-82.23
-76.68
-83.41
-76.5
-71.88
-74.21
-81.87
-71.35
-86.24
-79.6
-79.1
-85.81
-83.83
-74.99
-79.84
-74.86
-79.54
-80.04
-76.39
-73.84
-85.04
-73.08
-73.62
-67.33
-71.78
-74.45
-79.72
-69.59
-72.15
-75.34
-72.23
-84.62
-81.15
-79.29
-80.02
-81.46
-79.87
-83.12
-84.84
-73.19
-68.92
-70.64
-66.57
-66.73
-73.7
-75.69
-74.97
-61.82
-70.76
-67.93
-72.1
-71.37
-64.41
-66.17
-74.64
-71.22
-72.23
-76.97
-68.69
-68.97
-67.49
-65.25
-59.08
-66.73
-65.53
-67.95
-67.98
-66.78
-67.23
-73.69
-75.53
-71.0
-72.39
-76.69
-62.13
-68.05
-69.68
-72.62
-74.82
-66.66
-68.22
-64.37
-63.36
