-364.224
-257.597
-327.646
-278.199
-353.891
-309.254
-378.576
-364.377
-333.087
-350.583
-399.023
-421.679
-386.286
-410.322
-340.509
-377.177
-348.628
-286.341
-399.418
-334.537
-312.184
-378.869
-377.3
-433.283
-405.476
-487.454
-441.512
-447.025
-388.872
-448.506
-478.116
-459.407
-462.533
-455.359
-481.972
-443.336
-445.084
-450.316
-430.751
-475.814
-439.429
-432.971
-462.113
-436.011
-461.508
-491.12
-452.011
-451.639
-397.415
-377.814
-476.11
-443.157
-406.847
-430.04
-448.192
-397.792
-440.356
-447.004
-413.117
-384.968
-420.16
-390.947
-430.419
-380.972
-301.717
-449.82
-448.777
-410.879
-455.295
-415.331
-363.389
-356.625
-344.987
-425.405
-384.036
-404.875
-347.72
-411.042
-375.98
-397.571
-406.392
-357.295
-385.74
-360.627
-398.91
-331.434
-315.245
-316.826
-328.947
-318.198
-337.442
-329.657
-322.16
-355.69
-297.085
-325.995
-368.246
-385.094
-389.26
-373.201
-328.866
-344.754
-296.149
-363.048
-384.342
-293.498
-294.37
-284.528
-251.72
-376.347
-304.06
-291.974
-343.214
-381.336
-379.557
-381.047
-385.691
-338.753
-347.629
-353.551
-376.491
-445.835
-416.364
-445.56
-423.836
-403.426
-423.179
-409.603
-381.423
-347.528
-370.97
-355.712
-378.906
-340.055
-292.027
-392.773
-383.115
-397.041
-393.536
-335.988
-380.111
-169.518
-173.875
-376.637
-344.022
-404.545
-320.884
-333.034
-115.507
-332.759
-316.086
-339.991
-188.77
-378.847
-392.973
-185.716
-111.079
-294.598
-296.091
-182.964
-417.471
-396.603
-372.01
-415.391
-440.615
-440.638
-333.149
-148.026
-204.588
-257.749
-167.147
-139.846
-327.623
-179.363
-300.466
-234.926
-120.445
-330.076
-282.648
-263.514
-252.038
-266.214
-285.494
-272.79
-250.259
-256.374
-241.105
-257.819
-227.115
-281.498
-294.53
-332.703
-258.872
-263.436
-266.045
-293.817
-292.382
-255.097
-330.79
-310.076
-318.403
-312.516
-311.103
-345.271
-282.276
-301.97
-352.634
-336.289
-336.581
-326.625
-325.765
-373.94
-285.861
-196.002
-289.407
-126.956
-277.147
-225.023
-120.412
-257.816
-63.402
-47.766
-59.454
-208.131
-284.381
-241.916
-230.844
-307.613
-79.493
-220.147
-251.623
-223.744
-333.594
-204.323
-255.526
-315.471
-223.712
-140.425
-101.343
-75.817
-282.028
-272.261
-107.079
-93.793
-93.671
-240.216
-66.831
-290.36
-295.671
-245.987
-209.296
-107.519
-216.674
-180.821
-261.579
-134.11
-280.174
-311.8
-118.486
-75.289
-320.417
-236.919
-368.12
-364.237
-292.58
-85.736
-85.01
-77.229
-232.373
-290.337
-273.61
-308.772
-317.28
-314.737
-310.45
-316.022
-245.694
-108.975
-313.428
-384.684
-336.182
-337.172
-347.442
-271.531
-93.561
-101.524
-277.706
-258.502
-299.706
-268.774
-321.467
-335.034
-329.022
-328.257
-345.461
-357.343
-332.4
-275.265
-335.031
-345.307
-323.932
-304.321
-311.364
-321.178
-374.327
-279.465
-313.849
-310.726
-315.545
-304.195
-272.222
-314.32
-346.797
-296.094
-292.884
-324.664
-312.854
-315.087
-307.972
-277.886
-303.517
-290.396
-322.157
-280.616
-275.199
-242.37
-318.716
-295.395
-261.508
-268.973
-286.785
-237.167
-309.138
-362.493
-256.207
-291.946
-315.945
-320.118
-323.594
-323.451
-301.824
-278.01
-348.954
-294.248
-307.139
-344.945
-371.743
-341.348
-302.175
-365.778
-333.216
-340.896
-345.219
-333.294
-312.725
-336.81
-344.927
-370.967
-369.709
-344.831
-294.086
-271.632
-292.217
-281.254
-289.774
-362.69
-265.9
-349.327
-329.527
-341.408
-314.273
-336.979
-275.209
-304.497
-316.405
-293.498
-304.672
-337.862
-332.709
-325.02
-282.786
-289.141
-315.407
-331.855
-289.84
-350.322
-344.745
-305.152
-321.801
-310.756
-339.982
-347.396
-342.401
-341.888
-347.446
-337.867
-314.622
-328.685
-336.636
-368.768
-323.805
-319.233
-329.361
-355.239
-351.316
-335.957
-354.159
-335.03
-294.328
-335.131
-349.902
-355.586
-282.656
-343.853
-368.713
-383.728
-357.865
-362.586
-360.407
-362.906
-417.602
-377.382
-383.138
-362.708
-378.276
-357.32
-426.429
-445.414
-439.532
-458.115
-439.022
-401.153
-413.943
-415.848
-433.218
-389.576
-367.84
-422.883
-441.084
-418.462
-360.303
-357.476
-324.65
-296.691
-268.878
-285.645
-290.955
-313.071
-310.963
-358.167
-119.229
-348.75
-308.517
-325.771
-359.63
-181.707
-375.556
-61.189
-9.674
-39.243
-180.077
-199.45
-207.282
-254.134
-261.949
-50.247
-42.858
-35.469
-216.789
-59.854
-54.4
-61.441
-45.6
-24.442
-290.082
-293.177
-61.227
-55.459
-296.476
-181.704
-227.906
-266.907
-54.057
-72.463
-301.177
-297.638
-312.553
-290.097
-312.46
-263.725
-320.773
-353.994
-295.644
-276.827
-287.337
-247.261
-274.862
-279.957
-292.091
-297.208
-223.469
