-2.208
-2.736
-2.25
-2.392
-2.273
-2.313
-2.707
-2.607
-2.599
-1.292
-2.078
-2.303
-2.405
-2.451
-2.196
-2.568
-2.331
-2.348
-2.323
-1.691
-1.911
-2.078
-2.668
-2.718
-1.994
-2.178
-2.301
-2.456
-2.57
-2.75
-2.02
-2.801
-2.911
-2.872
-2.749
-2.903
-2.004
-2.623
-2.203
-2.594
-2.149
-2.286
-2.136
-2.455
-2.666
-2.536
-1.99
-2.894
-2.192
-2.336
-2.406
-2.43
-2.961
-2.542
-2.7
-2.316
-2.099
-2.364
-1.912
-2.6
-2.52
-1.988
-2.267
-1.838
-2.109
-2.273
-2.511
-2.058
-2.572
-2.628
-1.795
-2.107
-1.895
-2.045
-2.13
-2.292
-1.678
-2.593
-1.315
-2.066
-1.425
-1.364
-2.46
-2.062
-1.876
-2.208
-2.021
-2.155
-2.555
-2.221
-2.057
-2.067
-2.53
-2.507
-1.517
-2.902
-1.912
-2.279
-2.833
-1.988
-2.089
-1.986
-2.199
-1.839
-2.729
-2.273
-1.509
-1.986
-2.407
-2.194
-2.638
-2.283
-2.782
-2.258
-1.804
-1.89
-2.575
-1.928
-1.835
-1.728
-2.079
-2.052
-2.053
-1.857
-1.932
-2.378
-2.817
-2.211
-1.671
-1.662
-2.298
-2.318
-2.152
-1.904
-2.036
-2.439
-1.914
-1.725
-2.1
-2.199
-2.277
-2.363
-2.022
-1.391
-1.754
-2.734
-2.215
-2.498
-2.065
-1.746
-2.435
-1.759
-1.813
-1.964
-2.352
-1.984
-2.221
-2.465
-2.312
-2.329
-1.571
-2.269
-2.284
-2.025
-1.956
-2.264
-2.421
-2.301
-2.42
-1.639
-1.026
-2.392
-1.947
-2.614
-1.422
-1.724
-2.438
-2.56
-2.646
-2.488
-2.211
-2.217
-2.443
-1.98
-1.43
-1.671
-2.421
-1.323
-2.434
-1.697
-2.018
-2.028
-2.319
-2.025
-1.722
-1.651
-2.56
-1.894
-1.723
-1.896
-1.432
-2.167
-1.736
-1.892
-2.329
-1.787
-1.091
-2.621
-2.049
-2.351
-2.48
-2.68
-1.906
-2.105
-2.501
-2.508
-1.578
-2.428
-1.986
-2.375
-1.616
-1.993
-1.759
-1.499
-2.479
-2.099
-2.06
-2.121
-2.077
-2.279
-2.17
-0.803
-1.998
-2.167
-2.862
-2.067
-1.834
-2.33
-2.076
-2.277
-1.685
-2.049
-1.349
-2.485
-1.291
-2.129
-1.424
-2.181
-2.416
-1.991
-2.348
-2.305
-2.242
-2.029
-2.171
-1.511
-2.48
-2.481
-3.291
-2.991
-1.792
-2.046
-1.856
-2.267
-2.464
-1.135
-2.397
-1.505
-1.709
-1.765
-1.825
-2.19
-1.351
-1.948
-1.812
-2.226
-2.59
-2.244
-2.273
-2.269
-1.876
-1.805
-2.649
-1.617
-2.026
-1.251
-1.868
-1.772
-1.88
-1.84
-2.192
-2.049
-1.661
-1.602
-1.641
-2.434
-1.99
-2.277
-1.817
-1.695
-1.667
-1.778
-1.554
-1.508
-2.336
-1.817
-1.527
-1.085
-1.469
-2.052
-1.585
-2.324
-1.483
-1.696
-1.906
-1.642
-1.193
-1.874
-2.369
-1.843
-1.788
-2.151
-2.354
-2.009
-1.66
-2.05
-1.904
-2.212
-1.761
-1.694
-2.171
-2.086
-2.024
-2.23
-1.612
-2.261
-2.094
-2.079
-1.855
-2.264
-1.77
-1.494
-2.41
-2.154
-1.266
-1.979
-2.109
-2.573
-1.729
-2.413
-2.161
-1.734
-2.363
-2.532
-2.567
-2.493
-2.708
-2.226
-1.892
-2.101
-2.944
-1.761
-1.674
-1.68
-1.434
-1.426
-2.548
-1.725
-2.705
-2.963
-2.232
-2.349
-2.208
-2.44
-2.026
-2.685
-2.432
-2.564
-2.405
-2.143
-1.92
-1.744
-2.271
-1.628
-1.371
-1.737
-1.588
-2.075
-2.014
-2.174
-2.013
-1.937
-2.452
-2.586
-2.549
-2.14
-2.044
-2.256
-2.573
-2.386
-2.079
-2.19
-2.982
-2.085
-1.51
-2.453
-2.923
-1.942
-2.454
-2.581
-1.44
-1.382
-1.772
-1.605
-2.676
-2.294
-2.156
-2.257
-1.989
-2.456
-2.309
-2.273
-1.314
-2.624
-2.969
-1.564
-1.322
-1.856
-1.744
-1.741
-1.676
-1.811
-2.089
-1.469
-1.626
-2.345
-2.055
-2.184
-2.19
-1.569
-2.031
-1.59
-1.977
-2.466
-2.384
-2.575
-1.932
-1.934
-1.583
-1.955
-2.044
-1.74
-2.256
-2.197
-2.147
-1.943
-2.414
-2.816
-1.513
-2.463
-2.035
-1.679
-2.544
-2.469
-2.453
-2.319
-2.007
-2.598
-1.508
-2.179
-2.254
-2.531
-2.071
-2.292
-2.094
-2.152
-1.955
-2.016
-1.953
-1.461
-1.892
-2.271
-1.233
-2.841
-2.182
-2.583
-2.037
-1.897
-2.288
-2.212
-2.026
-2.225
-2.167
-2.526
-1.77
-2.201
-2.339
-1.682
-1.907
-2.556
-1.7
