-501.932
-484.794
-508.094
-468.95
-522.55
-449.558
-508.76
-527.105
-493.989
-521.895
-516.716
-494.079
-530.635
-528.505
-517.907
-501.636
-520.443
-490.387
-541.354
-496.051
-513.166
-513.026
-493.009
-584.797
-564.16
-573.425
-546.505
-575.05
-548.574
-556.994
-567.489
-566.432
-565.56
-551.427
-618.277
-570.951
-572.107
-605.452
-576.619
-593.259
-551.818
-542.086
-566.351
-550.729
-559.641
-553.186
-587.105
-573.88
-544.731
-511.38
-569.72
-589.342
-544.01
-582.379
-586.913
-519.254
-536.157
-548.403
-574.98
-517.763
-532.228
-527.135
-506.641
-501.638
-544.333
-558.687
-583.537
-579.11
-589.493
-555.472
-552.258
-527.947
-489.239
-563.286
-537.566
-549.286
-547.711
-559.08
-555.434
-541.314
-536.308
-561.013
-551.922
-561.535
-550.387
-520.285
-435.147
-556.247
-501.133
-466.366
-477.573
-495.773
-490.268
-514.388
-490.476
-496.573
-517.987
-500.652
-532.069
-529.095
-478.654
-462.42
-474.436
-502.755
-565.698
-496.888
-468.718
-473.842
-475.263
-517.105
-456.832
-493.758
-525.266
-541.355
-529.532
-522.142
-525.513
-481.925
-513.556
-465.875
-486.195
-567.63
-541.338
-523.904
-571.503
-521.441
-556.928
-554.628
-523.663
-501.859
-508.488
-501.79
-538.985
-515.651
-518.088
-567.695
-564.658
-508.408
-562.013
-490.524
-521.0
-520.553
-482.112
-519.797
-533.976
-533.08
-506.791
-531.759
-503.659
-513.599
-485.627
-523.351
-577.499
-499.544
-472.277
-520.887
-491.876
-507.132
-475.821
-544.976
-534.709
-491.371
-448.841
-509.876
-576.33
-511.21
-503.359
-437.838
-444.125
-478.219
-505.878
-468.777
-494.593
-519.338
-491.41
-442.488
-474.096
-457.367
-453.099
-458.592
-430.176
-416.688
-421.398
-454.748
-421.231
-427.006
-417.437
-422.764
-425.873
-456.199
-462.434
-498.984
-451.496
-434.938
-413.844
-478.578
-475.929
-386.878
-466.762
-486.491
-467.333
-463.465
-471.648
-497.848
-448.82
-452.548
-510.479
-486.834
-504.626
-474.177
-502.743
-495.758
-485.572
-471.193
-481.298
-504.419
-488.455
-447.469
-496.57
-449.942
-444.991
-456.846
-473.691
-424.581
-491.195
-469.26
-420.621
-511.546
-465.935
-426.624
-464.322
-474.479
-436.066
-467.095
-478.68
-466.676
-457.367
-487.549
-493.275
-447.451
-454.23
-469.69
-484.599
-455.955
-495.616
-468.665
-424.455
-502.599
-493.576
-471.121
-463.563
-504.804
-466.434
-452.964
-456.622
-459.668
-513.499
-482.605
-500.779
-468.763
-495.093
-493.431
-487.124
-498.105
-504.139
-435.701
-468.394
-443.413
-455.59
-474.108
-472.392
-472.844
-454.147
-470.164
-481.432
-463.065
-456.199
-529.861
-469.301
-530.93
-498.43
-506.923
-508.818
-479.14
-496.074
-476.167
-486.51
-463.253
-476.843
-414.093
-507.455
-471.946
-495.515
-491.717
-470.791
-502.833
-497.675
-456.561
-492.186
-506.718
-503.515
-463.686
-425.981
-476.707
-514.399
-482.03
-476.165
-494.084
-500.188
-492.581
-457.914
-456.948
-512.098
-470.599
-462.559
-470.771
-449.087
-454.716
-465.139
-459.205
-489.719
-445.847
-486.079
-420.148
-383.348
-442.298
-477.151
-443.696
-454.283
-443.081
-463.248
-447.89
-503.166
-528.975
-429.655
-453.825
-523.362
-492.25
-473.812
-487.348
-473.325
-459.086
-519.645
-469.936
-494.821
-480.669
-495.796
-485.204
-461.742
-546.925
-534.151
-476.472
-521.372
-495.065
-490.889
-530.812
-521.617
-553.826
-533.095
-518.713
-482.759
-461.864
-481.237
-459.611
-494.32
-504.87
-433.181
-538.904
-541.032
-565.04
-508.163
-535.206
-507.298
-469.448
-513.177
-495.462
-495.581
-504.031
-504.414
-533.038
-517.185
-473.832
-510.9
-518.649
-457.507
-544.162
-504.975
-454.501
-516.555
-483.459
-481.635
-504.015
-519.171
-479.892
-515.394
-513.604
-507.709
-491.173
-499.418
-505.625
-464.247
-506.982
-472.34
-490.007
-479.222
-501.286
-502.717
-465.252
-454.826
-481.166
-530.891
-456.771
-421.617
-469.665
-531.382
-526.956
-521.959
-487.792
-524.477
-517.197
-572.437
-539.464
-512.918
-519.542
-519.267
-482.659
-547.439
-536.195
-560.725
-572.736
-512.884
-528.745
-553.879
-550.202
-538.073
-540.655
-515.122
-542.323
-535.59
-483.72
-472.081
-477.823
-474.603
-415.274
-433.931
-445.121
-480.969
-513.269
-476.967
-488.043
-471.855
-486.239
-478.787
-499.053
-473.759
-513.337
-499.824
-434.592
-374.833
-419.502
-450.952
-432.445
-430.513
-475.182
-417.646
-433.547
-402.332
-392.695
-421.822
-440.64
-408.725
-491.087
-416.415
-400.442
-438.727
-446.994
-440.473
-410.541
-443.945
-404.748
-412.814
-433.003
-407.754
-438.298
-487.094
-444.302
-456.773
-482.929
-486.927
-464.319
-479.494
-483.628
-483.335
-479.034
-456.192
-418.89
-435.98
-439.872
-423.773
-436.894
-411.667
