-3.925
-5.722
-6.806
-6.876
-4.088
-7.498
-5.69
-5.252
-6.204
-7.348
-5.002
-5.434
-6.939
-5.722
-7.056
-6.049
-7.892
-5.138
-5.585
-4.47
-4.492
-4.698
-4.684
-5.612
-5.368
-6.563
-6.292
-4.353
-5.808
-6.543
-7.22
-5.747
-5.479
-5.617
-5.843
-5.096
-4.593
-6.67
-7.006
-6.39
-5.623
-5.945
-5.409
-4.661
-6.927
-5.243
-6.048
-5.407
-6.607
-7.809
-5.542
-5.918
-4.475
-5.241
-4.455
-5.146
-2.994
-3.706
-2.919
-3.094
-3.507
-1.847
-3.341
-5.043
-2.284
-2.739
-3.458
-6.165
-4.334
-2.833
-4.142
-2.951
-4.781
-3.605
-3.645
-5.534
-5.15
-2.361
-1.616
-1.444
-5.262
-2.18
-4.776
-5.14
-4.27
-4.967
-4.726
-4.636
-4.453
-4.318
-2.375
-3.382
-2.66
-5.245
-3.17
-4.608
-4.576
-4.079
-5.575
-5.073
-3.176
-3.796
-4.042
-3.776
-3.547
-2.35
0.177
-3.132
-4.375
-3.072
-3.676
-4.719
-3.224
-2.5
-3.051
-3.044
-3.887
-3.218
-3.127
-3.23
-4.74
-2.439
-4.387
-2.812
-1.411
-2.74
0.829
-2.915
-2.446
-4.222
0.136
-3.02
-3.257
-4.267
-2.203
-3.554
-2.876
-3.142
-3.01
-1.057
-6.044
-0.213
-2.658
-3.276
-3.453
-5.804
-3.745
-4.319
-2.292
-3.753
-2.703
-1.642
-3.874
-4.988
-6.91
-5.465
-4.668
-2.385
-2.665
0.679
-0.126
-4.954
-2.549
-1.23
0.298
-2.561
-3.039
-4.763
-2.731
-3.354
-1.672
-1.194
-3.098
-0.623
-3.989
-2.355
-3.2
-3.219
-2.212
-1.559
-0.464
0.579
-3.474
-1.59
-0.928
0.118
-0.626
-2.657
-0.733
-1.836
-1.619
-0.823
-0.519
-0.48
-2.067
-2.834
-1.682
-0.931
-1.678
-4.144
-3.118
-1.626
-0.872
-3.746
-2.099
-4.276
-3.344
-2.592
-2.383
-4.359
-1.728
-0.941
-3.905
-3.77
-1.664
-4.873
-1.111
-2.923
0.867
-3.069
-2.853
0.079
-1.159
-6.518
-2.237
-3.894
-1.681
0.2
-2.188
-2.237
-2.087
-1.571
2.635
-1.582
1.072
-0.072
-0.809
-3.282
-1.604
-1.257
-1.068
-0.517
1.919
-1.675
-0.83
-0.324
-3.236
-2.016
0.572
1.148
-3.12
-2.477
-0.132
3.955
-1.442
1.745
-1.282
0.056
0.727
0.974
2.765
0.568
-0.429
4.074
-1.458
-0.497
-2.272
0.024
-1.327
-4.46
2.379
-1.407
-0.741
-0.478
1.69
1.44
0.083
2.398
-2.706
0.839
1.541
-0.59
1.544
0.63
1.271
0.222
1.096
-2.416
-0.682
1.269
-0.164
0.994
1.38
-1.091
0.974
-0.379
-0.759
-2.079
-0.576
1.751
0.075
0.266
-0.561
-1.055
-0.414
1.445
0.063
1.243
4.257
2.951
1.605
-0.172
-0.605
1.357
0.277
0.723
3.479
3.254
-0.387
0.152
-2.836
2.707
1.515
-3.224
1.03
2.549
-0.129
2.312
-0.296
3.675
1.013
1.046
0.334
2.257
-0.424
1.737
1.944
0.158
3.661
2.944
3.697
-0.93
1.089
1.405
-2.488
-3.012
0.647
0.506
1.441
3.83
2.78
0.953
2.078
-0.575
6.855
3.547
2.226
-0.434
4.427
1.449
0.401
0.864
-0.854
-2.163
0.103
0.488
1.98
3.027
2.102
1.915
-2.897
-1.003
1.799
-1.766
0.772
2.182
-2.03
-0.826
2.691
0.896
1.274
2.018
-0.108
0.601
-1.41
1.007
-0.463
-2.001
-1.201
0.737
1.375
0.133
2.108
-0.248
-0.35
2.42
1.716
-0.319
2.264
0.957
-2.488
0.176
0.129
-1.868
0.572
-0.539
-0.17
-4.706
-0.354
0.357
-2.554
-1.074
0.243
0.998
0.966
-2.524
-2.655
-1.414
-2.01
-0.745
1.164
-1.666
-2.179
1.749
0.546
3.452
1.498
-2.121
-0.077
0.121
-0.764
-0.788
-5.863
-2.283
-0.391
-1.199
-3.149
1.8
-3.321
-2.515
-2.605
-0.049
-0.272
1.772
-3.069
-0.363
-1.11
-1.082
1.064
-4.006
1.04
-0.399
2.285
-0.669
-0.764
4.443
3.112
-0.002
1.667
2.841
2.114
-1.867
1.477
0.796
2.363
2.481
0.133
-0.074
1.475
-0.839
1.02
4.9
-0.216
2.707
3.823
-0.079
0.1
-1.55
1.579
2.484
0.836
0.422
0.515
4.443
-0.64
-3.137
2.118
0.777
4.112
3.177
-0.921
0.194
2.64
-1.154
0.872
4.027
2.957
2.679
6.087
3.602
0.458
