-390.626
-363.671
-368.214
-357.098
-363.357
-370.623
-389.323
-368.18
-388.625
-413.744
-436.869
-421.35
-393.93
-409.966
-398.935
-372.784
-391.22
-421.416
-382.844
-401.695
-399.833
-402.496
-428.383
-386.224
-372.673
-383.352
-382.942
-423.151
-425.586
-408.066
-385.034
-385.375
-406.48
-415.688
-401.511
-369.622
-374.431
-384.199
-426.704
-428.446
-378.122
-407.113
-394.641
-414.742
-385.142
-390.737
-373.783
-375.893
-385.344
-369.795
-421.985
-420.333
-419.832
-424.764
-377.046
-364.213
-337.48
-384.034
-407.45
-396.83
-333.649
-299.426
-327.411
-340.592
-344.616
-331.756
-331.328
-321.225
-301.081
-371.752
-349.548
-335.385
-330.242
-326.959
-346.699
-384.767
-377.889
-368.074
-355.229
-323.322
-361.752
-370.992
-362.713
-302.77
-285.342
-343.652
-316.416
-309.788
-352.795
-358.535
-331.047
-351.722
-341.514
-361.357
-323.546
-356.496
-383.622
-362.187
-358.067
-382.385
-386.308
-340.831
-351.806
-369.173
-344.571
-336.231
-382.299
-393.163
-364.156
-354.45
-354.813
-342.216
-379.989
-403.097
-320.086
-374.512
-377.654
-369.149
-405.683
-408.365
-375.231
-362.84
-406.766
-382.949
-379.418
-414.843
-415.209
-416.477
-368.813
-383.014
-374.413
-406.407
-400.055
-429.816
-412.773
-416.974
-423.357
-369.234
-427.153
-393.607
-370.739
-337.555
-376.161
-390.477
-428.015
-404.527
-398.258
-404.329
-389.68
-391.697
-416.467
-370.961
-388.9
-423.127
-339.418
-340.243
-396.25
-379.881
-367.505
-384.786
-416.23
-444.214
-403.212
-329.03
-349.559
-401.82
-368.41
-330.051
-378.693
-341.821
-348.815
-334.053
-386.474
-400.409
-342.398
-355.579
-385.517
-410.887
-390.675
-400.88
-330.527
-315.793
-296.077
-294.451
-368.385
-353.16
-393.386
-404.705
-406.376
-431.261
-390.471
-356.152
-395.868
-386.076
-400.558
-403.404
-394.928
-392.278
-398.47
-371.074
-383.678
-414.59
-428.605
-392.947
-444.772
-428.232
-435.236
-446.039
-450.273
-439.878
-389.725
-449.655
-393.75
-409.766
-394.878
-434.968
-412.78
-431.439
-426.731
-425.647
-420.948
-421.891
-405.996
-380.939
-371.482
-394.192
-385.178
-396.803
-390.266
-416.94
-380.423
-416.556
-366.249
-408.778
-407.067
-443.825
-392.073
-367.097
-378.698
-378.939
-380.307
-413.266
-383.047
-376.064
-383.78
-380.936
-374.738
-393.562
-413.264
-430.366
-396.722
-374.106
-408.128
-418.985
-424.723
-431.848
-382.361
-449.404
-423.57
-404.664
-411.085
-435.6
-407.742
-373.38
-407.435
-461.689
-444.763
-429.224
-399.784
-453.095
-434.827
-483.768
-464.835
-455.549
-436.906
-422.798
-421.241
-417.377
-402.14
-401.265
-388.652
-411.969
-444.716
-404.27
-416.461
-426.516
-378.572
-439.101
-447.887
-414.58
-407.452
-410.669
-424.651
-424.304
-394.617
-398.24
-382.323
-363.886
-403.183
-405.379
-379.67
-405.295
-388.489
-417.651
-386.349
-361.615
-407.2
-374.516
-347.312
-375.856
-373.785
-369.9
-385.38
-397.098
-353.365
-373.722
-350.128
-328.501
-388.922
-358.009
-369.592
-363.061
-357.053
-361.089
-378.739
-362.02
-333.321
-348.893
-378.419
-345.202
-366.789
-354.104
-347.302
-344.78
-349.366
-320.532
-344.694
-361.898
-350.252
-340.173
-346.604
-375.117
-364.441
-357.212
-349.933
-351.206
-364.326
-379.654
-350.158
-379.088
-336.624
-350.248
-389.107
-353.254
-357.678
-311.099
-349.563
-303.824
-366.852
-362.427
-392.468
-366.281
-369.497
-352.421
-368.574
-366.463
-363.309
-369.425
-377.616
-355.34
-332.903
-366.111
-395.861
-388.142
-384.118
-386.765
-365.787
-337.139
-411.355
-408.081
-351.222
-394.205
-397.958
-382.578
-392.79
-382.052
-378.002
-395.412
-411.908
-397.79
-364.145
-361.564
-412.4
-393.283
-371.998
-399.872
-386.047
-391.534
-431.168
-408.111
-437.589
-412.305
-392.449
-390.419
-414.272
-386.681
-409.018
-398.262
-393.462
-368.394
-412.235
-385.09
-406.984
-411.415
-396.912
-386.282
-394.791
-398.949
-406.258
-408.021
-410.28
-392.561
-377.293
-421.11
-406.965
-434.336
-385.531
-411.693
-383.828
-405.523
-471.431
-418.689
-423.432
-422.959
-413.89
-408.219
-409.631
-422.548
-415.962
-407.85
-372.999
-433.18
-425.955
-395.46
-447.84
-439.087
-399.284
-459.038
-419.46
-461.349
-438.462
-423.461
-392.417
-416.069
-446.242
-431.685
-425.19
-419.203
-417.35
-427.91
-406.821
-380.237
-398.571
-443.917
-431.038
-415.804
-444.84
-458.852
-440.485
-419.205
-390.037
-421.718
-361.842
-384.831
-388.535
-378.58
-423.684
-417.26
-436.299
-409.982
-396.727
-395.591
-419.969
-423.267
-436.34
-455.168
-420.153
-433.663
-479.035
-434.496
-457.206
-462.915
-440.952
-410.714
-436.978
-394.011
-446.935
-430.03
-432.637
-429.651
-438.714
