-47.33
-45.62
-44.44
-46.08
-42.57
-44.37
-51.59
-38.76
-44.3
-52.82
-48.28
-48.73
-53.36
-41.97
-51.25
-42.75
-47.29
-42.83
-56.61
-51.91
-53.23
-45.91
-48.2
-43.02
-53.09
-51.93
-54.73
-46.36
-54.44
-52.98
-50.41
-48.62
-45.69
-56.25
-51.4
-43.25
-55.99
-49.96
-48.67
-54.48
-47.49
-50.63
-49.41
-43.42
-49.25
-47.32
-46.09
-45.05
-48.34
-47.87
-56.28
-54.27
-48.9
-53.09
-53.9
-50.43
-45.44
-51.14
-52.23
-52.38
-49.26
-45.37
-47.89
-46.28
-48.58
-45.46
-42.79
-48.5
-50.79
-43.09
-43.43
-43.44
-45.42
-47.98
-51.27
-52.96
-47.78
-48.02
-51.66
-45.54
-54.53
-46.42
-51.62
-45.03
-44.84
-43.36
-40.34
-45.8
-43.22
-46.07
-39.02
-41.02
-46.62
-50.83
-41.5
-48.21
-47.94
-56.28
-53.4
-46.21
-49.44
-47.43
-53.25
-50.48
-51.18
-49.52
-49.21
-54.07
-46.08
-50.09
-47.54
-44.06
-48.86
-51.72
-47.98
-52.08
-53.39
-50.89
-56.81
-55.01
-50.51
-51.24
-58.6
-56.95
-56.28
-54.06
-56.6
-55.69
-51.21
-54.79
-49.44
-48.87
-51.48
-57.0
-60.76
-56.61
-56.5
-48.83
-55.0
-52.61
-49.18
-51.28
-48.93
-51.9
-59.47
-55.21
-50.69
-59.62
-48.04
-55.32
-58.75
-48.91
-60.69
-60.68
-51.0
-52.86
-47.01
-58.41
-50.5
-57.65
-59.14
-57.85
-56.49
-46.72
-52.92
-57.92
-56.63
-51.78
-56.19
-53.17
-52.95
-55.86
-61.39
-58.86
-55.01
-53.51
-55.43
-59.75
-62.37
-54.79
-48.31
-40.29
-41.84
-46.06
-48.37
-45.3
-52.4
-54.89
-54.88
-61.06
-57.88
-47.12
-49.45
-56.57
-51.29
-55.24
-53.89
-44.05
-48.39
-42.52
-51.78
-56.28
-51.04
-49.1
-59.99
-58.85
-55.55
-62.0
-53.33
-50.88
-49.59
-59.8
-52.32
-53.47
-47.41
-51.96
-57.81
-53.77
-59.06
-60.16
-56.71
-53.16
-48.75
-48.06
-44.55
-53.07
-43.73
-53.72
-52.28
-54.49
-46.0
-49.62
-44.91
-52.81
-50.56
-53.87
-50.07
-48.63
-47.01
-45.05
-50.15
-52.89
-48.52
-54.15
-54.02
-49.77
-48.28
-53.46
-49.87
-49.23
-51.36
-49.64
-53.5
-54.12
-53.76
-52.86
-46.48
-56.56
-57.39
-53.03
-57.75
-57.07
-48.91
-45.57
-50.2
-54.38
-54.4
-50.36
-54.08
-50.55
-55.5
-54.52
-55.92
-58.07
-53.3
-57.12
-53.95
-52.31
-53.14
-52.77
-53.78
-54.29
-54.73
-56.32
-54.52
-57.27
-52.27
-54.83
-51.92
-49.45
-47.48
-54.77
-54.38
-54.64
-52.8
-54.2
-52.36
-52.7
-55.52
-51.58
-48.6
-44.17
-47.5
-47.31
-49.78
-46.38
-41.92
-45.69
-46.11
-46.93
-46.75
-49.26
-49.62
-47.24
-42.73
-48.41
-44.92
-43.59
-52.76
-49.3
-45.11
-48.99
-45.65
-47.79
-52.14
-55.5
-46.74
-45.08
-50.49
-50.8
-49.26
-50.25
-48.43
-48.41
-47.13
-44.66
-52.2
-47.18
-51.12
-50.29
-53.16
-57.76
-53.41
-48.24
-51.22
-47.83
-44.4
-52.67
-41.8
-44.85
-46.56
-49.29
-53.3
-42.2
-44.51
-44.84
-49.78
-47.09
-51.06
-50.79
-49.18
-49.63
-52.57
-55.56
-44.83
-46.9
-50.93
-56.49
-54.55
-49.94
-50.38
-57.29
-55.15
-62.08
-50.06
-52.03
-53.01
-50.33
-55.9
-53.8
-52.97
-50.05
-51.28
-57.44
-55.69
-55.54
-59.77
-61.62
-56.71
-49.52
-57.47
-52.57
-56.72
-52.89
-50.89
-54.8
-51.8
-58.83
-57.6
-62.72
-60.33
-57.56
-60.45
-53.02
-61.82
-57.58
-55.33
-56.77
-60.32
-55.7
-57.5
-56.43
-60.06
-59.6
-58.68
-59.38
-52.92
-55.31
-58.89
-62.46
-62.98
-55.84
-60.25
-55.79
-58.53
-65.09
-54.8
-52.44
-55.8
-59.61
-66.33
-59.48
-56.43
-63.14
-61.33
-61.57
-55.95
-60.44
-58.44
-60.11
-54.41
-58.28
-60.48
-61.97
-57.87
-67.13
-56.11
-65.87
-59.43
-58.64
-51.4
-59.14
-54.4
-54.85
-60.69
-63.13
-56.76
-62.45
-58.94
-59.02
-59.11
-57.39
-56.88
-60.34
-57.11
-51.25
-64.71
-67.41
-63.81
-57.42
-60.74
-58.35
-58.94
-58.49
-58.02
-60.09
-66.44
-55.45
-65.27
-58.12
-51.22
-52.43
-62.98
-61.23
-54.96
-64.88
-54.33
-57.84
-65.85
-54.9
-64.25
-66.24
-61.47
-55.68
-58.07
-57.26
-62.04
-61.5
-65.53
-57.16
-53.68
