-259.474
-225.381
-193.479
-135.393
-207.551
-205.751
-220.314
-214.009
-223.617
-299.822
-276.952
-269.014
-256.504
-286.446
-238.678
-237.632
-252.494
-282.64
-242.412
-249.887
-264.862
-274.845
-250.374
-242.618
-227.725
-249.036
-243.02
-287.425
-225.058
-244.005
-233.897
-247.226
-286.117
-294.617
-258.715
-243.77
-206.226
-214.319
-269.366
-272.775
-251.602
-298.536
-290.69
-287.165
-275.513
-276.721
-225.184
-235.802
-220.867
-236.949
-269.28
-266.631
-293.444
-309.178
-234.647
-192.715
-195.35
-222.76
-200.151
-203.641
-136.108
-132.628
-182.546
-140.441
-192.161
-136.196
-144.728
-150.947
-144.344
-197.226
-158.878
-163.54
-146.461
-130.639
-131.815
-203.183
-151.172
-191.938
-191.322
-180.407
-251.925
-200.876
-222.469
-228.326
-185.713
-227.946
-196.751
-156.859
-238.134
-274.108
-165.066
-214.12
-231.379
-229.886
-222.011
-268.287
-256.233
-285.454
-326.029
-287.52
-268.719
-250.057
-279.468
-244.302
-264.222
-226.675
-260.119
-281.838
-244.003
-235.9
-267.376
-184.973
-160.577
-238.782
-161.841
-221.077
-242.068
-202.27
-178.944
-218.307
-160.128
-234.997
-240.358
-240.744
-201.563
-230.096
-253.404
-261.871
-250.442
-194.126
-228.434
-245.148
-267.713
-218.604
-250.948
-223.151
-247.359
-245.47
-275.675
-199.409
-239.521
-146.78
-129.944
-194.224
-220.064
-225.885
-224.935
-181.938
-178.067
-215.357
-284.513
-250.75
-261.685
-294.007
-214.707
-214.94
-288.651
-303.472
-266.267
-281.084
-257.189
-299.971
-306.283
-164.673
-164.556
-244.011
-207.578
-236.681
-181.287
-251.187
-237.848
-236.103
-320.028
-345.651
-290.488
-235.305
-332.188
-341.221
-324.365
-313.732
-229.009
-149.341
-170.035
-159.203
-214.756
-202.13
-256.792
-255.006
-245.089
-269.824
-223.977
-177.107
-283.668
-276.521
-208.735
-251.092
-258.709
-226.598
-247.695
-214.23
-234.362
-290.784
-243.552
-224.905
-322.745
-261.959
-307.445
-333.224
-289.409
-292.023
-303.886
-305.83
-316.071
-333.591
-283.901
-325.175
-249.167
-311.175
-323.027
-295.156
-307.497
-279.885
-242.776
-306.54
-277.301
-302.247
-266.949
-319.951
-262.144
-310.972
-205.678
-277.746
-209.423
-233.951
-241.221
-258.788
-249.12
-241.942
-186.994
-158.539
-219.01
-279.544
-167.821
-230.824
-215.092
-254.019
-232.447
-250.859
-169.644
-216.708
-233.838
-206.258
-253.715
-240.815
-226.775
-273.538
-222.599
-311.051
-283.654
-230.67
-256.975
-279.226
-210.706
-177.552
-247.824
-328.126
-319.589
-231.635
-203.654
-269.222
-249.883
-347.541
-326.047
-339.189
-285.487
-328.997
-247.638
-227.511
-241.231
-228.916
-224.947
-261.497
-259.603
-232.337
-249.148
-250.885
-228.447
-270.62
-288.772
-246.749
-263.897
-255.65
-234.8
-261.207
-258.908
-233.914
-158.874
-170.001
-210.307
-207.604
-161.724
-221.07
-200.476
-228.504
-209.255
-153.232
-186.839
-147.187
-125.801
-134.469
-186.075
-120.917
-156.439
-164.204
-133.027
-156.348
-108.807
-104.961
-197.09
-153.58
-142.65
-121.888
-140.942
-140.456
-140.853
-179.372
-137.589
-126.534
-209.028
-161.888
-213.484
-161.285
-153.716
-101.552
-115.905
-106.747
-152.141
-127.89
-137.744
-108.56
-107.626
-108.828
-112.182
-114.587
-127.423
-138.28
-147.528
-167.331
-154.333
-131.201
-93.016
-155.616
-169.77
-140.445
-119.78
-85.419
-108.936
-90.982
-136.33
-128.666
-175.162
-141.164
-152.722
-130.31
-135.846
-150.957
-120.804
-106.117
-116.834
-119.223
-102.886
-126.032
-152.249
-184.835
-164.979
-144.268
-130.035
-141.049
-211.152
-198.374
-136.412
-207.985
-191.527
-198.861
-198.876
-191.944
-188.218
-197.463
-250.097
-207.551
-157.445
-174.037
-254.723
-229.905
-221.244
-199.599
-219.579
-183.475
-287.326
-248.028
-303.994
-245.932
-209.046
-214.218
-268.158
-227.093
-237.373
-180.899
-194.278
-198.979
-259.507
-197.705
-220.323
-227.171
-232.196
-214.006
-241.731
-247.147
-217.174
-245.834
-273.51
-187.851
-211.63
-221.779
-245.888
-274.357
-226.456
-234.673
-211.953
-235.007
-349.94
-214.633
-309.009
-252.455
-237.83
-258.385
-261.941
-279.537
-254.64
-224.14
-213.527
-237.08
-219.679
-220.176
-257.511
-250.278
-226.623
-258.352
-262.905
-316.241
-233.6
-260.534
-187.539
-196.708
-303.65
-267.495
-269.282
-264.903
-235.106
-257.759
-278.981
-263.246
-269.7
-308.753
-241.136
-250.901
-317.275
-298.739
-265.608
-245.39
-241.59
-225.824
-159.584
-186.412
-218.607
-219.868
-259.686
-254.674
-250.814
-209.156
-182.243
-214.44
-243.408
-237.239
-246.463
-277.042
-214.256
-276.905
-316.117
-254.176
-259.778
-304.667
-321.743
-263.623
-291.452
-208.328
-258.904
-305.622
-256.959
-262.271
-276.116
