-14.122
-15.588
-13.717
-16.026
-13.518
-12.486
-20.644
-12.927
-14.854
-15.676
-13.425
-7.422
-15.83
-15.371
-14.583
-16.419
-11.234
-17.341
-17.801
-14.447
-17.359
-13.983
-8.325
-12.794
-18.544
-18.694
-18.887
-13.248
-13.467
-10.268
-15.671
-18.729
-13.786
-17.926
-17.077
-9.987
-16.394
-15.465
-11.616
-10.0
-13.762
-13.832
-17.881
-13.026
-16.194
-11.342
-16.141
-15.746
-12.945
-17.522
-16.629
-13.573
-14.679
-11.489
-17.738
-15.484
-12.364
-14.162
-18.663
-14.863
-15.318
-14.333
-14.762
-15.306
-11.626
-16.922
-16.769
-13.106
-13.944
-13.634
-16.295
-10.05
-15.677
-16.412
-11.385
-16.84
-15.078
-16.152
-13.506
-10.913
-16.99
-15.091
-14.18
-13.217
-7.911
-13.98
-15.835
-10.512
-10.514
-7.928
-8.834
-12.511
-13.141
-9.625
-13.572
-13.994
-13.506
-17.299
-14.18
-14.858
-11.057
-14.339
-16.921
-16.975
-12.911
-14.867
-15.228
-13.103
-13.142
-14.646
-16.83
-14.339
-11.255
-13.12
-12.085
-13.217
-11.813
-13.391
-16.188
-13.255
-13.255
-14.437
-15.351
-13.611
-11.984
-10.975
-13.729
-13.389
-11.839
-9.643
-13.041
-5.606
-13.608
-11.698
-13.131
-11.216
-12.727
-11.439
-14.219
-13.087
-11.857
-15.133
-9.404
-12.968
-13.305
-10.149
-14.421
-7.047
-12.82
-13.006
-10.297
-8.63
-11.193
-15.771
-12.582
-11.916
-10.723
-13.491
-10.123
-14.597
-14.74
-13.078
-13.549
-14.094
-13.293
-10.844
-15.34
-14.038
-13.257
-10.631
-13.051
-14.149
-14.344
-11.725
-13.146
-12.936
-12.896
-13.667
-14.5
-12.585
-12.218
-10.8
-11.929
-11.537
-11.522
-14.348
-15.099
-10.857
-11.835
-14.995
-16.401
-10.897
-8.515
-11.152
-13.039
-13.529
-8.015
-10.467
-12.11
-11.754
-14.237
-11.94
-12.767
-11.923
-15.283
-11.385
-14.744
-14.235
-14.097
-13.36
-11.581
-13.319
-14.532
-14.61
-10.92
-13.75
-11.806
-13.017
-16.175
-11.983
-12.591
-15.553
-11.054
-13.543
-10.656
-13.647
-15.926
-13.981
-14.286
-11.18
-9.503
-9.587
-13.713
-12.54
-10.846
-11.226
-14.369
-10.576
-9.794
-11.742
-11.645
-12.0
-12.466
-11.136
-11.408
-10.128
-12.485
-11.54
-12.122
-13.927
-9.977
-10.879
-11.271
-13.597
-9.513
-10.983
-7.553
-9.518
-12.052
-12.9
-8.386
-9.096
-9.798
-10.146
-9.803
-8.234
-8.836
-10.806
-10.339
-12.461
-9.958
-13.563
-9.696
-10.619
-9.874
-11.071
-10.952
-7.341
-12.471
-7.708
-12.548
-12.246
-11.95
-10.929
-6.947
-8.067
-7.619
-11.398
-11.153
-6.703
-10.435
-11.621
-11.29
-11.095
-9.409
-10.815
-11.08
-8.835
-11.338
-7.647
-8.712
-8.766
-8.752
-9.898
-10.613
-7.137
-8.515
-8.036
-10.949
-9.261
-9.841
-12.554
-5.153
-8.946
-9.101
-10.019
-9.58
-6.764
-8.765
-8.479
-8.318
-11.394
-10.742
-9.731
-13.338
-10.26
-10.609
-8.554
-11.27
-10.576
-11.673
-7.628
-9.423
-11.336
-11.244
-12.548
-11.116
-7.217
-11.563
-12.051
-10.43
-14.258
-13.829
-12.58
-10.744
-11.393
-12.797
-12.54
-10.262
-9.963
-11.438
-12.426
-9.299
-8.759
-12.196
-8.09
-10.401
-10.45
-9.514
-9.734
-13.291
-12.964
-12.925
-11.194
-10.615
-11.01
-11.076
-14.936
-15.017
-13.148
-10.066
-11.922
-15.153
-13.067
-10.905
-13.729
-6.981
-12.779
-12.196
-11.479
-13.186
-12.615
-11.438
-12.901
-13.194
-12.777
-11.062
-12.001
-11.983
-10.877
-14.444
-13.153
-10.161
-11.17
-10.589
-12.432
-11.868
-13.671
-10.067
-14.734
-12.263
-13.034
-10.288
-8.864
-9.644
-11.107
-12.701
-11.581
-14.417
-11.179
-12.054
-11.936
-12.246
-12.765
-11.88
-13.778
-12.464
-8.709
-8.457
-12.56
-13.532
-14.959
-11.878
-15.148
-14.267
-14.385
-11.429
-13.272
-10.763
-13.322
-17.116
-13.566
-13.391
-13.18
-12.835
-9.095
-13.365
-9.993
-11.631
-12.016
-11.045
-14.246
-14.385
-11.595
-13.077
-17.828
-11.55
-15.529
-11.708
-14.865
-9.919
-16.324
-13.892
-10.917
-13.454
-0.4
-11.178
-11.649
-12.001
-5.903
-10.371
-12.785
-11.644
-10.987
-10.636
-8.427
-10.692
-12.066
-6.37
-12.085
-5.83
-9.705
-9.326
-12.037
-11.8
-6.042
-8.048
-12.125
-13.877
-13.568
-10.66
-9.736
-10.588
-10.168
-8.093
-13.209
-11.369
-13.235
-11.476
-10.719
-12.91
-11.424
-11.611
-11.074
-12.011
-11.588
-11.903
-13.931
-12.154
-10.404
-11.167
