-0.116
-0.111
-0.112
-0.01
-0.063
-0.235
-0.219
-0.258
-0.191
-0.225
-0.176
-0.214
-0.102
-0.212
-0.071
-0.078
-0.185
-0.345
-0.301
-0.14
-0.236
-0.28
-0.318
-0.326
-0.201
-0.152
-0.188
-0.256
-0.176
-0.208
-0.121
-0.224
-0.118
-0.202
-0.239
-0.234
-0.243
-0.196
-0.223
-0.231
-0.189
-0.199
-0.23
-0.202
-0.23
-0.266
-0.241
-0.265
-0.31
-0.228
-0.193
-0.108
-0.207
-0.126
-0.186
-0.084
-0.162
-0.282
-0.244
-0.194
-0.169
-0.216
-0.283
-0.234
-0.245
-0.268
-0.321
-0.34
-0.273
-0.249
-0.272
-0.247
-0.261
-0.218
-0.199
-0.302
-0.344
-0.216
-0.206
-0.255
-0.224
-0.241
-0.295
-0.347
-0.244
-0.294
-0.229
-0.249
-0.178
-0.246
-0.115
-0.169
-0.29
-0.311
-0.275
-0.317
-0.31
-0.379
-0.219
-0.266
-0.191
-0.116
-0.223
-0.237
-0.262
-0.166
-0.268
-0.264
-0.148
-0.201
-0.217
-0.286
-0.236
-0.217
-0.15
-0.281
-0.272
-0.296
-0.249
-0.206
-0.256
-0.243
-0.133
-0.275
-0.279
-0.213
-0.159
-0.223
-0.228
-0.275
-0.269
-0.155
-0.199
-0.193
-0.242
-0.163
-0.235
-0.263
-0.179
-0.207
-0.195
-0.211
-0.202
-0.18
-0.248
-0.327
-0.198
-0.242
-0.253
-0.334
-0.249
-0.241
-0.202
-0.132
-0.068
-0.138
-0.257
-0.268
-0.226
-0.18
-0.145
-0.148
-0.234
-0.195
-0.244
-0.249
-0.176
-0.269
-0.116
-0.169
-0.189
-0.124
-0.181
-0.197
-0.108
-0.125
-0.087
-0.183
-0.27
-0.185
-0.126
-0.157
-0.163
-0.226
-0.191
-0.23
-0.262
-0.296
-0.144
-0.328
-0.25
-0.127
-0.197
-0.302
-0.238
-0.174
-0.227
-0.299
-0.133
-0.18
-0.24
-0.186
-0.233
-0.194
-0.16
-0.209
-0.209
-0.286
-0.312
-0.246
-0.236
-0.265
-0.274
-0.211
-0.176
-0.184
-0.277
-0.289
-0.216
-0.24
-0.349
-0.202
-0.18
-0.296
-0.194
-0.236
-0.212
-0.182
-0.11
-0.268
-0.291
-0.24
-0.193
-0.156
-0.178
-0.151
-0.206
-0.203
-0.174
-0.1
-0.167
-0.26
-0.123
-0.235
-0.224
-0.229
-0.241
-0.208
-0.166
-0.202
-0.126
-0.247
-0.184
-0.173
-0.192
-0.214
-0.112
-0.131
-0.271
-0.145
-0.177
-0.231
-0.152
-0.193
-0.141
-0.235
-0.274
-0.232
-0.14
-0.151
-0.175
-0.258
-0.202
-0.2
-0.173
-0.117
-0.155
-0.191
-0.129
-0.097
-0.143
-0.129
-0.19
-0.157
-0.149
-0.077
-0.213
-0.191
-0.278
-0.162
-0.139
-0.165
-0.142
-0.218
-0.165
-0.137
-0.156
-0.194
-0.271
-0.298
-0.157
-0.155
-0.207
-0.031
-0.175
-0.28
-0.101
-0.081
-0.185
-0.116
-0.191
-0.201
-0.281
-0.227
-0.14
-0.259
-0.024
-0.032
-0.126
-0.069
-0.176
-0.091
-0.103
-0.2
-0.22
-0.166
-0.12
-0.107
-0.221
-0.193
-0.253
-0.142
-0.085
-0.17
-0.06
-0.108
-0.194
-0.184
-0.131
-0.195
-0.028
-0.098
-0.092
-0.098
-0.145
-0.199
-0.183
-0.228
-0.258
-0.217
-0.114
-0.088
-0.101
-0.115
-0.116
-0.115
-0.074
-0.075
-0.079
-0.195
-0.15
-0.184
-0.094
-0.131
-0.297
-0.182
-0.098
-0.242
-0.275
-0.279
-0.219
-0.212
-0.194
-0.175
-0.262
-0.174
-0.214
-0.22
-0.194
-0.205
-0.151
-0.232
-0.314
-0.318
-0.286
-0.21
-0.249
-0.149
-0.179
-0.209
-0.216
-0.248
-0.172
-0.182
-0.205
-0.29
-0.217
-0.262
-0.254
-0.214
-0.137
-0.251
-0.153
-0.149
-0.259
-0.223
-0.313
-0.288
-0.188
-0.321
-0.204
-0.197
-0.129
-0.169
-0.261
-0.115
-0.222
-0.262
-0.191
-0.159
-0.304
-0.068
-0.208
-0.248
-0.369
-0.293
-0.226
-0.211
-0.283
-0.247
-0.279
-0.298
-0.202
-0.135
-0.212
-0.198
-0.244
-0.164
-0.263
-0.23
-0.214
-0.167
-0.169
-0.181
-0.322
-0.135
-0.218
-0.155
-0.217
-0.28
-0.121
-0.162
-0.167
-0.256
-0.325
-0.297
-0.273
-0.314
-0.297
-0.363
-0.267
-0.27
-0.293
-0.289
-0.345
-0.312
-0.292
-0.277
-0.281
-0.283
-0.314
-0.249
-0.218
-0.179
-0.236
-0.185
-0.201
-0.197
-0.263
-0.318
-0.252
-0.275
-0.328
-0.265
-0.305
-0.289
-0.228
-0.354
-0.186
-0.255
-0.285
-0.315
-0.365
-0.256
-0.295
-0.335
-0.341
-0.298
-0.261
-0.232
-0.257
