0.24
0.244
-0.473
-0.06
0.061
-0.371
-0.636
-0.548
-0.261
-0.447
-0.772
-0.055
-0.585
-0.414
-0.594
0.021
0.036
-0.419
-0.827
-0.56
-0.13
-0.24
-0.674
-0.726
-0.578
-0.714
-0.476
-0.795
-0.636
-0.689
-0.504
-0.767
-0.445
-0.649
-0.114
-0.319
-0.398
-0.599
-0.863
-0.492
-0.177
-0.842
-0.285
-0.739
-0.234
0.142
-0.197
0.052
-0.457
-0.628
-0.551
-0.438
-0.63
-0.831
-1.055
-0.66
-0.548
-0.955
-0.703
-0.963
-0.394
-1.192
-0.989
-0.682
-0.918
-0.677
-1.029
-0.842
-1.415
-1.567
-1.284
-0.884
-1.599
-1.159
-0.411
-1.756
-1.555
-1.437
-1.524
-1.264
-2.129
-1.762
-1.259
-1.312
-1.25
-1.523
-0.835
-1.289
-1.005
-1.348
-0.999
-1.079
-0.904
-1.79
-1.441
-1.701
-1.59
-1.535
-1.817
-1.13
-1.476
-0.782
-0.886
-1.792
-1.219
-1.038
-1.777
-0.879
-1.212
-0.919
-1.413
-1.556
-1.397
-2.07
-1.641
-2.071
-2.001
-1.539
-2.302
-0.761
-1.074
-2.123
-1.589
-1.796
-0.931
-1.571
-1.861
-1.596
-0.54
-0.931
-1.334
-1.165
-1.306
-1.627
-1.626
-1.645
-1.592
-1.476
-1.311
-2.569
-1.637
-1.564
-1.502
-1.647
-1.764
-1.636
-1.877
-1.747
-0.892
-1.417
-1.47
-0.889
-1.806
-2.423
-1.528
-2.75
-1.616
-1.243
-1.045
-1.308
-1.021
-1.228
-1.26
-1.344
-1.512
-1.582
-1.308
-1.819
-1.305
-1.523
-1.768
-1.611
-1.92
-1.752
-2.163
-2.154
-1.231
-1.104
-2.254
-1.428
-1.24
-0.576
-1.261
-1.515
-1.17
-1.353
-1.239
-1.237
-1.409
-1.321
-0.894
-0.443
-0.376
-1.16
-1.011
-0.813
-0.829
-1.161
-1.683
-1.53
-0.327
-1.115
-1.283
-1.188
-1.71
-1.142
-1.137
-1.624
-1.806
-1.389
-1.134
-1.365
-1.398
-1.823
-0.951
-1.448
-1.277
-1.848
-1.843
-1.904
-1.749
-2.079
-1.59
-1.553
-1.517
-1.535
-0.955
-1.279
-1.605
-1.415
-1.891
-0.97
-1.396
-0.812
-0.706
-1.261
-1.488
-1.229
-0.876
-1.106
-1.4
-1.254
-0.887
-1.28
-1.249
-0.569
-1.368
-1.44
-0.768
-1.141
-1.065
-1.201
-1.086
-0.963
-0.602
-0.922
-1.122
-0.717
-1.438
-0.534
-0.563
-1.068
-0.599
0.063
-0.458
-0.842
-1.052
-1.319
-0.857
-1.034
-0.547
-1.143
-0.694
-0.54
-0.966
-0.539
-1.223
-1.079
-0.418
-0.933
-0.676
-0.891
-0.92
-0.92
-0.964
-0.967
-0.728
-1.144
-0.736
-0.74
-0.629
-1.187
-0.854
-0.78
-0.581
-1.086
0.157
-0.615
-0.656
-0.907
-0.226
-0.406
-0.16
-0.444
-0.301
-0.218
-0.106
-0.064
-0.702
-0.246
-0.081
-0.64
-0.384
-0.231
-0.49
-0.158
-0.001
-0.489
0.006
-0.18
-0.451
-0.653
-0.702
-0.928
-0.149
-0.147
-0.74
-0.554
-0.775
-0.6
-0.538
-0.029
-0.419
-0.453
-0.999
-0.945
-0.448
-1.6
-0.784
-1.002
-0.282
-1.342
-0.828
-1.25
-0.394
-1.246
-0.738
-1.259
-0.42
-0.684
-0.792
-1.006
-0.646
-0.985
-0.638
-0.761
-0.686
-0.391
-0.431
-0.85
-0.608
-0.959
-1.198
-1.291
-0.437
-1.246
-1.332
-1.086
-1.268
-0.498
-0.913
-1.608
-1.524
-0.895
-1.081
-0.772
-1.276
-0.989
-1.04
-1.511
-1.153
-0.329
-1.254
-1.538
-1.838
-1.242
-1.525
-1.531
-0.718
-1.443
-0.487
-1.564
-1.152
-1.399
-0.608
-0.849
-1.195
-1.572
-1.274
-1.428
-1.568
-1.103
-1.287
-1.117
-2.144
-1.048
-1.538
-1.288
-1.075
-1.266
-1.675
-1.779
-1.089
-1.169
-1.422
-1.391
-1.366
-2.111
-2.036
-1.516
-1.4
-0.726
-1.366
-1.728
-1.947
-1.883
-1.734
-0.862
-1.388
-1.143
-1.979
-1.799
-0.907
-1.999
-1.401
-1.784
-1.761
-1.608
-2.263
-1.306
-1.416
-1.837
-1.143
-1.639
-2.034
-0.758
-1.169
-1.439
-1.155
-1.598
-1.169
-1.61
-0.978
-1.441
-1.377
-0.936
-0.601
-1.139
-0.357
-0.225
-1.13
-1.387
-1.163
-1.122
-1.472
-1.164
-1.57
-1.552
-1.49
-1.13
-1.589
-0.977
-1.146
-0.59
-1.388
-1.435
-2.185
-1.364
-1.018
-1.423
-1.44
-0.9
-1.642
-1.276
-1.739
-2.219
-0.796
-1.793
-1.085
-1.168
-1.325
-1.208
-1.547
-1.028
-1.502
-0.748
-0.94
-1.327
-0.747
-0.838
-1.375
