-417.765
-472.399
-448.112
-429.606
-469.342
-446.96
-447.308
-435.383
-495.354
-463.911
-467.574
-459.842
-457.324
-451.733
-431.243
-412.657
-436.124
-441.933
-395.397
-425.563
-463.35
-423.424
-370.013
-363.116
-365.189
-389.267
-410.921
-408.397
-354.738
-356.263
-378.562
-355.715
-343.795
-313.041
-416.512
-384.58
-424.43
-424.689
-408.97
-417.413
-446.409
-429.649
-460.374
-446.577
-462.301
-441.575
-455.032
-438.822
-473.713
-383.606
-414.976
-396.285
-420.458
-430.155
-432.562
-401.902
-431.86
-413.268
-388.284
-410.045
-442.729
-446.97
-436.845
-395.646
-396.288
-416.825
-303.13
-381.17
-394.277
-351.697
-360.745
-350.173
-395.203
-478.399
-446.411
-410.822
-410.718
-398.814
-409.401
-355.896
-337.93
-381.531
-358.794
-344.271
-364.017
-416.729
-391.853
-387.222
-415.492
-363.35
-346.882
-320.718
-365.32
-313.077
-386.503
-345.908
-334.399
-303.236
-368.092
-365.947
-454.997
-389.365
-425.456
-352.285
-363.355
-404.716
-401.826
-413.218
-340.906
-424.307
-329.565
-386.728
-377.756
-346.922
-408.686
-439.417
-359.625
-393.006
-397.682
-374.506
-402.129
-365.992
-385.956
-382.678
-376.789
-367.868
-300.022
-320.028
-362.242
-299.805
-322.421
-353.432
-352.428
-268.718
-408.764
-350.875
-375.733
-364.003
-366.733
-378.493
-371.228
-356.432
-305.145
-279.103
-356.162
-349.338
-362.314
-414.213
-336.379
-332.756
-437.252
-488.813
-468.753
-436.896
-443.439
-373.216
-399.026
-374.755
-413.07
-429.394
-393.132
-442.716
-453.577
-451.653
-459.315
-459.708
-452.669
-366.636
-415.981
-353.367
-347.837
-468.384
-390.927
-384.485
-369.056
-361.417
-415.963
-467.761
-432.371
-411.129
-430.713
-451.364
-400.453
-413.575
-482.562
-435.882
-371.288
-390.96
-354.962
-349.858
-368.634
-413.826
-359.395
-415.482
-400.114
-382.203
-350.549
-325.223
-356.857
-356.577
-342.692
-365.189
-370.087
-370.977
-369.104
-486.872
-361.272
-410.447
-382.172
-393.639
-362.751
-416.879
-346.432
-331.431
-357.513
-462.147
-421.923
-434.671
-428.396
-427.44
-351.812
-343.844
-395.269
-391.04
-428.206
-439.838
-496.135
-378.424
-384.358
-463.739
-426.621
-418.425
-453.499
-480.193
-436.041
-437.48
-402.083
-384.026
-405.451
-374.665
-383.364
-324.835
-363.307
-343.364
-322.703
-371.321
-376.713
-413.132
-441.247
-432.12
-428.696
-394.758
-464.372
-411.798
-432.127
-405.702
-377.046
-358.188
-348.715
-407.494
-435.19
-449.98
-395.668
-319.22
-353.555
-351.25
-334.05
-372.053
-322.057
-364.935
-370.21
-416.009
-355.921
-338.729
-295.936
-301.464
-330.171
-370.874
-399.225
-370.797
-419.802
-364.211
-364.486
-463.203
-393.139
-410.965
-385.429
-347.97
-378.429
-367.875
-362.504
-417.581
-370.94
-371.221
-433.284
-407.286
-444.072
-447.624
-442.321
-418.511
-371.882
-418.619
-446.019
-414.332
-359.178
-395.036
-356.19
-342.631
-352.07
-373.215
-433.739
-413.873
-392.584
-410.943
-387.313
-379.822
-386.238
-415.981
-391.988
-476.861
-430.973
-416.408
-395.33
-396.643
-418.243
-391.833
-414.83
-351.851
-401.322
-401.078
-386.08
-400.477
-430.516
-431.649
-405.725
-404.578
-402.664
-420.786
-395.975
-423.568
-386.043
-341.904
-352.427
-421.829
-364.883
-369.927
-368.112
-343.802
-342.603
-346.083
-377.067
-398.259
-403.116
-353.527
-375.177
-387.86
-370.879
-386.658
-361.433
-302.18
-350.231
-318.224
-406.036
-353.039
-373.934
-350.798
-317.929
-332.423
-330.747
-304.42
-322.188
-333.96
-359.3
-337.831
-355.171
-298.946
-309.114
-326.237
-304.959
-288.618
-368.509
-345.566
-344.807
-322.94
-325.827
-278.834
-325.14
-300.215
-318.543
-313.414
-377.802
-340.242
-286.967
-293.737
-315.97
-316.02
-284.565
-273.304
-268.741
-279.294
-330.191
-296.551
-301.047
-294.268
-308.321
-293.212
-331.587
-279.47
-288.507
-285.525
-313.272
-330.98
-342.677
-353.756
-433.487
-373.518
-383.945
-420.454
-375.531
-359.744
-364.998
-431.599
-445.624
-474.084
-477.387
-425.153
-413.635
-451.079
-419.307
-454.65
-428.139
-439.325
-437.097
-440.058
-449.971
-483.72
-403.162
-404.316
-443.703
-432.219
-383.82
-413.336
-421.471
-442.831
-428.759
-414.598
-440.796
-468.064
-463.38
-426.106
-430.32
-424.876
-458.68
-481.738
-453.622
-498.729
-477.993
-473.402
-498.043
-477.866
-525.881
-463.982
-404.132
-407.715
-436.706
-376.117
-433.744
-402.634
-402.08
-413.432
-412.242
-436.708
-396.739
-415.534
-369.578
-400.672
-452.492
-435.05
-439.459
-415.837
-419.763
-451.558
-406.908
-449.979
-423.331
-406.184
-440.203
-418.675
-425.961
-434.181
-446.532
-455.707
-443.689
-477.533
-484.859
-452.346
-435.301
-436.94
-377.67
-378.283
-403.787
