-85.64
-89.33
-82.12
-89.55
-87.74
-84.13
-81.54
-77.83
-96.62
-80.7
-81.25
-82.73
-89.18
-89.56
-90.11
-78.55
-82.92
-72.85
-77.84
-81.45
-75.49
-84.94
-73.71
-74.59
-77.7
-76.48
-71.78
-81.58
-67.5
-77.32
-69.51
-78.28
-74.5
-72.95
-84.53
-83.73
-80.09
-84.91
-84.54
-83.19
-85.3
-74.68
-85.04
-85.5
-87.35
-78.07
-84.74
-82.23
-88.53
-84.07
-85.66
-80.11
-84.48
-81.98
-82.86
-77.6
-82.29
-83.58
-89.53
-78.78
-78.51
-81.55
-82.28
-92.29
-82.52
-92.99
-81.35
-79.67
-78.8
-85.45
-80.06
-82.54
-92.19
-84.86
-93.43
-79.78
-79.53
-72.89
-82.44
-76.94
-75.93
-80.04
-67.4
-78.53
-81.89
-78.66
-73.78
-80.63
-79.14
-82.7
-78.56
-79.55
-82.42
-74.06
-79.46
-75.37
-87.11
-75.28
-76.68
-82.65
-83.28
-79.73
-75.8
-64.4
-82.78
-86.17
-79.35
-78.16
-77.72
-77.01
-73.68
-87.74
-80.69
-84.28
-86.83
-83.88
-78.58
-79.6
-71.11
-82.88
-77.62
-79.51
-79.89
-82.71
-80.83
-76.87
-74.49
-75.83
-70.79
-79.63
-72.4
-78.94
-77.54
-70.4
-74.96
-67.61
-81.65
-76.41
-72.7
-74.29
-76.43
-67.87
-69.43
-68.51
-63.92
-70.28
-76.23
-86.08
-76.86
-67.0
-79.83
-80.17
-84.98
-82.05
-71.0
-76.22
-71.51
-81.03
-74.57
-77.09
-75.57
-82.84
-75.77
-74.58
-80.03
-79.12
-74.95
-76.81
-76.5
-68.79
-62.56
-80.16
-68.79
-68.24
-71.06
-71.07
-74.2
-81.21
-79.5
-80.6
-81.14
-84.31
-76.19
-83.62
-85.47
-77.13
-70.86
-76.7
-79.41
-68.79
-69.5
-80.71
-75.63
-74.8
-75.98
-75.05
-72.87
-62.46
-81.76
-70.81
-75.22
-73.78
-79.07
-74.61
-70.33
-80.05
-68.82
-83.06
-72.25
-82.0
-72.81
-81.59
-73.48
-76.37
-67.29
-83.01
-77.16
-78.05
-82.34
-72.0
-70.99
-80.85
-81.58
-85.18
-82.34
-80.01
-86.94
-79.0
-77.15
-85.59
-76.43
-84.4
-84.76
-83.26
-82.79
-88.56
-80.93
-84.55
-82.13
-78.79
-80.8
-78.73
-78.07
-75.7
-72.36
-73.91
-67.53
-60.71
-77.65
-62.71
-77.43
-85.42
-82.3
-77.55
-78.03
-65.85
-79.66
-79.62
-71.57
-75.19
-81.2
-77.99
-74.6
-76.77
-76.57
-68.54
-73.9
-79.85
-77.39
-79.38
-76.94
-83.12
-73.54
-83.32
-76.08
-66.86
-80.97
-78.02
-86.21
-80.07
-84.83
-80.15
-80.73
-88.95
-73.52
-83.14
-77.98
-71.25
-81.03
-66.28
-75.43
-76.52
-71.32
-69.87
-72.7
-75.22
-66.93
-84.74
-78.24
-86.02
-81.12
-83.09
-81.75
-67.41
-68.63
-77.61
-80.2
-81.54
-76.79
-74.21
-77.24
-76.05
-70.79
-72.53
-81.18
-70.34
-77.53
-82.78
-90.01
-76.44
-77.14
-79.0
-72.27
-79.08
-69.9
-74.03
-82.62
-71.89
-80.93
-78.24
-74.29
-80.67
-80.59
-69.91
-79.07
-79.23
-76.61
-79.97
-75.78
-80.39
-73.11
-77.1
-73.61
-69.66
-75.39
-75.5
-78.32
-77.6
-75.28
-76.35
-69.51
-64.2
-73.26
-72.34
-83.83
-81.33
-77.25
-84.27
-74.43
-63.73
-75.53
-61.62
-77.03
-74.77
-67.85
-67.13
-68.26
-70.58
-77.36
-64.79
-76.18
-70.13
-75.16
-68.76
-68.27
-66.21
-78.12
-72.34
-60.77
-69.66
-65.22
-75.21
-65.52
-69.81
-70.6
-71.28
-60.23
-69.08
-71.48
-65.79
-65.48
-70.89
-66.93
-68.94
-70.93
-59.66
-66.23
-61.08
-61.85
-68.57
-65.79
-62.74
-70.98
-69.59
-64.11
-59.59
-62.27
-68.07
-68.84
-65.61
-65.17
-70.28
-70.19
-68.83
-77.96
-76.79
-74.77
-77.06
-73.41
-67.99
-65.74
-81.86
-81.1
-80.49
-88.0
-84.53
-76.3
-68.56
-73.39
-80.45
-81.82
-78.55
-79.93
-74.18
-81.86
-72.22
-77.19
-80.36
-78.83
-78.56
-72.68
-81.45
-75.44
-80.03
-82.81
-81.55
-79.68
-71.87
-80.65
-79.99
-80.32
-86.09
-88.31
-89.83
-79.67
-85.45
-82.58
-82.33
-83.64
-77.78
-90.14
-84.05
-78.5
-73.69
-69.1
-62.75
-81.76
-77.23
-71.47
-83.74
-76.52
-76.37
-76.16
-77.94
-69.07
-68.35
-74.76
-76.92
-80.55
-69.34
-76.21
-76.53
-64.51
-75.86
-76.03
-88.32
-84.47
-78.04
-80.89
-78.34
-74.99
-74.01
-84.49
-83.01
-75.29
-80.44
-72.08
-83.73
-72.92
-76.13
-66.93
