-1.934
-1.731
-2.26
-2.006
-2.532
-2.439
-2.435
-2.018
-2.266
-2.372
-2.099
-1.536
-2.171
-2.338
-2.377
-2.585
-2.282
-2.867
-2.429
-1.87
-1.7
-2.558
-2.302
-1.83
-2.106
-1.733
-1.983
-2.331
-1.52
-2.142
-1.953
-2.663
-2.351
-2.37
-2.181
-2.059
-2.611
-2.465
-2.301
-2.892
-2.326
-2.153
-2.43
-2.23
-2.232
-2.467
-2.129
-2.167
-2.376
-2.687
-2.642
-2.71
-3.16
-2.644
-2.429
-2.808
-2.213
-2.34
-2.364
-1.792
-1.731
-2.278
-2.437
-3.194
-1.56
-1.871
-1.784
-2.138
-2.103
-1.953
-2.395
-1.832
-3.075
-1.999
-2.344
-1.945
-2.288
-2.155
-1.949
-2.669
-2.082
-2.512
-1.856
-2.197
-1.744
-1.834
-2.284
-1.837
-2.484
-2.279
-2.164
-2.36
-2.404
-2.291
-2.248
-2.444
-2.72
-2.298
-2.08
-1.975
-2.735
-2.21
-2.662
-1.571
-2.593
-2.105
-2.619
-2.568
-2.067
-2.113
-2.905
-2.341
-1.771
-2.163
-1.756
-2.236
-2.228
-1.722
-2.457
-2.311
-1.867
-2.493
-2.67
-1.984
-2.542
-2.499
-2.058
-1.374
-2.396
-2.356
-2.619
-2.431
-2.859
-1.771
-2.457
-2.827
-2.449
-2.405
-2.321
-2.576
-2.372
-1.787
-1.428
-2.159
-2.633
-2.681
-2.536
-2.955
-2.143
-2.711
-2.228
-2.732
-2.621
-2.33
-2.214
-2.295
-2.403
-1.859
-2.756
-2.425
-2.424
-2.146
-1.896
-2.374
-2.297
-1.969
-2.046
-2.316
-1.256
-2.179
-1.763
-2.391
-1.712
-1.771
-1.316
-1.598
-2.59
-2.494
-2.455
-2.243
-2.249
-2.343
-1.773
-2.065
-2.313
-2.06
-1.419
-1.973
-1.919
-2.053
-1.696
-1.869
-2.515
-1.977
-2.157
-2.296
-1.713
-2.047
-2.267
-2.33
-1.899
-1.94
-2.911
-1.326
-1.51
-1.905
-2.044
-2.031
-2.154
-2.616
-1.73
-2.446
-2.209
-1.8
-1.901
-2.184
-2.589
-1.879
-2.109
-2.435
-2.308
-1.896
-2.274
-2.129
-2.021
-1.651
-2.079
-2.111
-2.091
-2.405
-2.384
-2.318
-1.67
-2.391
-2.577
-2.68
-2.355
-2.393
-2.515
-2.19
-2.091
-2.65
-2.52
-2.42
-2.265
-1.964
-1.841
-1.96
-2.072
-2.062
-1.807
-2.54
-2.176
-1.931
-2.453
-1.966
-2.6
-2.135
-2.364
-2.247
-2.369
-2.619
-2.467
-2.654
-2.218
-2.31
-2.343
-2.91
-2.58
-2.343
-2.416
-2.096
-1.815
-2.024
-1.757
-2.486
-1.449
-2.154
-1.767
-2.422
-2.161
-1.979
-2.132
-2.715
-2.043
-2.257
-2.426
-2.427
-2.549
-2.661
-2.349
-1.978
-2.111
-2.334
-2.437
-2.212
-2.364
-1.957
-2.389
-2.971
-2.762
-2.818
-2.627
-1.718
-1.881
-1.489
-2.3
-2.212
-1.828
-2.343
-2.146
-2.452
-2.16
-1.996
-2.321
-1.725
-2.132
-2.56
-2.81
-2.43
-2.467
-2.257
-1.617
-3.031
-2.946
-2.291
-2.454
-2.149
-1.804
-2.894
-2.996
-2.955
-2.411
-2.709
-2.493
-2.803
-2.287
-2.403
-2.151
-2.275
-2.178
-2.5
-2.229
-3.082
-2.773
-2.222
-2.536
-2.591
-2.483
-2.829
-2.312
-2.629
-2.417
-2.779
-2.82
-2.543
-2.397
-2.357
-2.273
-1.263
-2.52
-1.713
-2.498
-1.831
-1.388
-2.448
-1.905
-2.623
-2.489
-2.252
-1.904
-3.096
-2.52
-0.739
-2.168
-1.741
-2.859
-2.165
-2.984
-2.318
-2.889
-2.679
-2.586
-2.695
-1.93
-2.549
-2.378
-2.371
-2.216
-1.479
-2.083
-1.728
-2.086
-1.919
-2.656
-1.694
-2.391
-1.394
-1.17
-1.913
-1.391
-2.043
-1.549
-2.544
-1.42
-0.803
-1.739
-1.751
-1.795
-1.987
-1.767
-2.171
-1.835
-2.39
-2.019
-2.587
-2.444
-2.293
-2.181
-2.377
-2.284
-2.161
-2.353
-2.924
-2.693
-2.496
-1.566
-2.05
-2.371
-2.372
-2.844
-2.279
-2.231
-1.708
-2.292
-2.755
-2.136
-2.101
-1.535
-2.209
-2.467
-2.073
-2.792
-2.03
-2.261
-2.653
-2.95
-2.26
-3.13
-2.19
-1.999
-2.767
-2.611
-2.322
-2.15
-3.051
-2.914
-2.069
-2.534
-2.405
-3.246
-3.218
-2.823
-1.956
-1.928
-2.285
-2.349
-2.25
-2.217
-2.453
-2.287
-2.591
-2.404
-2.251
-1.934
-1.812
-1.732
-2.109
-2.636
-1.568
-2.109
-1.767
-1.8
-1.711
-1.117
-2.37
-1.756
-1.772
-1.437
-2.488
-2.299
-1.889
-2.693
-2.406
-2.739
-2.608
-1.756
-2.565
-2.03
-1.771
-1.167
