-4.255
-4.96
-4.248
-5.389
-3.789
-4.828
-2.827
-6.873
-3.424
-3.146
-0.26
0.377
-2.293
-0.562
-8.198
-5.631
-7.814
-5.346
-2.624
-5.685
-5.683
-2.768
-3.532
-4.175
-3.058
-3.914
-1.619
-2.344
-3.7
-6.909
-0.217
-1.985
-4.751
-5.637
-8.612
-2.048
-2.512
-8.006
-6.229
-5.154
-4.589
-5.311
-6.959
-5.085
-5.779
-9.469
-6.046
-5.001
-7.953
-4.522
-4.416
-3.767
-6.989
-7.422
-6.815
-6.61
-7.322
-5.004
-3.102
-6.627
-7.364
-7.643
-2.468
-4.685
-4.475
-4.509
-4.848
-2.031
-5.39
-5.707
-3.839
-4.536
-6.284
-9.078
-6.644
-2.803
-5.941
-3.944
-4.343
-4.295
-0.732
-4.929
-5.642
-4.803
0.617
-6.474
-4.121
-4.256
-5.965
-6.579
-5.159
-5.094
-7.17
-7.755
-1.501
-2.899
-3.98
-4.303
-4.095
-8.077
-0.621
-5.501
-5.995
-5.26
-5.084
-6.719
-8.941
-4.219
-7.201
-5.932
-4.627
-2.723
-4.399
-4.171
0.772
-4.53
-2.569
-3.855
-5.271
-2.852
-4.766
-3.439
-3.199
-4.38
-4.786
-2.101
-3.552
-2.5
-2.88
-5.344
-2.278
-1.267
-4.534
-4.346
-4.75
-4.996
-3.664
-2.573
-3.035
-6.699
-4.495
-2.512
-4.467
-6.128
-2.191
-4.924
-4.81
-4.605
-2.837
-2.532
-2.432
-3.386
-2.191
-2.048
-3.512
-4.045
-3.089
-0.742
-5.143
-2.225
-2.136
-4.415
-3.769
-1.322
-2.821
-4.777
-5.28
-5.433
-3.19
-5.06
-4.552
-4.824
-5.4
-7.782
-4.085
-3.261
-6.293
-4.93
-6.814
-8.705
-5.665
-5.934
-5.407
-4.413
-5.824
-6.492
-4.217
-5.07
-3.809
-3.768
-4.822
-4.926
-5.018
-7.38
-6.961
-5.657
-4.704
-3.317
-2.952
-3.791
-2.013
-5.077
-3.115
-5.823
-5.106
-4.257
-3.478
-3.45
-5.23
-5.713
-3.543
-3.489
-1.84
-3.232
-2.257
-5.068
-5.797
-4.797
-4.1
-1.778
-2.844
-4.99
-6.626
-4.349
-1.308
-3.523
-5.627
-6.427
-4.707
-2.971
-4.618
-4.469
0.414
-3.813
-5.157
-2.631
-2.288
-3.356
-3.541
-6.391
-4.401
-4.935
-6.846
-2.427
-4.235
-3.303
-3.167
-5.117
-2.245
-5.647
-5.029
-3.713
-7.153
-6.21
-1.906
-0.42
-7.205
-5.866
-5.676
-8.222
-1.834
-4.82
-0.41
1.36
-5.788
-3.517
-2.559
-4.76
-4.994
-6.885
-2.386
-4.165
-5.949
-4.85
-1.955
-5.178
-2.57
-2.34
-4.832
-5.044
-6.142
-6.493
-1.965
-3.207
-6.146
-3.318
-5.661
-4.234
-0.197
-2.472
-0.71
-6.609
-4.612
-7.961
-8.335
-9.354
-9.667
-4.438
-5.478
-10.183
-7.756
-7.347
-5.111
-2.689
-4.891
-3.12
-2.983
-6.047
-3.586
-2.45
-4.835
-2.97
-3.711
-3.639
-3.72
-5.403
-1.74
-1.222
-6.785
-4.041
-6.831
-6.789
-6.267
-4.962
-4.204
-6.729
-7.255
-3.8
-6.023
-4.438
-4.265
-6.816
-6.948
-7.948
-3.597
-9.194
-7.688
-7.275
-9.267
-8.344
-6.706
-6.69
-6.528
-5.822
-6.63
-6.681
-4.114
-4.644
-7.928
-6.379
-4.21
-6.561
-5.535
-7.061
-3.316
-5.008
-4.966
-2.771
-3.559
-3.656
-6.111
-3.866
-1.428
0.357
-2.54
-6.308
-4.515
-2.134
-3.591
-4.397
-2.098
-3.743
-0.668
-3.347
-2.779
-4.171
-1.152
-4.064
-3.08
-6.499
-3.216
-3.387
-5.34
-1.854
-1.058
-5.411
-3.449
-3.556
-4.725
-3.87
-3.844
-2.284
-4.841
-4.994
-2.203
-3.214
-4.111
-2.676
-4.628
-4.345
-1.928
-0.151
-1.459
-2.304
-2.436
-3.852
-5.81
-4.061
-4.488
-4.403
-3.283
-2.941
-2.164
-4.252
-4.877
-3.212
-7.089
-4.436
-0.73
-3.337
-5.443
-7.563
-5.774
-8.29
-4.21
-5.831
-5.48
-6.338
-4.619
-6.916
-3.047
-4.002
-6.211
-7.272
-3.235
-3.005
-2.72
-5.937
-3.783
-5.054
-2.899
-3.925
-6.521
-6.029
-1.844
-3.752
-7.402
-2.724
-5.519
0.557
-7.984
-4.529
-7.288
-4.364
-5.266
-3.015
-6.082
-2.089
-2.061
-3.793
-0.134
-1.165
-1.406
-2.432
-5.795
-5.826
-1.154
-2.389
-3.944
-3.006
-5.92
-2.995
-3.653
-4.346
-2.417
-3.229
-3.55
-3.049
-2.789
-1.562
-0.835
-4.684
-2.7
0.729
0.288
-3.476
-1.928
-4.508
3.034
-1.253
-5.164
-0.282
-3.008
-0.927
-1.516
-5.141
-5.227
-2.51
-1.471
-6.65
-2.516
