-23.475
-24.779
-20.89
-24.122
-23.799
-23.692
-21.648
-24.262
-25.295
-18.362
-21.951
-22.631
-20.199
-20.565
-19.263
-22.175
-18.11
-16.913
-21.226
-18.534
-18.063
-20.493
-20.726
-17.629
-18.766
-22.445
-18.014
-21.337
-20.905
-18.773
-22.18
-19.78
-22.515
-17.826
-23.179
-20.178
-22.198
-23.029
-19.754
-23.873
-21.673
-18.947
-24.124
-19.112
-23.067
-21.207
-24.825
-26.86
-17.998
-20.602
-23.277
-23.923
-26.572
-24.811
-20.404
-23.099
-24.509
-21.486
-28.329
-25.223
-17.132
-24.017
-18.289
-23.831
-23.907
-22.737
-20.149
-22.002
-21.994
-16.994
-20.285
-23.604
-27.039
-25.489
-23.92
-24.337
-24.409
-21.84
-24.486
-23.134
-21.861
-20.423
-20.635
-23.983
-23.138
-24.625
-23.122
-22.918
-19.785
-26.408
-20.606
-21.418
-21.386
-21.004
-21.584
-17.457
-23.185
-21.292
-19.203
-23.255
-22.511
-23.975
-23.454
-18.74
-27.676
-21.905
-25.005
-19.45
-19.616
-20.097
-22.972
-22.244
-16.584
-24.551
-21.358
-22.942
-19.958
-19.12
-17.938
-17.773
-26.971
-24.107
-25.558
-25.919
-23.85
-20.047
-25.479
-24.789
-21.958
-26.932
-15.184
-19.751
-21.068
-18.849
-20.097
-22.752
-24.756
-23.175
-19.505
-22.458
-20.949
-19.819
-21.513
-19.475
-16.259
-19.236
-22.984
-24.104
-22.221
-17.558
-21.405
-21.933
-23.168
-22.936
-16.692
-16.389
-20.895
-22.671
-24.3
-23.035
-18.448
-20.096
-19.255
-22.395
-27.066
-23.157
-14.996
-20.887
-21.069
-20.988
-17.085
-29.142
-14.832
-12.826
-16.397
-15.935
-18.914
-21.856
-15.745
-20.554
-21.044
-21.554
-24.386
-20.237
-21.737
-26.044
-17.003
-20.394
-19.849
-17.672
-16.876
-24.897
-22.33
-21.535
-17.433
-20.737
-21.919
-21.388
-24.496
-16.566
-23.092
-22.375
-22.032
-17.926
-23.247
-24.024
-23.398
-19.512
-19.182
-8.771
-13.657
-18.452
-23.259
-21.345
-19.194
-19.901
-18.288
-27.205
-11.679
-9.63
-18.648
-23.305
-19.214
-24.281
-24.111
-20.138
-23.803
-24.79
-21.805
-5.997
-22.161
-22.15
42.493
-22.385
-26.09
-26.861
-25.169
-23.145
-23.389
-21.624
-24.594
-20.173
-18.991
-22.588
-21.621
-18.718
-16.895
-19.378
-18.671
-19.316
-20.572
-24.063
-19.144
-17.894
-21.18
-21.08
-18.977
-26.911
-2.452
-21.872
-21.967
-21.397
-21.72
-17.858
-20.188
-20.473
-20.656
-19.041
-15.282
-19.759
-20.722
-22.089
-19.544
-21.546
-19.319
-12.494
-21.79
-22.219
-9.778
-17.061
9.102
-19.694
-20.7
5.028
-18.86
-13.697
-18.909
-17.876
-22.103
-19.514
-18.553
-19.326
-17.426
-20.295
-18.706
-22.763
-18.953
-21.104
-18.943
-25.497
-23.543
-26.808
-22.591
-15.996
-23.206
-19.633
-13.359
-15.896
-24.609
-18.384
-18.274
-21.351
-19.18
-20.834
-21.025
-20.488
-17.043
-25.111
13.366
-19.907
-20.307
-21.746
-15.855
-23.714
-22.895
-22.406
-22.985
-17.67
-21.755
-20.927
-20.926
-24.025
-22.414
-15.897
-21.478
-24.476
-19.235
-22.422
-20.371
-22.72
-18.63
-18.774
-19.82
-20.017
-19.154
-20.11
-20.296
-15.648
-20.926
-22.282
-21.696
-16.897
-19.402
-17.661
27.588
-19.228
-10.42
-21.675
-14.757
-11.63
-14.823
-16.821
-23.233
-17.43
-17.918
-14.824
-11.016
-23.495
-20.23
-21.428
-17.786
-21.994
-19.788
-18.511
-18.556
-17.384
-18.534
-17.246
-14.91
-19.352
-20.824
-20.624
-17.701
-16.349
-17.046
-16.579
-14.497
-20.02
-17.413
-16.55
-12.187
-16.127
-19.291
-16.937
-13.52
-16.325
-15.934
-12.874
-7.518
-21.029
-16.806
-21.197
-17.899
-19.651
-11.703
-14.377
-15.328
-21.38
-14.718
-18.545
-16.379
-13.064
-21.583
-12.87
-22.031
-20.587
-17.081
-18.995
-19.952
-21.348
-20.57
-23.056
-22.918
-16.04
-23.092
-17.855
-17.784
-19.886
-15.473
-18.168
-20.306
-18.063
-14.133
-18.692
-21.676
-11.74
-18.31
-15.734
-21.442
-15.253
-21.516
-21.028
-16.083
-18.684
-20.267
-22.953
-18.56
-18.853
-20.959
-23.075
-21.9
-22.717
-18.502
-22.642
-21.445
-26.339
-19.96
-19.886
-22.781
-19.546
-22.253
-16.107
-15.228
-14.428
-16.086
-21.087
-22.313
-20.303
-18.861
-21.605
-18.259
-21.059
-18.497
-18.387
-18.346
-21.633
-19.311
-18.899
-14.999
-19.809
-19.306
-17.191
-17.496
-17.933
-18.661
-20.535
-16.015
-18.659
-20.813
-18.724
-16.686
-20.549
-19.496
-15.312
-16.362
-19.334
-14.7
-17.126
-15.978
-20.43
-19.567
