-505.428
-538.831
-575.566
-539.5
-540.392
-549.324
-569.398
-582.949
-578.557
-579.412
-542.872
-575.918
-546.862
-571.716
-556.823
-552.009
-532.394
-569.719
-527.412
-550.164
-581.024
-530.669
-513.373
-527.701
-498.391
-465.107
-511.008
-511.787
-495.317
-493.91
-516.24
-469.927
-478.953
-503.37
-525.422
-543.98
-566.258
-586.034
-572.728
-540.38
-599.248
-558.428
-590.305
-579.495
-577.032
-567.908
-580.147
-576.488
-610.213
-548.756
-540.741
-524.621
-522.515
-552.569
-563.555
-544.62
-582.859
-577.963
-559.755
-590.092
-568.362
-598.522
-627.048
-554.492
-532.825
-536.571
-464.124
-499.063
-492.731
-485.045
-506.179
-511.843
-566.926
-583.14
-599.732
-556.373
-563.707
-565.861
-556.76
-517.868
-490.178
-545.907
-556.896
-538.81
-519.179
-576.073
-525.156
-516.358
-568.895
-557.234
-556.042
-560.513
-575.127
-497.866
-526.929
-521.334
-537.461
-468.213
-551.742
-515.308
-574.825
-534.467
-604.187
-535.938
-499.833
-536.047
-546.451
-593.848
-577.636
-578.5
-534.262
-526.988
-565.069
-511.408
-572.476
-537.942
-534.633
-484.525
-560.46
-527.238
-554.736
-553.279
-550.576
-502.09
-482.8
-557.067
-472.727
-473.467
-503.199
-450.577
-510.17
-488.982
-490.049
-387.724
-503.839
-483.256
-504.491
-519.179
-491.73
-512.687
-522.496
-477.87
-462.507
-429.166
-473.814
-441.277
-464.902
-515.521
-445.01
-471.462
-538.019
-569.445
-549.812
-507.022
-500.009
-466.946
-498.527
-483.779
-517.495
-493.187
-494.87
-527.747
-538.673
-533.784
-540.534
-558.883
-528.945
-481.089
-513.896
-470.523
-471.895
-542.613
-494.86
-490.76
-468.698
-471.82
-505.598
-571.738
-486.209
-540.179
-498.026
-533.034
-502.56
-487.025
-556.496
-519.715
-500.71
-503.623
-479.739
-461.914
-473.942
-488.181
-465.138
-510.672
-505.565
-515.604
-502.611
-499.66
-488.585
-485.485
-478.377
-501.806
-473.047
-482.339
-515.739
-564.834
-506.783
-513.305
-496.741
-521.375
-486.543
-524.412
-482.014
-471.028
-473.176
-555.461
-533.384
-526.441
-548.239
-518.027
-443.775
-488.433
-502.649
-511.842
-545.189
-531.543
-571.208
-516.451
-502.186
-538.526
-557.372
-507.43
-555.35
-591.779
-526.743
-531.79
-538.575
-476.042
-478.115
-528.174
-454.305
-465.011
-504.388
-478.076
-474.832
-491.035
-532.657
-531.301
-538.298
-559.53
-559.326
-560.598
-564.616
-532.971
-524.529
-548.245
-561.45
-561.988
-539.184
-540.809
-582.126
-558.791
-547.707
-522.288
-494.171
-495.471
-539.955
-515.483
-508.945
-536.076
-561.012
-561.279
-530.84
-551.04
-505.708
-509.609
-520.416
-553.637
-589.247
-550.16
-602.21
-565.073
-585.472
-619.704
-531.238
-604.973
-575.012
-486.386
-519.819
-522.232
-516.574
-537.427
-558.662
-542.049
-554.739
-562.868
-551.774
-565.069
-568.893
-513.821
-548.379
-570.439
-624.085
-540.81
-532.615
-530.355
-557.665
-527.0
-550.045
-528.755
-608.489
-611.72
-538.4
-556.559
-559.623
-491.358
-549.267
-572.055
-558.175
-612.128
-582.698
-611.126
-554.581
-593.158
-581.671
-542.978
-577.776
-526.624
-505.459
-534.572
-572.968
-573.458
-596.785
-574.67
-529.744
-543.929
-534.799
-586.749
-551.484
-559.488
-553.781
-536.869
-523.451
-508.783
-536.907
-498.792
-548.54
-489.022
-479.887
-512.989
-527.444
-581.014
-555.872
-564.856
-556.33
-537.951
-522.919
-513.949
-531.513
-481.396
-475.892
-492.603
-532.114
-523.989
-504.436
-511.067
-486.204
-466.329
-448.572
-489.242
-506.067
-533.769
-519.681
-441.595
-490.993
-455.713
-476.863
-476.664
-465.492
-470.04
-546.09
-481.487
-462.296
-456.309
-461.551
-401.501
-465.194
-469.028
-452.445
-433.911
-502.279
-480.232
-431.107
-425.016
-456.752
-424.599
-431.844
-407.289
-417.732
-433.0
-441.177
-436.371
-454.732
-450.526
-435.75
-411.31
-445.685
-428.246
-383.254
-404.69
-412.704
-459.192
-457.362
-480.041
-533.278
-494.705
-497.306
-557.056
-521.668
-446.544
-485.477
-542.631
-531.568
-595.693
-541.029
-579.498
-533.662
-580.314
-583.412
-554.098
-556.809
-564.053
-577.389
-560.99
-561.893
-574.501
-537.22
-512.712
-579.156
-556.951
-475.307
-526.881
-517.563
-554.286
-546.825
-496.025
-560.423
-546.193
-604.77
-553.348
-544.967
-537.702
-580.59
-595.517
-595.046
-602.256
-573.628
-584.07
-652.727
-601.349
-610.501
-574.883
-535.036
-548.736
-549.856
-567.76
-581.988
-566.678
-538.365
-571.171
-520.156
-559.892
-553.342
-551.996
-526.9
-555.317
-573.061
-559.723
-579.844
-575.534
-573.691
-597.123
-518.668
-539.841
-508.593
-563.118
-561.299
-562.966
-538.693
-582.477
-577.285
-621.478
-582.14
-579.556
-587.146
-555.852
-537.817
-572.074
-514.772
-515.51
-569.894
