-0.243
-0.349
-0.353
-0.442
-0.426
-0.335
-0.322
-0.35
-0.275
-0.24
-0.268
-0.272
-0.319
-0.28
-0.321
-0.328
-0.356
-0.33
-0.354
-0.334
-0.297
-0.291
-0.293
-0.212
-0.226
-0.312
-0.183
-0.339
-0.236
-0.244
-0.323
-0.168
-0.181
-0.301
-0.312
-0.381
-0.253
-0.179
-0.247
-0.304
-0.371
-0.292
-0.258
-0.258
-0.234
-0.263
-0.208
-0.3
-0.206
-0.203
-0.262
-0.249
-0.217
-0.162
-0.267
-0.277
-0.285
-0.291
-0.172
-0.187
-0.22
-0.262
-0.234
-0.257
-0.388
-0.37
-0.25
-0.224
-0.292
-0.239
-0.339
-0.373
-0.357
-0.309
-0.336
-0.269
-0.292
-0.387
-0.354
-0.273
-0.409
-0.285
-0.229
-0.296
-0.305
-0.269
-0.335
-0.316
-0.234
-0.327
-0.274
-0.254
-0.297
-0.338
-0.344
-0.264
-0.335
-0.323
-0.298
-0.323
-0.342
-0.277
-0.168
-0.346
-0.119
-0.374
-0.251
-0.289
-0.259
-0.268
-0.339
-0.31
-0.188
-0.235
-0.18
-0.306
-0.211
-0.235
-0.19
-0.301
-0.299
-0.241
-0.262
-0.363
-0.366
-0.371
-0.271
-0.355
-0.26
-0.299
-0.367
-0.321
-0.307
-0.302
-0.33
-0.315
-0.296
-0.264
-0.199
-0.309
-0.209
-0.242
-0.261
-0.191
-0.239
-0.263
-0.221
-0.337
-0.339
-0.22
-0.297
-0.369
-0.268
-0.298
-0.292
-0.187
-0.267
-0.309
-0.249
-0.258
-0.302
-0.304
-0.203
-0.302
-0.273
-0.351
-0.346
-0.307
-0.291
-0.234
-0.229
-0.267
-0.281
-0.276
-0.292
-0.237
-0.236
-0.187
-0.277
-0.258
-0.195
-0.281
-0.296
-0.309
-0.381
-0.415
-0.199
-0.327
-0.363
-0.38
-0.307
-0.361
-0.281
-0.245
-0.304
-0.257
-0.263
-0.308
-0.238
-0.208
-0.267
-0.255
-0.307
-0.232
-0.278
-0.422
-0.213
-0.326
-0.32
-0.369
-0.332
-0.225
-0.368
-0.206
-0.302
-0.332
-0.191
-0.286
-0.219
-0.208
-0.213
-0.331
-0.223
-0.241
-0.333
-0.388
-0.209
-0.342
-0.264
-0.25
-0.234
-0.206
-0.245
-0.221
-0.234
-0.242
-0.161
-0.302
-0.183
-0.301
-0.198
-0.313
-0.167
-0.253
-0.349
-0.217
-0.372
-0.427
-0.321
-0.282
-0.341
-0.282
-0.34
-0.268
-0.27
-0.283
-0.231
-0.211
-0.163
-0.207
-0.309
-0.155
-0.187
-0.269
-0.252
-0.248
-0.247
-0.235
-0.072
-0.311
-0.263
-0.365
-0.271
-0.24
-0.223
-0.284
-0.323
-0.296
-0.364
-0.316
-0.28
-0.304
-0.254
-0.385
-0.288
-0.291
-0.309
-0.204
-0.195
-0.261
-0.245
-0.357
-0.237
-0.319
-0.256
-0.194
-0.164
-0.285
-0.274
-0.229
-0.283
-0.29
-0.306
-0.362
-0.279
-0.305
-0.29
-0.261
-0.196
-0.2
-0.289
-0.353
-0.201
-0.165
-0.169
-0.165
-0.242
-0.233
-0.313
-0.218
-0.182
-0.249
-0.202
-0.247
-0.281
-0.205
-0.284
-0.294
-0.265
-0.412
-0.282
-0.168
-0.437
-0.205
-0.257
-0.233
-0.286
-0.298
-0.275
-0.321
-0.223
-0.199
-0.295
-0.268
-0.224
-0.293
-0.22
-0.262
-0.211
-0.226
-0.4
-0.364
-0.209
-0.246
-0.271
-0.296
-0.336
-0.283
-0.282
-0.211
-0.3
-0.269
-0.27
-0.333
-0.318
-0.237
-0.429
-0.329
-0.349
-0.28
-0.275
-0.208
-0.327
-0.319
-0.31
-0.252
-0.277
-0.306
-0.34
-0.277
-0.311
-0.307
-0.295
-0.279
-0.293
-0.219
-0.268
-0.291
-0.268
-0.254
-0.291
-0.304
-0.222
-0.253
-0.349
-0.229
-0.259
-0.147
-0.347
-0.228
-0.231
-0.251
-0.38
-0.264
-0.284
-0.23
-0.204
-0.277
-0.205
-0.228
-0.255
-0.285
-0.285
-0.451
-0.366
-0.351
-0.375
-0.384
-0.304
-0.358
-0.373
-0.419
-0.3
-0.348
-0.372
-0.226
-0.304
-0.416
-0.288
-0.273
-0.283
-0.278
-0.314
-0.389
-0.255
-0.346
-0.289
-0.364
-0.331
-0.323
-0.273
-0.255
-0.209
-0.203
-0.266
-0.181
-0.224
-0.335
-0.397
-0.281
-0.29
-0.378
-0.327
-0.311
-0.362
-0.276
-0.246
-0.348
-0.366
-0.295
-0.253
-0.343
-0.205
-0.296
-0.24
-0.196
-0.315
-0.258
-0.237
-0.435
-0.288
-0.357
-0.246
-0.187
-0.241
-0.336
-0.245
-0.255
-0.402
-0.312
-0.176
-0.402
-0.327
-0.293
-0.384
-0.33
-0.292
-0.403
-0.325
-0.209
-0.224
-0.234
-0.328
-0.305
-0.271
-0.353
-0.364
-0.289
-0.337
-0.223
-0.234
