-58.32
-57.55
-62.18
-62.52
-61.09
-62.17
-57.07
-59.72
-61.08
-57.09
-50.24
-56.16
-53.07
-57.77
-60.92
-61.67
-53.94
-58.47
-62.51
-62.74
-64.58
-62.54
-68.78
-56.3
-47.18
-64.57
-49.53
-57.41
-56.08
-60.35
-51.78
-61.17
-69.05
-65.77
-46.89
-62.37
-61.85
-58.92
-61.33
-63.12
-53.0
-66.37
-59.1
-55.71
-64.98
-62.62
-65.16
-62.11
-61.27
-62.03
-67.83
-59.56
-65.27
-69.99
-68.22
-65.06
-76.77
-59.94
-64.74
-64.62
-64.9
-64.8
-64.51
-58.15
-68.42
-69.36
-73.09
-69.05
-64.19
-69.22
-58.4
-70.28
-70.13
-68.21
-65.2
-69.52
-65.86
-63.12
-56.25
-61.71
-59.13
-64.15
-63.33
-64.99
-71.17
-60.9
-68.36
-66.38
-53.13
-72.14
-69.99
-56.61
-56.16
-66.35
-63.32
-64.85
-68.72
-71.86
-67.88
-60.87
-64.72
-65.57
-64.37
-63.44
-66.99
-58.81
-53.2
-59.62
-48.08
-67.46
-61.9
-61.47
-57.19
-59.85
-67.6
-63.54
-64.05
-57.03
-70.5
-62.17
-63.74
-69.5
-65.94
-69.13
-63.16
-63.18
-71.98
-62.18
-53.92
-62.82
-56.58
-57.36
-63.45
-60.38
-68.44
-62.37
-65.68
-67.85
-60.72
-67.27
-57.96
-69.84
-66.15
-67.93
-73.45
-67.99
-68.16
-63.65
-63.63
-54.74
-63.72
-71.66
-59.37
-59.7
-71.96
-64.34
-69.87
-65.15
-64.51
-67.41
-62.7
-69.55
-60.5
-62.6
-66.99
-71.31
-69.05
-66.14
-69.81
-67.24
-68.13
-59.88
-63.79
-69.03
-64.01
-67.13
-67.29
-60.17
-64.33
-70.23
-55.7
-60.66
-59.84
-60.39
-57.16
-59.65
-51.69
-53.85
-58.66
-61.53
-59.12
-61.66
-61.25
-50.57
-57.98
-56.24
-62.43
-64.71
-64.36
-59.55
-67.85
-61.64
-66.53
-67.0
-59.41
-62.78
-60.25
-63.02
-56.03
-58.9
-60.3
-65.4
-57.34
-66.67
-57.57
-64.99
-58.55
-57.53
-64.57
-53.81
-44.7
-66.12
-67.14
-66.85
-63.63
-60.68
-59.78
-55.86
-65.6
-73.86
-67.19
-53.66
-57.81
-71.65
-60.6
-53.54
-67.43
-61.72
-57.16
-58.99
-53.93
-59.89
-57.13
-52.88
-55.55
-62.87
-59.58
-53.53
-58.68
-56.73
-57.85
-58.42
-54.73
-56.15
-51.53
-54.61
-62.94
-59.55
-63.59
-64.23
-55.51
-63.12
-62.38
-58.58
-56.2
-68.05
-61.8
-57.39
-66.07
-72.95
-57.4
-63.8
-63.58
-61.05
-62.81
-59.14
-62.32
-52.09
-62.18
-57.7
-55.64
-50.95
-63.4
-67.1
-59.55
-59.37
-60.48
-68.43
-55.55
-63.18
-54.74
-62.08
-54.83
-56.48
-60.41
-54.46
-56.31
-58.44
-62.22
-59.96
-56.66
-55.86
-48.74
-58.65
-56.96
-53.55
-61.44
-55.91
-57.02
-54.54
-51.3
-55.56
-53.47
-46.3
-59.74
-60.44
-58.88
-59.23
-58.28
-60.97
-56.46
-55.69
-58.62
-60.79
-57.51
-56.18
-68.99
-56.47
-59.32
-56.13
-64.74
-56.16
-59.12
-57.99
-60.85
-62.0
-57.59
-63.59
-59.7
-62.59
-62.09
-58.28
-61.19
-63.13
-59.55
-58.35
-66.47
-60.02
-62.34
-62.69
-55.99
-63.71
-65.24
-63.2
-56.66
-57.42
-68.6
-78.19
-77.28
-66.12
-68.04
-73.39
-69.54
-74.48
-67.85
-71.14
-69.7
-76.91
-67.04
-76.62
-75.52
-72.83
-74.41
-69.75
-73.2
-71.36
-64.92
-68.13
-66.8
-70.28
-63.01
-59.6
-65.82
-64.15
-70.91
-63.56
-64.29
-67.51
-62.65
-75.73
-58.49
-62.58
-61.91
-71.79
-63.61
-61.66
-62.44
-55.8
-62.86
-58.95
-64.47
-76.85
-68.59
-66.02
-62.16
-50.33
-68.63
-69.71
-56.11
-64.35
-68.51
-60.51
-60.6
-55.89
-56.95
-63.22
-64.58
-74.59
-66.23
-66.6
-56.84
-60.31
-68.23
-71.95
-67.9
-63.98
-67.14
-57.33
-60.81
-70.6
-65.91
-54.57
-60.42
-55.49
-65.32
-55.08
-58.87
-55.15
-67.48
-67.41
-68.91
-62.06
-57.31
-60.16
-66.11
-56.26
-56.63
-60.82
-55.83
-67.03
-65.44
-58.59
-59.11
-63.62
-57.09
-60.23
-57.94
-57.17
-70.26
-63.86
-64.29
-60.56
-70.05
-72.0
-70.3
-74.75
-78.25
-72.44
-77.12
-76.23
-74.72
-73.64
-74.38
-66.29
-65.43
-69.4
-67.9
-76.04
-79.35
-70.32
-65.08
-68.32
-61.63
-60.9
-64.58
-70.51
-68.4
-67.78
-66.38
-62.73
-69.02
-65.08
-69.71
-66.92
-66.76
-71.03
-56.02
-61.19
-72.89
-62.55
-59.5
