-1.987
-2.047
-1.213
-1.549
-2.11
-1.46
-2.253
-1.605
-1.95
-2.497
-1.693
-1.568
-1.941
-1.91
-1.569
-2.051
-1.448
-1.768
-1.794
-1.382
-1.923
-1.514
-1.825
-1.13
-1.314
-2.088
-1.678
-1.865
-1.429
-1.899
-1.09
-2.054
-1.859
-1.616
-1.749
-1.522
-1.037
-1.385
-1.613
-1.872
-2.049
-2.119
-1.728
-1.363
-1.523
-2.133
-2.324
-1.911
-1.431
-1.151
-2.234
-1.35
-1.239
-1.724
-1.468
-1.738
-1.423
-1.475
-2.057
-1.783
-2.4
-1.788
-1.362
-1.358
-1.487
-1.985
-1.916
-2.363
-2.082
-1.915
-1.944
-2.471
-1.374
-1.884
-1.376
-1.337
-1.595
-1.218
-0.901
-0.933
-1.616
-1.784
-1.692
-1.291
-1.516
-1.482
-1.417
-1.712
-1.852
-1.662
-1.834
-1.985
-1.25
-1.913
-1.043
-1.583
-1.497
-1.923
-1.749
-1.638
-1.722
-1.968
-0.973
-1.359
-1.551
-1.702
-1.66
-1.217
-1.758
-1.606
-2.322
-1.92
-1.118
-1.266
-2.0
-1.736
-1.94
-1.244
-1.139
-1.904
-1.961
-1.199
-2.161
-1.768
-1.647
-1.382
-1.662
-1.334
-1.373
-1.831
-2.132
-1.783
-2.169
-1.274
-1.33
-1.296
-1.755
-1.511
-1.998
-1.314
-1.355
-1.691
-2.159
-1.718
-1.657
-1.257
-1.402
-1.558
-1.799
-2.036
-2.167
-1.823
-2.062
-1.056
-1.521
-1.544
-2.007
-1.686
-1.695
-1.79
-1.694
-1.579
-1.458
-1.75
-1.554
-1.907
-2.09
-2.222
-1.158
-1.46
-1.366
-1.208
-1.743
-1.747
-1.901
-1.702
-1.572
-1.471
-1.964
-1.813
-1.521
-1.618
-1.075
-1.361
-1.799
-1.599
-1.241
-1.116
-0.961
-1.699
-1.659
-1.504
-1.082
-1.495
-1.757
-1.131
-1.425
-1.427
-1.479
-1.945
-1.487
-2.154
-1.039
-1.429
-1.675
-1.829
-1.261
-0.958
-1.145
-1.078
-0.829
-1.318
-0.505
-1.28
-1.416
-1.155
-1.191
-1.178
-0.923
-0.463
-1.158
-0.974
-1.325
-1.169
-1.336
-1.483
-1.856
-1.075
-1.362
-1.645
-1.562
-1.139
-0.563
-1.112
-1.277
-0.747
-0.879
-1.254
-1.244
-1.253
-1.371
-1.314
-0.974
-1.517
-1.273
-0.851
-1.591
-1.115
-1.012
-0.723
-1.696
-1.247
-0.813
-1.159
-0.356
-0.898
-1.168
-1.332
-1.197
-1.344
-1.432
-1.331
-0.947
-0.499
-0.783
-0.975
-1.798
-1.296
-1.37
-1.457
-1.817
-1.627
-1.28
-1.634
-1.853
-1.245
-1.558
-1.674
-1.942
-1.176
-0.664
-1.005
-1.779
-1.727
-1.763
-2.077
-1.444
-1.694
-1.367
-1.675
-1.104
-1.417
-1.306
-1.642
-1.827
-2.022
-1.553
-1.075
-1.206
-0.948
-1.274
-1.261
-1.164
-1.722
-1.463
-1.291
-1.158
-1.016
-0.712
-1.613
-1.545
-1.362
-1.356
-1.347
-1.086
-1.604
-1.93
-1.696
-1.231
-1.475
-1.907
-1.908
-1.762
-1.596
-1.528
-1.469
-1.655
-1.349
-1.823
-1.275
-2.03
-1.366
-1.018
-1.939
-1.017
-2.199
-1.666
-2.414
-1.928
-1.768
-1.645
-1.346
-1.261
-1.466
-0.765
-1.947
-2.025
-1.8
-1.888
-1.484
-1.676
-1.174
-1.298
-1.484
-1.29
-1.532
-1.729
-1.858
-2.247
-1.282
-0.951
-1.745
-1.255
-1.194
-1.287
-1.052
-0.95
-1.282
-1.483
-1.217
-1.462
-1.731
-2.029
-1.483
-1.948
-1.487
-1.996
-1.56
-2.139
-1.579
-1.282
-1.705
-1.604
-1.414
-1.659
-1.449
-1.89
-1.111
-1.332
-1.64
-1.319
-1.465
-1.416
-1.346
-1.576
-1.745
-1.296
-0.732
-1.442
-2.024
-1.372
-1.812
-1.37
-1.077
-1.253
-1.022
-1.515
-1.118
-1.084
-1.012
-1.416
-1.712
-1.472
-1.238
-1.337
-1.009
-1.809
-1.688
-1.624
-1.637
-2.055
-1.455
-1.74
-1.862
-1.64
-1.686
-1.245
-1.116
-1.824
-1.899
-1.664
-1.389
-1.746
-1.372
-1.766
-1.218
-1.542
-1.671
-2.012
-1.677
-1.654
-1.561
-1.848
-1.445
-0.951
-1.649
-1.306
-2.243
-1.093
-1.868
-1.659
-1.166
-1.473
-1.544
-1.389
-2.014
-1.957
-1.519
-1.344
-1.737
-2.036
-1.835
-2.017
-1.454
-1.781
-1.772
-1.918
-1.662
-1.741
-1.908
-1.946
-1.854
-0.967
-1.352
-1.229
-1.056
-1.986
-2.073
-1.37
-1.249
-1.142
-1.883
-1.402
-1.651
-1.687
-1.095
-1.312
-1.659
-1.266
-1.312
-0.49
-1.484
-0.783
-1.584
-1.183
-1.197
-0.864
-1.762
-1.533
-1.648
-1.27
