-478.355
-448.355
-479.555
-459.327
-441.804
-474.313
-497.866
-468.194
-473.473
-457.319
-459.768
-426.125
-428.618
-448.406
-480.203
-463.509
-484.968
-492.194
-499.529
-489.049
-457.826
-492.048
-482.892
-482.376
-455.834
-466.695
-454.32
-478.254
-446.531
-454.664
-462.575
-493.463
-472.756
-471.029
-487.844
-466.551
-498.565
-466.158
-497.113
-436.882
-449.83
-478.679
-495.198
-474.671
-445.003
-461.501
-461.305
-484.171
-477.125
-477.084
-484.8
-498.974
-504.225
-536.817
-542.64
-535.11
-574.412
-550.972
-522.506
-530.177
-503.068
-535.535
-514.835
-502.616
-462.949
-526.697
-531.745
-484.167
-516.658
-548.312
-516.434
-496.218
-529.901
-531.37
-519.52
-554.064
-516.152
-540.019
-500.924
-499.016
-467.994
-508.869
-461.053
-512.013
-546.419
-576.09
-495.412
-495.599
-503.732
-485.721
-476.432
-462.566
-487.337
-456.923
-450.702
-493.771
-488.703
-521.798
-507.724
-527.544
-527.01
-522.529
-505.983
-555.016
-483.666
-523.487
-487.19
-499.581
-492.158
-544.605
-501.568
-467.573
-514.198
-515.797
-520.305
-513.331
-525.524
-546.234
-513.335
-547.11
-524.408
-547.218
-520.925
-492.672
-525.212
-521.15
-499.726
-468.185
-486.003
-518.339
-524.291
-519.31
-498.852
-547.752
-505.117
-495.051
-513.215
-489.257
-521.05
-469.688
-527.977
-527.697
-490.73
-549.586
-512.481
-563.51
-521.028
-494.137
-542.781
-504.022
-502.003
-483.355
-529.644
-507.971
-504.984
-536.038
-469.985
-452.969
-535.594
-530.752
-505.499
-515.606
-521.255
-512.493
-490.012
-507.756
-563.739
-485.797
-534.455
-552.51
-544.724
-507.85
-476.474
-463.105
-476.843
-516.821
-497.139
-490.177
-517.08
-489.042
-478.049
-474.205
-454.165
-467.852
-457.117
-470.439
-459.398
-463.651
-464.773
-479.428
-484.192
-485.865
-468.578
-487.134
-470.446
-533.669
-491.829
-476.575
-505.175
-505.378
-492.18
-527.436
-494.406
-497.727
-501.525
-509.404
-511.662
-499.677
-423.14
-458.675
-460.482
-466.832
-482.766
-504.862
-498.331
-494.58
-477.178
-482.141
-506.927
-502.24
-483.36
-523.351
-527.953
-517.556
-487.053
-565.905
-558.45
-512.032
-503.405
-534.007
-550.742
-528.848
-500.233
-503.563
-521.63
-528.002
-536.443
-514.655
-531.22
-521.424
-502.078
-494.374
-516.786
-480.565
-486.259
-474.96
-488.813
-509.331
-436.337
-482.239
-492.6
-514.074
-478.481
-501.469
-507.612
-440.028
-503.287
-486.974
-498.46
-483.389
-528.561
-528.73
-458.722
-500.944
-499.285
-464.843
-509.114
-468.117
-484.376
-508.153
-499.275
-473.643
-483.22
-523.34
-478.058
-475.907
-531.409
-472.77
-486.161
-492.944
-474.622
-447.634
-507.179
-496.947
-458.905
-525.653
-465.835
-515.389
-501.916
-490.331
-509.179
-463.681
-461.001
-493.691
-456.77
-479.094
-476.129
-472.655
-485.907
-485.612
-475.009
-465.831
-463.925
-512.612
-493.369
-483.099
-483.981
-466.192
-479.403
-471.548
-447.223
-426.894
-397.838
-393.442
-426.24
-442.187
-437.947
-398.373
-392.533
-439.182
-453.05
-436.788
-455.772
-445.141
-447.967
-453.948
-483.835
-465.331
-482.556
-456.45
-450.181
-459.536
-435.729
-440.701
-466.621
-417.029
-475.749
-486.899
-432.255
-464.148
-421.07
-480.122
-452.59
-432.097
-483.836
-428.002
-450.373
-479.241
-510.84
-478.736
-507.482
-516.044
-493.415
-519.747
-474.814
-536.576
-550.271
-526.736
-561.599
-526.977
-546.865
-537.432
-551.901
-531.382
-583.941
-585.087
-543.522
-547.934
-571.541
-563.404
-506.055
-514.611
-521.115
-533.593
-580.073
-507.205
-489.907
-546.267
-493.54
-501.548
-510.514
-514.757
-535.329
-512.816
-465.761
-515.695
-546.86
-514.076
-534.669
-514.728
-519.626
-528.151
-502.694
-499.135
-481.623
-552.165
-502.052
-549.163
-504.668
-501.526
-545.27
-542.245
-465.223
-467.771
-512.32
-467.65
-466.213
-488.493
-460.171
-469.945
-512.374
-506.754
-483.527
-495.67
-501.508
-492.496
-492.469
-496.218
-510.5
-487.368
-512.017
-507.871
-483.878
-434.228
-505.49
-524.996
-533.264
-501.397
-483.361
-476.445
-518.818
-500.87
-478.211
-489.57
-487.989
-537.19
-501.355
-435.342
-503.889
-486.152
-483.613
-457.329
-445.882
-471.023
-474.474
-472.821
-494.864
-500.567
-511.571
-479.226
-503.086
-497.189
-498.537
-506.468
-533.05
-510.212
-524.168
-509.532
-501.903
-492.515
-506.723
-508.137
-522.29
-535.638
-558.583
-584.717
-524.092
-576.526
-565.053
-573.213
-548.956
-573.184
-570.681
-584.673
-574.456
-589.038
-588.142
-541.856
-522.247
-518.735
-512.571
-510.964
-516.42
-505.516
-530.382
-530.304
-482.988
-506.595
-515.555
-547.321
-522.328
-513.419
-497.875
-518.906
-513.044
-533.79
-458.822
-525.37
-457.48
-519.227
-544.968
