-18.055
-16.138
-18.11
-15.617
-17.496
-15.223
-17.078
-13.593
-15.756
-16.991
-16.749
-16.423
-15.239
-12.425
-15.934
-16.899
-17.022
-18.637
-18.584
-15.924
-18.497
-13.825
-19.363
-17.754
-7.831
-23.168
-15.144
-17.824
-17.663
-16.239
-15.331
-20.173
-20.19
-18.102
-14.755
-20.593
-19.222
-17.456
-14.395
-16.631
-19.407
-22.991
-15.951
-17.134
-16.263
-18.001
-17.037
-20.544
-17.75
-18.028
-20.575
-20.705
-19.185
-15.208
-16.09
-18.091
-19.913
-19.413
-20.742
-18.496
-14.819
-17.182
-17.353
-18.61
-17.057
-21.098
-19.201
-22.531
-18.011
-13.191
-17.68
-21.569
-18.398
-12.318
-18.133
-19.661
-20.385
-16.63
-17.222
-17.666
-17.346
-19.346
-17.763
-15.616
-18.364
-14.702
-17.513
-18.362
-15.615
-18.224
-17.321
-15.454
-19.137
-11.027
-20.847
-17.037
-18.192
-16.86
-23.07
-13.179
-15.08
-20.982
-13.084
-15.447
-15.396
-9.679
-14.801
-20.223
-16.32
-20.541
-16.136
-14.425
-16.561
-18.919
-13.133
-15.401
-17.251
-17.342
-21.362
-6.908
-13.212
-12.376
-19.84
-15.215
-14.373
-13.916
-19.166
-15.734
-14.836
-16.229
-12.616
-12.36
-20.208
-19.485
-18.275
-19.9
-20.324
-21.42
-15.77
-19.606
-18.483
-19.237
-19.745
-18.709
-19.169
-19.305
-15.075
-12.901
-18.204
-16.207
-14.343
-13.451
-20.464
-10.233
-15.929
-16.088
-16.439
-18.473
-17.618
-16.079
-19.669
-21.794
-19.244
-23.65
-22.494
-23.423
-18.437
-17.822
-14.039
-17.429
-21.839
-15.009
-18.983
-20.178
-15.219
-19.194
-16.896
-17.924
-16.716
-22.128
-18.233
-15.357
-16.411
-14.514
-21.005
-15.541
-12.546
-18.909
-22.116
-19.602
-19.3
-16.788
-19.353
-14.899
-13.376
-19.434
-16.808
-14.783
-16.986
-14.642
-18.932
-18.168
-14.141
-17.539
-16.303
-23.902
-18.1
-18.669
-15.938
-16.178
-15.98
-21.923
-20.162
-18.703
-19.233
-20.091
-16.08
-19.713
-19.908
-15.406
-14.738
-22.049
-19.767
-18.183
-19.228
-17.495
-15.427
-21.268
-19.679
-25.32
-21.107
-18.939
-17.443
-24.793
-22.066
-17.517
-20.331
-18.82
-20.046
-19.443
-18.562
-19.589
-16.76
-18.92
-17.115
-18.473
-20.152
-18.699
-13.963
-20.975
-17.416
-18.158
-19.538
-19.925
-16.454
-20.901
-16.805
-16.517
-17.908
-20.374
-18.003
-23.214
-16.214
-14.048
-20.434
-18.433
-19.121
-14.813
-12.169
-18.92
-15.594
-17.287
-18.903
-15.288
-18.11
-15.847
-17.391
-13.537
-16.005
-14.992
-19.138
-14.75
-16.281
-19.707
-18.618
-20.442
-14.948
-20.294
-19.696
-21.739
-18.055
-16.495
-12.4
-15.534
-16.152
-17.08
-17.714
-14.352
-14.153
-24.418
-17.705
-22.809
-19.485
-16.213
-18.187
-15.986
-15.657
-17.236
-14.491
-18.439
-19.646
-16.655
-17.714
-18.611
-20.423
-20.748
-18.492
-16.111
-16.689
-12.377
-18.628
-11.745
-19.958
-18.247
-23.429
-16.082
-16.495
-16.756
-20.642
-19.642
-18.331
-18.031
-16.284
-22.31
-22.175
-21.241
-18.264
-21.165
-16.826
-14.947
-22.68
-20.551
-12.987
-14.932
-20.155
-18.268
-20.212
-15.957
-15.378
-18.097
-18.232
-15.554
-13.755
-19.12
-16.716
-18.546
-20.771
-22.927
-20.313
-22.028
-22.121
-18.337
-19.531
-16.704
-19.801
-18.106
-18.208
-18.445
-21.677
-22.971
-18.867
-21.669
-21.228
-22.954
-17.739
-20.327
-19.559
-20.487
-18.334
-22.099
-21.075
-17.805
-18.318
-14.254
-21.432
-21.993
-15.858
-18.337
-13.75
-19.525
-22.371
-18.673
-16.012
-21.201
-14.593
-21.393
-17.397
-18.494
-16.073
-19.018
-19.113
-20.902
-19.429
-19.72
-17.892
-20.031
-15.513
-17.2
-18.433
-14.355
-12.048
-17.523
-19.2
-19.01
-19.275
-18.108
-18.656
-20.993
-20.728
-19.102
-16.22
-20.185
-17.087
-16.504
-21.386
-19.136
-19.2
-17.361
-15.792
-22.279
-16.888
-20.396
-17.38
-16.948
-18.973
-18.574
-17.993
-16.149
-21.295
-22.154
-17.679
-9.584
-17.856
-23.196
-19.791
-21.068
-20.078
-19.499
-15.906
-17.223
-10.138
-16.476
-17.925
-22.603
-22.052
-19.951
-19.924
-19.986
-20.371
-18.66
-17.431
-22.166
-20.853
-24.259
-22.316
-21.138
-23.737
-21.571
-20.94
-17.254
-26.432
-21.791
-17.678
-20.418
-15.765
-22.346
-24.752
-24.77
-22.848
-19.59
-20.429
-23.987
-19.531
-18.149
-21.071
-21.698
-19.724
-20.924
-17.242
-20.712
-22.805
-20.831
-17.349
-22.442
-20.614
-15.706
-17.027
-16.513
-18.088
-21.617
-18.703
