-0.205
-0.217
-0.2
-0.162
-0.163
-0.164
-0.272
-0.22
-0.257
-0.257
-0.27
-0.166
-0.228
-0.26
-0.28
-0.369
-0.378
-0.243
-0.231
-0.18
-0.133
-0.171
-0.331
-0.262
-0.249
-0.192
-0.328
-0.34
-0.289
-0.267
-0.261
-0.188
-0.207
-0.165
-0.166
-0.168
-0.281
-0.175
-0.23
-0.134
-0.317
-0.21
-0.229
-0.296
-0.076
-0.416
-0.226
-0.167
-0.267
-0.146
-0.328
-0.262
-0.102
-0.105
-0.126
-0.126
-0.207
-0.195
-0.335
-0.264
-0.313
-0.271
-0.347
-0.145
-0.418
-0.346
-0.235
-0.358
-0.198
-0.255
-0.198
-0.092
-0.095
-0.091
-0.128
-0.076
-0.148
-0.004
-0.125
-0.205
-0.245
-0.162
-0.288
-0.164
-0.244
-0.307
-0.074
-0.05
-0.251
-0.177
-0.306
-0.259
-0.24
-0.179
-0.2
-0.142
-0.29
-0.226
-0.238
-0.297
-0.225
-0.249
-0.172
-0.107
-0.186
-0.189
-0.198
-0.124
-0.273
-0.144
-0.261
-0.21
-0.186
-0.278
-0.204
-0.257
-0.343
-0.263
-0.299
-0.245
-0.347
-0.359
-0.265
-0.372
-0.249
-0.292
-0.249
-0.18
-0.234
-0.269
-0.268
-0.204
-0.28
-0.181
-0.255
-0.31
-0.312
-0.345
-0.345
-0.257
-0.269
-0.342
-0.241
-0.307
-0.223
-0.122
-0.206
-0.199
-0.273
-0.318
-0.168
-0.239
-0.245
-0.198
-0.232
-0.229
-0.2
-0.163
-0.261
-0.22
-0.146
-0.23
-0.216
-0.32
-0.21
-0.196
-0.288
-0.283
-0.287
-0.31
-0.244
-0.251
-0.168
-0.126
-0.222
-0.275
-0.247
-0.19
-0.246
-0.316
-0.216
-0.252
-0.164
-0.108
-0.281
-0.117
-0.234
-0.122
-0.15
-0.035
-0.112
-0.188
-0.146
-0.258
-0.123
-0.113
-0.294
-0.129
-0.173
-0.33
-0.151
-0.253
-0.075
-0.299
-0.238
-0.283
-0.265
-0.102
-0.269
-0.281
-0.174
-0.305
-0.218
-0.178
-0.147
-0.281
-0.098
-0.208
-0.158
-0.081
-0.116
-0.28
-0.189
-0.134
-0.253
-0.136
-0.253
-0.091
-0.177
-0.2
-0.26
-0.303
-0.095
-0.255
-0.28
-0.244
-0.285
-0.3
-0.41
-0.311
-0.206
-0.236
-0.311
-0.205
-0.244
-0.145
-0.317
-0.297
-0.205
-0.216
-0.264
-0.218
-0.334
-0.18
-0.217
-0.217
-0.186
-0.31
-0.326
-0.252
-0.226
-0.347
-0.259
-0.172
-0.203
-0.337
-0.126
-0.283
-0.166
-0.273
-0.27
-0.284
-0.111
-0.247
-0.285
-0.238
-0.133
-0.356
-0.268
-0.267
-0.296
-0.208
-0.197
-0.104
-0.332
-0.18
-0.274
-0.26
-0.285
-0.292
-0.273
-0.278
-0.136
-0.297
-0.217
-0.35
-0.212
-0.278
-0.285
-0.184
-0.253
-0.235
-0.109
-0.225
-0.284
-0.345
-0.327
-0.241
-0.292
-0.251
-0.343
-0.364
-0.336
-0.198
-0.168
-0.282
-0.296
-0.234
-0.275
-0.282
-0.3
-0.237
-0.324
-0.323
-0.325
-0.289
-0.336
-0.272
-0.418
-0.295
-0.296
-0.304
-0.265
-0.304
-0.242
-0.17
-0.385
-0.199
-0.273
-0.335
-0.3
-0.242
-0.29
-0.304
-0.223
-0.303
-0.317
-0.418
-0.313
-0.331
-0.406
-0.304
-0.264
-0.297
-0.324
-0.294
-0.418
-0.346
-0.482
-0.491
-0.412
-0.33
-0.365
-0.386
-0.414
-0.399
-0.383
-0.389
-0.391
-0.431
-0.261
-0.336
-0.457
-0.406
-0.438
-0.475
-0.314
-0.383
-0.418
-0.397
-0.445
-0.403
-0.497
-0.457
-0.474
-0.475
-0.494
-0.4
-0.379
-0.39
-0.328
-0.339
-0.359
-0.311
-0.46
-0.382
-0.404
-0.459
-0.348
-0.435
-0.417
-0.44
-0.439
-0.417
-0.389
-0.346
-0.385
-0.474
-0.28
-0.371
-0.397
-0.387
-0.409
-0.379
-0.349
-0.375
-0.376
-0.318
-0.379
-0.346
-0.374
-0.236
-0.379
-0.27
-0.434
-0.389
-0.354
-0.307
-0.376
-0.47
-0.4
-0.393
-0.407
-0.378
-0.362
-0.267
-0.368
-0.366
-0.41
-0.447
-0.373
-0.268
-0.301
-0.385
-0.353
-0.328
-0.327
-0.297
-0.365
-0.315
-0.266
-0.415
-0.48
-0.434
-0.317
-0.416
-0.472
-0.425
-0.405
-0.384
-0.439
-0.334
-0.398
-0.392
-0.407
-0.373
-0.395
-0.451
-0.429
-0.425
-0.435
-0.434
-0.362
-0.441
-0.398
-0.348
-0.434
-0.378
-0.309
-0.336
-0.406
-0.401
-0.372
-0.358
-0.339
-0.351
-0.365
-0.423
-0.329
-0.381
-0.325
-0.35
-0.342
-0.399
-0.401
-0.44
-0.346
-0.409
-0.361
-0.358
-0.31
