-1.332
-5.742
-3.474
-6.506
-5.44
-3.365
-5.199
-1.8
-1.106
-0.859
-2.152
-3.093
-3.259
-2.282
-1.156
-1.383
-3.734
-7.004
-1.496
-3.482
-4.912
0.647
-3.276
-3.408
-4.356
-5.754
-5.67
-0.435
-1.257
-4.324
-2.432
-4.353
-7.629
-8.04
-3.058
-2.633
-2.746
-1.934
-4.561
-3.106
-6.29
-0.389
-1.164
-2.932
-2.206
-5.348
-7.285
-5.231
-1.997
-3.791
0.556
-1.849
-2.622
-4.418
-6.464
-6.724
-5.91
-5.693
-5.174
-4.881
-4.529
-6.517
-2.303
-4.503
-4.878
-3.376
-1.79
-2.192
-1.625
-4.033
-7.949
-7.38
-2.407
-3.957
-2.598
-4.762
-5.015
-3.141
-1.725
-6.654
-6.124
-5.044
-3.463
-2.958
-2.793
-5.202
-1.791
-1.33
-2.018
-2.392
-2.367
-5.475
-4.184
-6.255
-3.355
-0.981
-5.022
-2.29
-1.265
-1.964
-2.091
-4.985
-4.56
-4.157
-7.162
-0.249
-4.286
-5.16
-3.411
0.637
-2.958
-5.77
-5.619
-4.032
-2.299
-1.383
-6.041
-3.373
-3.83
-2.836
-6.061
-1.992
-3.502
-1.706
-4.528
-3.166
-4.2
-2.509
-6.042
-5.668
-3.167
-5.142
-7.271
-1.538
-4.088
-5.186
-4.535
-3.273
-3.594
-3.561
-1.526
-1.092
-2.449
-3.462
-3.457
-2.567
-4.591
-3.455
1.028
-3.205
-3.457
-0.957
-2.302
-0.987
-4.558
-6.274
-5.857
0.213
-2.551
-2.949
-1.616
-4.738
-4.365
-3.152
-0.478
-4.16
-4.638
-1.755
-4.326
-1.626
-6.29
-4.04
-4.816
-3.081
-3.232
-3.027
-4.641
-1.961
-4.831
-1.314
-4.059
-2.289
-1.153
-4.016
-0.871
-4.436
-3.286
-5.743
-4.573
-4.207
-4.361
-5.295
-4.512
-0.912
-5.05
-5.829
-4.446
-4.355
-1.586
-4.223
-4.263
-4.775
-3.125
-0.953
-4.52
-4.368
-4.509
-4.467
-3.438
-3.144
-4.161
-4.396
-0.572
-2.364
-6.575
-3.97
-5.41
-3.218
-3.256
-0.639
-1.569
-2.873
-5.401
-5.332
-4.142
-3.239
-6.343
-5.427
-6.689
-5.378
-5.767
-3.152
-4.459
-5.87
-2.34
-4.806
-3.246
-6.728
-6.524
-4.566
-4.68
-4.484
-6.294
-4.194
-3.626
-2.954
-3.745
-5.551
-4.15
-2.523
-1.919
-1.294
-5.348
-3.769
-3.816
-2.823
-4.369
-3.442
-5.874
-4.967
-3.243
-4.991
-3.019
-4.626
-1.797
-2.929
-5.276
-3.635
-5.164
-6.795
-5.328
-7.103
-2.917
-4.971
-1.441
-5.412
-4.076
-2.63
-3.867
-1.325
-3.353
-2.376
-2.739
-2.528
-1.829
0.179
-2.508
0.875
-4.887
-2.451
-0.059
-2.648
-2.54
-2.786
-2.526
-1.343
-2.997
-2.545
-4.142
-2.486
-5.323
-4.759
-4.556
-5.929
-2.905
-4.502
-5.369
-5.644
-3.021
-3.202
-3.822
-0.492
-5.048
-1.404
1.564
-3.838
-1.209
-2.377
1.834
-0.692
-4.053
-2.183
-5.25
-4.032
-0.969
-0.491
-3.084
-1.442
-1.266
-0.82
-2.214
-3.766
-2.335
-2.214
-2.723
0.069
-3.412
-3.496
-3.571
-6.176
-1.69
-4.077
-3.131
-1.249
-2.573
-4.89
-3.557
-5.756
-4.194
-4.172
-5.456
-6.003
-5.752
-6.291
-4.921
-5.906
-8.261
-6.936
-11.495
-4.649
-8.02
-6.098
-5.72
-2.813
-5.817
-2.745
-5.675
-4.697
-3.53
-6.092
-5.492
-4.318
-5.514
-3.377
-3.876
-1.291
-4.646
-6.743
-6.241
-6.884
-6.503
-3.157
-0.495
-4.727
-5.699
-6.228
-5.607
-8.804
-3.484
-8.224
-4.231
-4.716
0.525
-6.404
-6.347
-6.181
-4.986
-4.397
-4.143
-3.935
-5.16
-4.432
-4.82
-3.484
-6.293
-6.642
-6.089
-4.831
-5.61
-7.566
-5.94
-6.241
-8.146
-8.144
-3.484
-4.077
-4.414
-4.846
-5.571
-6.547
-3.433
-4.264
-8.37
-5.236
-4.789
-7.636
-5.326
-6.697
-6.079
-4.798
-7.891
-9.814
-5.189
-5.58
-4.362
-4.506
-7.042
-8.708
-7.643
-7.972
-7.16
-6.889
-7.359
-5.637
-5.253
-7.242
-6.556
-6.618
-5.136
-3.549
-7.0
-8.118
-8.532
-6.526
-5.473
-8.476
-6.783
-7.701
-4.899
-8.51
-4.772
-5.553
-6.103
-7.115
-8.759
-8.783
-2.585
-4.361
-10.967
-7.111
-7.066
-7.283
-7.485
-8.603
-8.181
-8.796
-5.923
-6.013
-7.126
-1.912
-5.046
-6.038
-5.204
-7.031
-6.936
-6.327
-3.583
-7.73
-5.737
-7.238
-6.144
-7.865
-1.993
-7.861
-5.424
-6.93
-6.307
-7.768
-6.973
-6.634
-7.645
