-313.946
-293.279
-324.05
-318.65
-296.534
-304.302
-328.512
-308.002
-292.402
-319.522
-304.052
-273.545
-299.307
-313.0
-304.057
-341.827
-375.533
-355.214
-320.244
-298.731
-322.114
-321.3
-333.042
-327.529
-287.78
-314.497
-279.37
-327.877
-273.887
-296.181
-314.099
-374.438
-375.036
-323.984
-342.116
-314.624
-357.044
-320.2
-325.55
-296.166
-315.11
-348.83
-314.922
-300.783
-284.589
-392.41
-309.293
-327.88
-304.434
-363.94
-331.792
-350.05
-366.708
-366.803
-375.504
-381.213
-391.747
-373.935
-379.061
-408.645
-376.276
-379.562
-379.995
-366.259
-365.471
-379.304
-364.244
-369.697
-371.132
-391.978
-371.041
-401.849
-361.745
-313.857
-347.643
-359.013
-356.095
-334.573
-325.743
-317.883
-299.706
-345.473
-298.697
-303.245
-310.848
-341.489
-310.667
-340.45
-326.344
-363.898
-328.017
-303.417
-337.956
-300.091
-310.687
-325.471
-304.39
-369.912
-340.286
-348.161
-354.966
-371.059
-323.552
-360.351
-344.284
-356.871
-341.154
-316.574
-341.08
-352.345
-363.136
-323.945
-379.674
-389.335
-396.848
-388.566
-385.219
-410.772
-374.459
-368.687
-356.146
-333.986
-406.094
-366.29
-397.72
-374.073
-386.347
-395.632
-370.059
-351.609
-383.142
-370.465
-332.585
-329.664
-349.263
-397.142
-352.736
-374.404
-372.709
-371.214
-414.518
-399.593
-378.716
-387.571
-371.722
-400.655
-402.558
-373.055
-374.293
-360.556
-336.752
-344.796
-352.568
-332.641
-393.669
-371.051
-351.404
-348.802
-361.024
-363.279
-374.927
-369.484
-392.092
-396.175
-394.32
-386.407
-425.663
-383.575
-313.645
-343.083
-359.885
-358.696
-329.84
-332.715
-329.04
-387.002
-352.983
-359.274
-385.368
-389.676
-340.305
-310.077
-328.896
-335.377
-311.588
-330.728
-344.547
-335.081
-296.694
-320.459
-325.568
-345.322
-349.85
-360.224
-348.566
-363.905
-351.725
-355.95
-355.112
-367.565
-351.886
-358.243
-346.328
-382.396
-360.807
-383.343
-379.003
-346.796
-293.395
-333.226
-320.764
-358.904
-372.852
-391.207
-389.513
-383.314
-345.997
-389.052
-417.362
-364.313
-374.322
-413.165
-411.175
-376.693
-359.128
-413.129
-432.778
-401.319
-391.727
-400.922
-427.817
-434.132
-449.834
-412.338
-412.874
-414.51
-421.137
-384.761
-394.476
-372.984
-379.974
-355.636
-381.299
-358.1
-354.231
-372.793
-336.629
-360.692
-319.627
-356.44
-357.723
-374.971
-386.227
-376.497
-388.545
-320.428
-352.343
-354.456
-366.819
-374.837
-381.139
-380.237
-347.635
-337.34
-343.49
-307.975
-338.249
-361.139
-301.974
-326.204
-351.207
-336.668
-364.5
-389.235
-336.28
-363.038
-383.38
-310.507
-353.139
-334.943
-304.314
-344.275
-329.953
-371.598
-324.676
-370.952
-308.922
-383.316
-371.594
-354.267
-332.942
-329.352
-317.743
-339.061
-338.86
-341.743
-339.614
-341.641
-364.271
-370.975
-302.933
-336.541
-305.832
-354.207
-351.307
-357.197
-333.641
-289.289
-328.5
-328.005
-285.35
-261.721
-287.698
-247.617
-266.121
-335.275
-338.089
-234.556
-246.809
-300.104
-284.283
-303.312
-316.68
-305.729
-340.056
-355.014
-331.887
-298.062
-322.121
-322.522
-311.609
-291.741
-252.677
-286.821
-306.012
-287.619
-360.701
-335.671
-311.635
-335.82
-300.123
-334.584
-331.322
-324.845
-318.303
-309.129
-297.195
-346.275
-340.045
-354.863
-371.143
-371.849
-353.317
-359.655
-339.62
-399.879
-442.924
-397.767
-485.164
-423.094
-423.068
-401.417
-431.434
-393.887
-433.742
-452.95
-414.094
-405.51
-422.44
-411.445
-371.385
-376.151
-377.704
-412.323
-461.348
-368.818
-292.949
-398.579
-404.31
-423.54
-399.512
-391.917
-388.758
-396.065
-357.096
-393.938
-443.027
-387.551
-388.231
-435.661
-414.421
-400.983
-396.185
-389.517
-350.437
-442.025
-393.501
-429.635
-428.099
-402.646
-475.319
-451.547
-371.642
-371.037
-401.782
-348.677
-410.404
-417.417
-374.398
-377.581
-366.604
-395.113
-398.387
-408.279
-417.538
-386.651
-388.656
-403.959
-410.268
-375.452
-384.007
-405.123
-405.931
-347.959
-422.148
-407.16
-450.447
-368.703
-390.524
-350.791
-395.389
-375.971
-377.467
-336.766
-384.34
-430.323
-407.361
-328.993
-402.471
-354.588
-377.561
-349.73
-342.09
-335.53
-388.72
-357.304
-347.679
-390.203
-375.563
-356.602
-413.055
-379.013
-352.822
-399.193
-419.492
-432.862
-404.94
-409.401
-410.771
-428.306
-407.175
-370.518
-415.329
-453.62
-459.83
-475.388
-423.302
-468.501
-502.0
-461.423
-452.329
-507.171
-493.179
-511.693
-488.929
-483.835
-473.502
-438.777
-400.666
-385.083
-395.085
-397.807
-406.371
-413.834
-411.844
-395.511
-385.622
-405.143
-393.057
-394.837
-386.185
-409.756
-388.996
-413.109
-411.842
-423.393
-312.59
-403.288
-364.932
-384.14
-411.203
