-73.02
-64.54
-65.7
-68.28
-73.91
-79.92
-70.05
-67.78
-64.73
-69.26
-65.67
-65.11
-67.58
-66.57
-62.96
-54.35
-67.68
-68.59
-61.88
-63.74
-61.28
-61.65
-60.88
-60.65
-62.7
-61.95
-62.9
-65.83
-68.15
-70.12
-66.44
-60.0
-67.26
-69.98
-65.0
-66.11
-64.76
-60.37
-59.08
-68.69
-68.47
-71.06
-67.86
-65.31
-68.06
-68.29
-69.54
-60.36
-70.16
-75.79
-69.8
-63.05
-73.12
-65.5
-68.67
-63.1
-71.75
-63.8
-71.4
-67.65
-65.44
-62.86
-62.35
-60.39
-64.67
-61.29
-59.11
-59.45
-57.11
-51.85
-51.99
-60.26
-57.49
-65.26
-58.33
-58.2
-64.62
-63.37
-65.45
-66.36
-67.2
-71.23
-67.35
-68.04
-67.51
-70.19
-69.66
-69.18
-61.13
-61.3
-59.73
-62.74
-66.48
-63.38
-61.59
-60.41
-60.11
-58.44
-56.14
-59.5
-62.1
-55.31
-61.46
-58.52
-63.49
-63.31
-60.15
-58.93
-60.56
-60.26
-57.98
-60.44
-61.29
-56.51
-60.71
-59.71
-51.19
-53.14
-48.81
-51.8
-56.65
-50.47
-54.37
-55.05
-57.36
-52.77
-59.17
-54.34
-54.68
-58.83
-61.02
-55.48
-53.56
-60.58
-59.12
-59.25
-61.68
-54.53
-66.84
-56.67
-66.73
-59.3
-59.59
-58.12
-63.44
-58.1
-58.34
-49.72
-58.77
-57.67
-65.66
-66.83
-59.67
-58.39
-64.09
-59.63
-56.13
-56.22
-62.58
-53.97
-58.38
-65.87
-57.71
-66.32
-60.09
-59.46
-65.17
-62.59
-61.48
-57.66
-64.22
-62.52
-65.14
-61.31
-67.86
-67.6
-65.32
-67.32
-70.35
-69.34
-64.75
-69.53
-66.27
-62.31
-63.73
-69.84
-65.09
-60.48
-58.83
-61.89
-64.82
-58.68
-62.31
-61.79
-66.62
-55.64
-55.07
-63.72
-57.53
-67.88
-71.43
-63.96
-67.72
-64.84
-66.24
-61.86
-56.51
-60.71
-66.29
-55.9
-55.77
-59.16
-69.35
-68.35
-63.66
-73.02
-72.81
-71.58
-67.79
-74.83
-70.66
-70.15
-75.2
-62.51
-67.17
-67.46
-73.38
-71.54
-70.19
-65.24
-66.69
-62.57
-61.72
-61.54
-71.85
-67.37
-67.98
-65.92
-71.71
-67.69
-73.44
-65.77
-66.17
-75.42
-60.49
-63.1
-63.02
-60.35
-69.42
-61.33
-65.66
-68.35
-65.86
-68.31
-55.12
-64.71
-61.92
-68.3
-64.49
-68.39
-66.21
-67.59
-58.61
-68.85
-74.14
-70.27
-67.63
-71.69
-68.58
-71.29
-69.28
-65.82
-71.3
-63.41
-66.68
-72.23
-65.86
-66.68
-60.32
-61.42
-56.63
-67.71
-71.21
-62.29
-70.13
-71.61
-71.16
-81.23
-78.99
-68.32
-64.52
-67.14
-66.22
-67.05
-76.46
-69.96
-60.05
-73.58
-68.26
-66.49
-67.45
-63.44
-69.95
-73.28
-73.28
-71.88
-62.69
-63.67
-71.35
-77.37
-61.75
-69.36
-71.15
-63.93
-60.47
-62.63
-62.07
-70.33
-64.59
-65.51
-62.67
-66.06
-64.21
-67.59
-75.43
-69.28
-66.98
-71.79
-67.53
-75.24
-70.54
-69.49
-72.25
-65.55
-66.46
-67.09
-66.1
-61.89
-68.83
-59.79
-74.48
-73.21
-67.03
-66.16
-72.32
-71.28
-68.74
-65.91
-73.38
-69.71
-68.81
-62.59
-75.98
-58.88
-65.06
-64.59
-59.91
-60.49
-58.14
-60.01
-63.62
-63.92
-59.61
-58.14
-63.37
-64.04
-62.61
-59.04
-57.84
-66.68
-60.14
-61.29
-62.1
-60.62
-78.79
-66.18
-69.78
-62.18
-62.3
-64.46
-70.12
-67.99
-63.95
-62.09
-64.74
-60.54
-58.63
-73.54
-68.16
-64.72
-70.37
-71.66
-68.15
-70.34
-63.46
-60.58
-61.13
-69.7
-70.15
-68.93
-67.98
-66.6
-73.57
-76.4
-64.06
-58.29
-64.87
-61.88
-63.53
-64.01
-58.19
-63.85
-59.56
-62.97
-63.31
-57.51
-62.3
-62.88
-68.4
-63.12
-64.43
-56.81
-53.72
-56.04
-56.09
-57.13
-64.49
-57.19
-68.12
-68.11
-62.39
-69.1
-64.21
-61.35
-54.57
-62.9
-59.35
-60.57
-63.9
-53.06
-63.69
-59.64
-57.45
-57.77
-59.14
-64.73
-55.04
-63.63
-63.84
-68.83
-74.29
-67.43
-73.9
-63.8
-73.34
-73.47
-77.25
-75.16
-64.99
-70.04
-70.89
-68.63
-68.4
-67.03
-70.18
-66.11
-66.13
-65.29
-68.36
-69.2
-70.42
-63.25
-63.85
-66.16
-55.49
-58.98
-60.97
-55.73
-64.3
-71.65
-70.91
-64.38
-67.32
-71.21
-69.81
-66.95
-69.19
-69.71
-63.71
-66.8
-72.57
-69.31
-65.24
-71.57
-63.0
-63.97
-67.24
-62.83
-58.13
-70.35
-67.37
