-456.68
-417.695
-430.806
-468.411
-458.187
-482.527
-444.868
-402.633
-448.609
-431.253
-425.152
-443.695
-496.47
-444.543
-415.39
-410.805
-422.886
-487.926
-431.189
-450.62
-438.012
-428.587
-436.767
-442.813
-412.379
-454.03
-438.842
-456.681
-429.643
-436.997
-482.42
-428.471
-444.554
-452.272
-432.835
-411.274
-490.205
-443.124
-399.958
-443.249
-445.045
-426.003
-433.034
-439.584
-438.355
-453.229
-459.46
-490.465
-519.764
-531.934
-468.647
-498.959
-482.117
-494.738
-488.527
-493.947
-473.926
-437.791
-469.769
-430.63
-413.078
-446.268
-442.713
-399.167
-426.411
-390.909
-406.703
-418.873
-399.131
-372.095
-377.363
-407.842
-371.102
-405.57
-402.23
-393.346
-448.768
-416.018
-388.331
-434.201
-417.799
-486.453
-446.958
-455.323
-459.967
-414.822
-411.297
-469.303
-381.646
-383.541
-403.889
-387.792
-409.675
-364.992
-412.672
-431.703
-404.551
-375.188
-398.615
-401.44
-392.644
-402.48
-394.636
-373.281
-397.694
-415.356
-397.436
-339.337
-436.272
-373.211
-412.05
-411.226
-452.177
-427.963
-443.779
-433.511
-423.31
-368.981
-370.982
-385.245
-407.879
-342.989
-346.632
-398.856
-340.107
-390.321
-450.597
-407.082
-407.566
-416.961
-411.321
-394.07
-373.579
-384.724
-440.692
-399.402
-441.092
-430.401
-462.119
-447.341
-449.314
-428.512
-430.58
-412.695
-385.592
-401.317
-402.442
-381.982
-419.131
-415.971
-448.447
-411.27
-427.695
-430.766
-438.452
-428.539
-377.533
-406.244
-408.673
-410.096
-423.41
-420.255
-409.148
-430.843
-455.288
-441.05
-462.719
-421.703
-403.868
-379.591
-379.571
-449.189
-449.103
-428.622
-446.635
-407.37
-391.267
-445.482
-435.268
-425.46
-432.286
-424.138
-406.646
-431.824
-443.317
-421.875
-405.213
-395.996
-435.837
-400.818
-424.454
-392.701
-387.361
-462.978
-443.222
-454.676
-431.135
-429.222
-435.546
-426.305
-469.704
-463.829
-417.733
-454.93
-462.17
-448.566
-388.802
-439.163
-447.688
-409.896
-392.451
-387.416
-452.116
-472.756
-393.974
-453.624
-468.874
-396.366
-426.709
-480.817
-448.427
-438.284
-445.475
-436.256
-464.258
-418.884
-472.598
-478.311
-467.89
-444.16
-437.881
-418.199
-437.2
-401.423
-429.923
-455.186
-430.527
-467.648
-412.276
-418.08
-437.058
-405.698
-456.804
-452.699
-429.164
-421.344
-427.551
-392.404
-458.51
-420.236
-444.799
-429.019
-442.051
-446.101
-458.752
-415.232
-428.175
-439.813
-458.05
-448.345
-405.949
-412.397
-429.856
-444.622
-475.504
-438.157
-473.072
-474.136
-500.363
-493.922
-468.471
-470.116
-435.234
-419.597
-394.413
-458.439
-469.052
-395.162
-369.596
-395.808
-418.137
-443.815
-409.32
-405.483
-451.911
-453.859
-503.655
-471.266
-433.784
-447.774
-424.928
-420.126
-390.294
-452.734
-495.537
-453.976
-478.741
-471.175
-451.107
-495.612
-504.274
-489.632
-471.209
-452.39
-498.065
-510.426
-490.841
-516.423
-477.822
-510.599
-504.201
-466.424
-464.967
-471.497
-478.542
-452.58
-466.546
-469.399
-479.047
-494.689
-415.064
-471.915
-433.311
-460.554
-477.357
-516.957
-472.038
-451.238
-444.726
-496.025
-467.398
-415.695
-448.428
-423.633
-453.254
-403.144
-428.278
-424.219
-434.32
-424.632
-435.049
-429.63
-444.115
-431.046
-465.994
-472.509
-457.811
-458.288
-440.951
-500.499
-477.809
-496.563
-509.751
-486.423
-476.294
-432.671
-424.274
-405.177
-435.19
-431.089
-439.832
-449.066
-426.582
-407.687
-431.46
-415.03
-408.307
-369.526
-406.317
-402.235
-385.761
-431.448
-429.526
-419.851
-487.773
-435.704
-435.516
-389.234
-429.52
-411.903
-436.26
-464.703
-416.263
-442.952
-468.174
-434.212
-432.261
-454.235
-479.34
-447.234
-432.868
-460.474
-468.395
-455.606
-439.203
-412.983
-474.86
-450.432
-450.146
-462.396
-425.549
-431.127
-454.294
-460.734
-460.687
-457.769
-418.089
-442.076
-450.785
-448.977
-394.305
-445.352
-432.296
-442.557
-424.206
-385.387
-448.534
-437.661
-444.08
-469.07
-418.663
-412.918
-413.863
-433.676
-435.61
-406.742
-411.778
-479.398
-515.039
-538.032
-467.291
-450.251
-447.454
-455.221
-443.141
-449.137
-388.448
-489.937
-422.67
-399.748
-461.853
-426.832
-402.171
-424.214
-446.367
-418.403
-428.997
-403.085
-455.859
-473.802
-504.606
-428.867
-495.905
-444.065
-438.182
-443.673
-493.19
-472.573
-443.732
-476.957
-435.171
-427.626
-437.293
-411.722
-419.934
-436.367
-477.815
-431.951
-463.834
-471.593
-495.199
-442.844
-451.983
-483.243
-469.243
-475.757
-463.083
-442.701
-459.184
-454.814
-474.654
-469.901
-457.883
-446.556
-448.923
-486.856
-500.583
-440.227
-455.561
-463.106
-472.271
-451.049
-483.841
-475.433
-506.896
-445.669
-476.916
-405.426
-507.429
-466.217
-457.971
