-0.135
-0.178
-0.187
-0.145
-0.258
-0.16
-0.112
-0.161
-0.23
-0.111
-0.025
-0.173
-0.103
-0.191
0.015
-0.105
-0.12
-0.126
-0.177
-0.223
-0.182
-0.174
-0.224
-0.102
-0.112
-0.013
-0.131
-0.136
-0.073
0.02
0.037
-0.099
-0.202
-0.218
-0.185
-0.203
-0.165
-0.134
-0.116
-0.134
-0.103
-0.131
-0.078
-0.097
-0.142
-0.132
-0.18
-0.094
-0.126
-0.193
-0.19
-0.143
-0.181
-0.149
-0.076
-0.118
-0.206
-0.092
-0.17
-0.136
-0.036
-0.108
-0.059
-0.104
-0.125
-0.032
-0.157
-0.219
-0.251
-0.168
-0.276
-0.099
-0.164
-0.079
-0.081
-0.066
-0.085
-0.183
-0.129
-0.036
-0.022
-0.104
-0.239
-0.135
-0.203
-0.092
-0.159
-0.23
-0.23
-0.242
-0.239
-0.094
-0.086
-0.244
-0.083
-0.1
-0.083
-0.098
-0.143
-0.161
-0.178
-0.189
-0.094
-0.093
-0.155
-0.261
-0.134
-0.27
-0.282
-0.249
-0.288
-0.265
-0.223
-0.224
-0.185
-0.186
-0.137
-0.161
-0.053
-0.22
-0.163
-0.113
-0.152
-0.105
-0.193
-0.142
-0.095
-0.108
-0.133
-0.226
-0.185
-0.107
0.008
-0.174
-0.169
-0.037
-0.115
-0.085
-0.123
-0.248
-0.143
-0.111
-0.264
-0.112
-0.07
-0.01
-0.075
0.042
-0.083
-0.2
-0.168
-0.074
-0.175
-0.119
0.008
0.0
-0.057
-0.032
-0.208
-0.059
0.0
-0.121
-0.039
-0.096
-0.002
-0.12
-0.027
-0.069
-0.049
-0.066
-0.105
-0.109
-0.178
-0.103
-0.159
-0.163
-0.096
-0.049
-0.257
-0.051
-0.214
-0.172
-0.092
-0.173
-0.096
-0.164
-0.091
0.0
-0.073
-0.094
-0.08
-0.222
-0.198
-0.129
-0.041
-0.134
-0.132
-0.165
-0.178
-0.14
-0.088
-0.065
-0.16
-0.09
-0.113
-0.036
-0.264
-0.162
-0.291
-0.205
-0.182
-0.208
-0.162
-0.251
-0.117
-0.054
-0.194
-0.263
-0.178
-0.252
-0.269
-0.159
-0.223
-0.188
-0.3
-0.309
-0.257
-0.227
-0.274
-0.332
-0.172
-0.132
-0.22
-0.202
-0.179
-0.257
-0.085
-0.227
-0.086
-0.134
-0.227
-0.202
-0.282
-0.172
-0.255
-0.226
-0.241
-0.328
-0.182
-0.279
-0.197
-0.041
-0.22
-0.119
-0.097
-0.183
-0.263
-0.146
-0.188
-0.222
-0.077
-0.165
-0.074
-0.193
-0.119
-0.314
-0.226
-0.192
-0.255
-0.201
-0.118
-0.26
-0.199
-0.121
-0.259
-0.224
-0.229
-0.188
-0.062
-0.114
-0.123
-0.121
-0.228
-0.081
-0.259
-0.163
-0.182
-0.096
-0.115
-0.195
-0.141
-0.214
-0.256
-0.128
-0.269
-0.182
-0.214
-0.265
-0.173
-0.109
-0.164
-0.075
-0.245
-0.138
-0.22
-0.098
-0.175
-0.173
-0.162
-0.295
-0.23
-0.213
-0.157
-0.13
-0.155
-0.22
-0.212
-0.27
-0.242
-0.226
-0.081
-0.139
-0.063
-0.189
-0.219
-0.312
-0.185
-0.327
-0.274
-0.105
-0.088
-0.317
-0.195
-0.199
-0.179
-0.092
-0.063
-0.175
-0.103
-0.177
-0.199
-0.226
-0.264
-0.191
-0.128
-0.229
-0.196
-0.297
-0.248
-0.286
-0.156
-0.163
-0.379
-0.195
-0.27
-0.294
-0.231
-0.218
-0.105
-0.087
-0.144
-0.232
-0.064
-0.105
-0.207
-0.226
-0.211
-0.224
-0.133
-0.174
-0.242
-0.228
-0.176
-0.224
-0.217
-0.266
-0.108
-0.076
-0.25
-0.169
-0.114
-0.127
-0.229
-0.103
-0.165
-0.141
-0.221
-0.209
-0.139
-0.308
-0.324
-0.195
-0.157
-0.263
-0.075
-0.137
-0.271
-0.205
-0.286
-0.176
-0.13
-0.208
-0.266
-0.195
-0.308
-0.11
-0.17
-0.18
-0.023
-0.132
-0.115
-0.11
-0.106
0.002
-0.098
-0.051
-0.173
-0.177
-0.176
-0.254
-0.138
-0.123
-0.084
-0.301
-0.172
-0.21
-0.215
-0.289
-0.203
-0.208
-0.203
-0.266
-0.196
-0.158
-0.113
-0.254
-0.258
-0.292
-0.142
-0.161
-0.12
-0.134
-0.089
-0.246
-0.27
-0.184
-0.147
-0.167
-0.118
-0.261
-0.137
-0.122
-0.234
-0.232
-0.276
-0.234
-0.249
-0.197
-0.191
-0.215
-0.328
-0.093
-0.303
-0.275
-0.322
-0.224
-0.26
-0.263
-0.271
-0.231
-0.228
-0.262
-0.195
-0.177
-0.257
-0.189
-0.231
-0.057
-0.125
-0.238
-0.141
-0.274
-0.153
-0.238
-0.204
-0.158
-0.239
-0.281
-0.311
-0.214
-0.299
-0.303
-0.154
-0.278
-0.276
-0.265
-0.287
-0.253
-0.235
-0.143
-0.251
