-25.117
-23.344
-22.399
-23.206
-18.648
-23.667
-23.762
-24.037
-18.923
-23.814
-16.568
-24.914
-23.02
-20.342
-22.263
-22.725
-26.63
-17.602
-19.008
-22.933
-20.717
-16.636
-18.201
-20.818
-22.94
-24.467
-22.189
-17.181
-21.277
-21.049
-20.943
-19.771
-23.716
-24.138
-25.484
-21.232
-21.657
-18.632
-19.362
-26.744
-22.413
-23.375
-23.215
-20.541
-19.15
-16.975
-14.244
-20.628
-21.362
-18.403
-16.548
-19.726
-21.483
-23.93
-23.326
-21.488
-18.171
-23.235
-26.547
-19.011
-22.246
-20.617
-21.259
-18.647
-21.489
-16.964
-14.477
-22.937
-15.918
-14.832
-15.006
-15.906
-17.708
-19.99
-20.412
-20.29
-21.6
-21.105
-18.671
-20.82
-21.852
-18.491
-21.442
-15.659
-23.515
-21.565
-23.026
-25.427
-15.443
-21.106
-18.308
-17.808
-18.006
-18.895
-17.98
-18.418
-15.708
-14.65
-17.678
-15.821
-21.503
-10.722
-24.116
-20.698
-18.865
-20.06
-18.469
-16.066
-19.146
-20.247
-19.009
-21.314
-17.57
-21.055
-19.061
-17.947
-21.114
-15.566
-15.044
-17.579
-17.269
-14.618
-19.144
-15.123
-16.628
-17.75
-14.842
-20.549
-14.94
-19.588
-17.818
-22.253
-15.773
-13.041
-19.518
-17.772
-20.462
-18.813
-17.716
-21.728
-21.821
-15.23
-22.182
-19.998
-15.813
-15.426
-18.355
-9.479
-17.155
-15.093
-17.196
-17.514
-17.612
-17.33
-15.658
-16.559
-17.908
-15.509
-7.68
-14.736
-22.165
-22.743
-17.007
-21.695
-17.723
-15.403
-22.517
-23.08
-21.145
-17.981
-20.319
-18.296
-24.122
-12.885
-20.7
-18.61
-16.823
-20.68
-21.309
-16.021
-18.341
-17.083
-20.41
-19.842
-17.265
-21.209
-20.613
-20.568
-18.257
-19.182
-17.733
-23.125
-22.281
-21.232
-19.515
-18.493
-19.821
-16.15
-14.538
-20.124
-20.752
-16.442
-20.814
-19.589
-22.053
-22.213
-20.932
-21.04
-21.369
-21.721
-18.117
-18.794
-18.754
-20.438
-16.89
-19.24
-22.993
-22.746
-20.629
-22.057
-16.601
-15.593
-22.983
-13.666
-23.048
-20.033
-21.945
-24.437
-19.235
-21.349
-23.242
-21.779
-18.434
-19.408
-19.648
-18.445
-21.469
-21.069
-18.494
-20.493
-20.743
-18.522
-16.961
-22.673
-17.994
-23.322
-17.96
-21.143
-21.081
-20.751
-21.559
-19.182
-24.033
-21.189
-18.126
-21.809
-19.982
-18.505
-24.956
-21.442
-19.828
-22.744
-14.989
-21.953
-23.332
-22.225
-18.722
-23.174
-19.237
-18.921
-20.741
-18.626
-23.19
-17.908
-17.871
-21.544
-16.936
-15.421
-19.439
-17.687
-20.75
-20.741
-20.44
-16.767
-23.239
-18.634
-20.458
-21.222
-22.418
-22.268
-14.945
-19.412
-22.899
-21.665
-22.292
-18.627
-18.616
-22.515
-18.876
-19.648
-15.795
-18.402
-21.709
-20.238
-22.565
-19.429
-13.548
-15.314
-19.931
-23.515
-18.906
-20.191
-13.185
-18.72
-19.316
-18.357
-18.472
-19.193
-22.871
-18.411
-18.499
-21.865
-15.331
-17.649
-16.796
-18.362
-16.488
-17.663
-20.708
-25.428
-22.592
-23.362
-20.271
-15.966
-21.294
-18.111
-20.813
-15.344
-23.14
-20.074
-19.602
-18.401
-19.68
-19.964
-21.054
-24.412
-19.485
-16.765
-23.379
-17.178
-22.084
-17.394
-17.12
-12.947
-15.134
-18.004
-19.91
-20.197
-19.055
-18.045
-19.348
-14.543
-15.807
-18.484
-20.415
-20.163
-19.967
-21.009
-20.995
-19.428
-18.074
-19.895
-16.205
-18.07
-26.203
-18.674
-19.246
-25.159
-19.086
-21.096
-23.047
-20.22
-22.937
-19.461
-20.404
-18.899
-18.595
-20.784
-19.643
-21.763
-17.883
-24.354
-20.461
-20.841
-18.339
-17.526
-19.821
-21.338
-25.232
-20.53
-21.146
-20.042
-22.075
-21.998
-23.366
-21.001
-15.409
-15.779
-21.907
-19.512
-22.262
-18.746
-15.708
-19.68
-21.688
-22.761
-22.171
-19.39
-16.027
-18.233
-18.781
-18.315
-17.198
-16.792
-21.062
-16.75
-20.929
-17.825
-20.337
-16.906
-18.674
-22.599
-20.93
-17.266
-18.096
-14.971
-21.058
-18.666
-20.553
-12.253
-12.491
-17.08
-17.234
-19.736
-17.492
-15.507
-20.608
-16.971
-17.616
-19.87
-20.736
-20.927
-18.916
-16.564
-13.106
-17.126
-21.789
-21.796
-19.35
-21.923
-21.41
-17.83
-13.389
-20.649
-17.521
-16.905
-20.396
-16.621
-19.636
-21.994
-15.439
-13.368
-19.993
-22.482
-18.205
-17.419
-14.206
-14.042
-17.277
-21.203
-18.175
-13.91
-15.415
-19.636
-20.794
-19.71
-16.484
-19.178
-19.56
-22.896
-22.163
-17.619
-17.002
-21.198
-21.093
-21.487
-22.262
-13.952
-18.589
-19.116
-23.517
