-235.027
-196.69
-216.204
-247.921
-294.392
-312.713
-279.599
-235.317
-230.893
-237.175
-237.278
-268.85
-242.105
-253.887
-205.78
-191.049
-237.952
-295.626
-251.087
-261.963
-203.058
-195.699
-210.886
-220.636
-213.511
-205.665
-228.195
-201.815
-194.441
-178.575
-230.625
-209.044
-218.412
-221.872
-223.783
-222.192
-255.026
-239.975
-131.591
-277.502
-267.612
-230.521
-214.883
-223.251
-216.426
-220.766
-253.727
-240.096
-248.832
-263.906
-266.132
-289.752
-271.479
-240.209
-294.238
-276.952
-259.775
-214.241
-253.46
-212.154
-216.685
-221.783
-242.984
-228.268
-199.319
-196.968
-219.359
-207.791
-238.988
-153.178
-170.961
-215.156
-166.035
-173.117
-208.614
-172.12
-271.061
-208.379
-222.185
-255.303
-240.786
-310.291
-303.194
-294.968
-290.632
-281.998
-231.08
-276.989
-201.678
-194.584
-226.381
-213.902
-276.009
-227.531
-249.662
-270.375
-237.506
-187.551
-195.402
-233.445
-246.219
-241.2
-212.586
-245.648
-276.879
-270.438
-262.128
-224.735
-272.618
-234.864
-226.129
-264.103
-273.864
-249.549
-308.977
-291.206
-283.258
-224.831
-227.844
-236.826
-265.224
-221.581
-217.383
-269.432
-224.222
-257.783
-307.811
-278.439
-291.059
-287.498
-276.163
-266.278
-235.135
-263.786
-288.543
-266.039
-287.015
-268.387
-299.37
-283.414
-314.359
-260.901
-272.043
-249.506
-275.196
-260.405
-235.52
-211.318
-222.152
-220.736
-224.736
-228.501
-230.61
-226.99
-232.057
-254.798
-234.046
-237.396
-275.603
-240.438
-279.487
-286.399
-240.628
-258.236
-276.596
-248.382
-280.195
-278.837
-251.995
-233.323
-259.738
-265.658
-272.306
-278.581
-247.834
-278.453
-277.134
-271.946
-274.077
-272.392
-249.583
-256.371
-255.853
-251.498
-269.297
-242.645
-267.031
-256.602
-215.077
-194.674
-257.865
-217.188
-261.207
-321.576
-269.475
-240.565
-215.675
-180.5
-251.875
-237.558
-260.757
-225.532
-235.968
-290.617
-264.371
-282.009
-232.971
-254.654
-189.308
-212.102
-210.815
-219.747
-269.917
-251.266
-205.948
-260.287
-302.964
-270.933
-227.741
-292.127
-259.185
-234.308
-241.259
-239.087
-267.358
-223.215
-269.773
-265.954
-268.529
-256.931
-299.356
-245.947
-221.325
-236.681
-263.771
-246.432
-242.578
-252.292
-259.057
-261.881
-281.121
-273.345
-283.635
-290.04
-257.145
-276.41
-282.603
-258.422
-322.015
-267.547
-287.593
-279.49
-239.246
-236.161
-271.061
-231.908
-268.134
-242.282
-230.953
-220.985
-239.785
-271.949
-258.788
-239.209
-234.069
-217.959
-241.323
-256.468
-231.674
-241.89
-212.798
-229.84
-220.678
-203.248
-174.572
-246.123
-258.959
-218.138
-228.92
-254.067
-272.768
-225.454
-245.289
-252.686
-308.989
-287.569
-264.077
-281.136
-265.767
-296.684
-300.048
-267.856
-246.783
-284.086
-287.224
-266.257
-259.139
-303.766
-314.35
-318.613
-284.067
-302.88
-292.548
-283.232
-299.412
-330.424
-307.846
-316.468
-299.955
-347.914
-313.725
-280.317
-301.069
-265.789
-269.964
-307.666
-311.329
-319.659
-302.174
-284.237
-243.296
-300.157
-256.049
-260.061
-298.556
-302.002
-310.097
-294.731
-296.146
-388.31
-313.088
-247.453
-278.422
-237.922
-278.429
-265.545
-233.993
-237.75
-280.358
-245.934
-253.096
-254.813
-210.76
-296.758
-290.697
-322.776
-262.372
-290.646
-294.252
-300.165
-288.869
-327.041
-337.449
-269.149
-270.532
-224.021
-265.481
-237.964
-262.27
-229.618
-235.748
-237.306
-216.5
-200.873
-197.694
-221.387
-162.155
-176.801
-174.499
-178.654
-181.56
-220.16
-215.379
-170.535
-286.195
-183.881
-168.87
-230.969
-191.694
-172.81
-239.181
-227.254
-265.418
-224.786
-241.664
-206.07
-231.905
-255.776
-270.154
-253.888
-275.798
-261.702
-285.41
-281.108
-263.556
-253.315
-275.242
-277.397
-273.509
-330.862
-306.765
-273.108
-281.678
-295.344
-271.909
-297.88
-332.163
-301.302
-296.133
-295.307
-257.224
-317.433
-298.42
-265.146
-265.092
-225.484
-294.201
-276.188
-279.852
-284.697
-219.401
-267.143
-246.134
-308.7
-289.82
-299.212
-291.047
-308.763
-379.652
-398.932
-306.719
-331.147
-332.293
-319.489
-300.318
-272.858
-242.062
-274.548
-276.824
-257.568
-285.996
-265.366
-221.99
-275.407
-296.326
-304.75
-277.225
-268.782
-287.914
-298.381
-324.34
-305.484
-274.893
-295.568
-275.584
-343.227
-362.603
-358.856
-317.097
-333.001
-344.93
-320.152
-305.512
-318.564
-295.698
-277.606
-307.948
-311.603
-315.802
-315.006
-325.636
-311.306
-279.444
-339.396
-300.909
-320.276
-266.24
-288.997
-283.772
-305.833
-300.835
-309.119
-292.91
-291.781
-296.225
-333.214
-299.938
-291.502
-279.136
-265.037
-282.183
-265.129
-263.487
-279.945
-263.817
-300.918
-326.008
-300.313
-294.569
-304.109
-274.608
