-2.005
-5.026
-5.395
-4.311
-2.713
-2.761
-0.548
-4.294
-5.365
-3.505
-2.25
-1.091
-2.1
-4.224
-3.942
-5.442
-5.164
-1.418
-5.568
-2.737
-1.361
-0.533
-2.743
-4.763
-4.642
-5.499
-4.503
-1.417
-4.534
-2.929
-0.292
-5.939
-4.057
-2.225
-2.208
-5.941
-2.25
-6.129
-6.931
-2.51
-4.577
-3.962
-0.75
-2.522
-9.278
-5.454
-4.694
-4.061
-3.254
-1.49
-3.891
-1.29
-4.16
-4.314
-5.025
-6.3
-5.703
-4.961
-4.857
-2.375
-3.858
-4.231
-3.194
-2.269
-3.215
-2.571
-3.849
-1.027
-2.713
-4.457
-0.248
-2.959
-3.037
-7.376
-3.366
-6.116
-6.826
-3.405
-3.535
-6.388
-4.892
-4.854
-6.273
-3.255
-4.456
-6.604
-4.597
-5.746
-4.564
-2.794
-2.161
-1.369
-4.07
-3.523
0.617
-4.33
-3.105
-0.343
-4.269
-1.839
-2.549
-0.803
-5.129
-6.738
-4.04
-3.486
-3.904
-2.227
-4.04
-3.212
-5.354
-5.739
-5.358
-6.548
-4.714
-2.68
-2.616
-2.805
-5.145
-3.351
-4.801
-4.237
-4.123
1.149
-0.091
-4.847
-2.691
-3.521
-2.46
-1.301
-2.945
-2.849
-2.407
0.55
-0.376
-4.999
-3.119
1.196
-3.05
-0.628
-3.219
-3.618
-3.037
-2.342
-1.617
-4.415
-1.921
-1.775
-1.207
0.484
-4.791
-1.46
-3.287
-1.592
-3.082
-2.898
-1.79
-1.856
-2.404
-1.789
-4.091
-1.768
-3.533
0.948
-2.117
-2.731
-0.095
-1.807
-0.835
-4.01
-0.557
-2.153
-1.144
-3.911
-2.066
-2.518
-2.925
-2.504
-1.591
-2.726
-2.319
0.484
-3.756
-2.385
-3.022
-1.797
-2.54
-2.488
-1.217
-2.645
1.558
-3.06
-0.728
-0.254
-1.918
-1.422
-1.645
-2.358
0.203
-2.782
1.091
-0.777
-2.249
0.019
-3.791
-3.173
-1.948
-3.694
-1.747
-0.432
-0.062
0.458
-0.772
0.173
-3.722
0.905
-6.026
0.511
-2.922
-2.453
-3.626
-0.731
-0.156
-0.639
-2.409
-2.11
1.639
-3.448
-3.329
-1.669
-0.998
-2.643
-5.107
-1.993
-1.575
0.57
-4.075
-0.841
0.653
-0.277
-3.616
-0.6
-2.107
-4.781
0.192
-0.979
-0.596
-4.511
-1.691
0.589
2.361
-3.647
-3.945
-2.35
-1.955
-0.906
-4.091
-1.686
-0.809
-0.92
-0.496
-2.486
0.813
-4.806
0.252
0.828
2.625
-0.871
-1.882
-4.074
-3.615
0.44
1.207
-2.527
-4.195
-1.898
-2.958
-0.946
-1.083
-3.642
-0.301
-3.062
-0.353
0.941
-1.593
0.852
2.518
-1.635
-3.429
-6.174
-7.893
-0.615
-0.156
-4.242
-5.041
-5.114
-0.861
-3.457
-3.395
-3.206
-2.821
0.124
-3.634
-2.294
-0.372
-3.479
-1.695
-3.771
-5.639
-4.863
-3.531
-5.123
-4.552
-3.782
-1.387
-3.937
-2.751
-3.642
-3.557
-3.062
-2.021
-2.551
1.014
-0.756
-1.4
-4.212
-0.24
-4.49
-3.092
-1.807
-4.642
-0.768
-5.957
-2.508
-1.069
-5.895
-0.794
-2.778
-2.986
-2.704
-3.737
-6.119
-4.395
-2.828
-6.901
-7.357
-7.083
-6.047
-7.246
-6.755
-7.807
-5.101
-2.585
-4.944
-4.081
-2.203
-1.916
-0.095
1.134
-4.154
-2.459
-2.434
-0.349
-3.904
-3.703
-6.044
-3.65
-2.865
-1.436
-2.954
-2.078
-0.965
0.545
1.893
-0.141
-0.766
-1.254
-3.469
-2.464
-0.799
-2.686
-3.888
-1.377
-1.518
-0.289
-1.411
-1.703
-2.744
-1.855
-2.96
-1.531
-4.431
-2.614
-4.407
-1.437
-4.446
-2.459
-2.288
-1.021
-2.01
-4.397
-3.723
-4.538
-1.285
-1.695
0.633
-1.611
-1.591
-0.813
1.284
-1.48
-1.415
-1.34
-1.595
-1.783
-0.59
-5.299
-0.278
-1.569
-3.645
-1.488
-1.687
-1.206
-0.289
0.929
-0.505
-1.451
-3.247
-0.494
1.198
-0.691
1.924
-2.139
-3.715
-1.198
-0.861
-0.327
0.009
-3.656
-1.495
-1.43
0.404
-2.828
-2.264
-1.495
0.147
-1.994
2.147
-4.39
-1.579
-4.606
-4.313
-1.418
-1.819
-2.503
-3.217
-5.155
-5.06
-5.629
-1.747
-2.421
-2.969
-2.061
-1.575
-0.623
-3.264
-5.61
-4.275
-2.567
-1.09
-2.567
-5.251
-1.349
-1.246
-4.822
-7.102
-2.683
-3.969
-6.295
-7.325
-4.08
-3.008
-3.361
-3.137
-3.849
-4.732
-1.921
-2.248
-3.752
-2.642
-5.099
-5.998
-4.599
-1.559
-2.775
-3.225
-2.643
-3.757
-2.979
-4.816
-1.934
