-2.492
-2.706
-1.808
-2.387
-2.122
-3.186
-2.277
-2.242
-2.409
-2.618
-2.955
-2.192
-1.699
-2.604
-1.909
-2.158
-1.76
-2.007
-2.047
-1.859
-2.137
-1.725
-2.321
-2.198
-1.857
-2.35
-2.199
-1.626
-2.618
-2.318
-1.119
-2.066
-2.427
-2.654
-2.406
-2.623
-2.562
-2.73
-2.072
-2.533
-2.707
-1.959
-2.399
-2.31
-2.461
-1.897
-2.016
-2.2
-2.628
-1.585
-2.407
-2.506
-2.603
-2.663
-2.223
-2.802
-2.622
-1.779
-2.032
-2.071
-2.369
-2.677
-2.44
-2.268
-2.231
-2.749
-1.927
-2.431
-1.691
-1.236
-1.222
-2.01
-1.261
-2.45
-1.795
-2.109
-2.353
-1.89
-2.373
-2.795
-2.139
-2.445
-2.574
-2.574
-2.936
-2.75
-2.602
-2.537
-2.192
-2.154
-2.074
-2.364
-2.786
-1.849
-2.03
-1.62
-1.337
-1.96
-2.776
-2.291
-2.459
-0.731
-2.451
-1.498
-2.671
-2.682
-2.09
-1.714
-2.23
-1.647
-2.408
-1.904
-1.49
-1.46
-1.549
-1.817
-1.72
-1.514
-1.667
-1.157
-1.292
-1.269
-1.118
-0.452
-0.994
-1.735
-2.102
-1.734
-1.6
-1.747
-1.064
-1.55
-1.535
-1.238
-1.801
-1.69
-1.968
-2.096
-2.589
-2.308
-1.964
-1.728
-2.568
-2.324
-2.316
-2.196
-2.038
-1.457
-2.202
-1.473
-2.339
-2.25
-2.162
-2.504
-1.826
-1.921
-2.011
-2.384
-1.099
-1.488
-2.96
-2.11
-1.888
-2.566
-1.954
-2.35
-2.075
-1.815
-2.133
-2.099
-1.962
-1.778
-1.979
-2.296
-2.072
-3.077
-1.58
-2.305
-2.504
-2.764
-1.392
-2.244
-2.335
-1.329
-1.227
-2.257
-2.637
-2.598
-2.087
-2.422
-2.303
-2.0
-2.11
-2.167
-2.928
-2.079
-1.767
-2.304
-1.962
-2.254
-2.544
-2.424
-2.019
-2.599
-2.396
-1.863
-2.316
-2.596
-2.233
-2.101
-2.498
-1.973
-1.853
-2.7
-2.58
-2.68
-2.651
-2.66
-2.85
-2.585
-2.215
-2.121
-2.228
-2.224
-2.575
-2.579
-3.002
-2.222
-2.467
-2.055
-3.0
-2.657
-1.921
-2.912
-1.743
-2.605
-1.81
-2.134
-2.268
-2.612
-2.766
-2.468
-2.222
-2.73
-2.596
-2.777
-2.194
-2.574
-1.836
-1.715
-2.152
-2.65
-2.026
-2.321
-1.935
-2.688
-2.584
-2.826
-2.698
-2.436
-2.432
-2.466
-2.284
-2.323
-2.207
-2.33
-1.949
-2.578
-2.437
-2.563
-2.147
-1.752
-2.272
-2.006
-2.532
-2.221
-2.135
-1.87
-2.068
-2.528
-2.309
-2.227
-2.174
-1.809
-1.998
-2.387
-2.58
-2.925
-2.869
-2.869
-2.71
-2.479
-2.181
-2.477
-3.303
-2.799
-1.975
-2.377
-2.065
-2.624
-2.213
-1.749
-2.091
-2.349
-2.62
-1.943
-2.392
-3.141
-3.019
-2.286
-2.484
-2.346
-2.592
-1.878
-2.725
-2.053
-2.182
-2.047
-2.399
-1.886
-1.508
-2.233
-1.867
-2.166
-1.734
-2.071
-1.367
-2.529
-2.134
-2.367
-2.151
-2.357
-2.216
-2.567
-2.586
-2.123
-2.376
-1.969
-2.903
-2.143
-2.567
-2.29
-2.197
-2.395
-2.563
-2.501
-1.66
-2.467
-2.458
-2.47
-1.905
-1.713
-1.49
-1.337
-2.046
-2.122
-1.387
-1.908
-2.453
-2.048
-2.436
-2.32
-2.28
-1.418
-2.212
-2.698
-1.997
-2.265
-1.865
-1.78
-2.709
-2.33
-1.708
-1.73
-2.064
-2.631
-2.131
-2.906
-2.547
-1.727
-2.629
-2.615
-2.361
-1.908
-1.857
-1.878
-1.361
-2.335
-1.983
-2.423
-2.215
-2.5
-2.087
-2.746
-2.652
-1.922
-1.96
-1.872
-2.227
-1.781
-2.62
-1.422
-2.113
-2.003
-2.665
-1.701
-1.449
-1.802
-2.703
-3.309
-2.232
-2.162
-2.495
-1.939
-2.38
-2.268
-2.283
-2.817
-2.68
-2.626
-2.338
-2.125
-2.314
-2.293
-1.541
-2.118
-2.93
-1.79
-2.222
-1.627
-2.319
-2.951
-2.353
-2.48
-1.997
-2.472
-2.384
-1.634
-2.814
-2.075
-2.098
-2.282
-2.293
-2.019
-2.245
-2.233
-2.299
-1.963
-2.38
-1.506
-2.303
-1.768
-2.527
-2.234
-2.782
-2.718
-2.126
-2.892
-2.235
-2.24
-2.059
-1.456
-2.849
-2.23
-2.773
-2.796
-2.383
-2.492
-2.727
-2.928
-1.741
-1.569
-3.062
-1.727
-1.766
-3.439
-2.651
-1.878
-2.593
-2.749
-2.338
-2.396
-2.091
-3.851
-2.763
-2.563
-1.846
-3.338
-2.203
-2.31
-3.189
-2.84
-2.543
-2.392
-2.986
-3.156
-3.193
-2.355
-2.671
-2.021
-2.545
