-329.807
-333.37
-336.053
-334.899
-275.473
-349.311
-354.335
-366.077
-358.57
-354.045
-331.987
-291.06
-321.7
-303.94
-320.166
-297.798
-285.848
-309.759
-243.346
-277.075
-315.472
-344.181
-346.823
-345.532
-317.47
-300.329
-274.627
-343.564
-280.401
-281.17
-289.309
-330.499
-306.99
-237.402
-302.723
-342.751
-340.784
-321.304
-444.638
-394.22
-461.306
-369.963
-325.901
-351.195
-379.524
-325.28
-429.588
-367.381
-387.177
-441.571
-387.002
-365.75
-368.396
-336.232
-371.886
-376.321
-354.925
-337.927
-360.249
-290.303
-352.436
-299.953
-375.222
-353.378
-359.655
-326.46
-333.845
-357.39
-320.248
-276.887
-280.308
-240.206
-304.065
-303.462
-265.646
-290.086
-293.88
-254.733
-216.602
-258.849
-283.119
-270.59
-305.286
-277.43
-301.19
-272.08
-290.463
-267.304
-241.541
-227.701
-252.409
-277.67
-288.719
-303.388
-269.631
-220.315
-274.625
-237.555
-290.061
-311.797
-278.311
-259.357
-291.911
-291.348
-300.126
-279.401
-279.994
-282.616
-265.802
-288.22
-309.269
-245.178
-283.18
-280.836
-289.171
-316.998
-291.547
-275.068
-303.443
-295.512
-291.645
-291.423
-253.738
-267.375
-276.533
-299.63
-291.337
-303.504
-334.855
-289.085
-279.137
-309.677
-202.475
-261.398
-329.437
-273.915
-304.213
-283.738
-288.338
-266.83
-257.996
-307.174
-264.288
-312.896
-257.793
-295.705
-265.829
-275.768
-238.844
-260.928
-288.698
-249.603
-251.773
-277.099
-311.64
-273.645
-237.492
-260.57
-263.242
-287.059
-258.57
-226.783
-203.223
-250.267
-232.354
-229.426
-229.735
-248.229
-234.35
-252.473
-195.549
-218.087
-259.352
-228.68
-210.964
-187.081
-243.133
-296.936
-348.818
-311.267
-296.105
-314.293
-336.239
-325.512
-298.012
-302.414
-310.228
-311.084
-343.232
-333.799
-319.929
-298.765
-365.653
-289.373
-321.829
-369.349
-310.947
-385.974
-355.706
-345.09
-331.672
-300.5
-383.889
-388.675
-282.612
-299.842
-313.387
-371.648
-259.361
-244.48
-233.526
-242.488
-238.92
-261.316
-243.604
-271.018
-279.213
-294.032
-237.307
-201.542
-243.775
-225.958
-243.071
-251.654
-270.094
-282.485
-281.186
-180.409
-274.938
-234.207
-227.338
-207.425
-299.287
-275.99
-275.143
-242.942
-216.819
-234.027
-255.845
-200.273
-241.22
-200.018
-234.377
-218.909
-224.901
-205.92
-225.084
-229.514
-235.151
-232.308
-302.815
-302.728
-279.91
-298.851
-302.733
-253.819
-274.571
-283.922
-230.29
-228.097
-258.939
-250.261
-176.033
-173.126
-270.781
-270.42
-266.537
-216.21
-228.745
-236.894
-317.84
-292.172
-293.996
-272.654
-273.784
-275.614
-204.24
-247.2
-288.19
-313.672
-305.625
-261.491
-260.498
-291.076
-261.885
-235.604
-293.051
-288.018
-321.23
-286.995
-269.982
-283.434
-318.145
-313.277
-276.483
-242.137
-211.867
-275.888
-304.873
-315.341
-287.5
-292.299
-310.84
-303.446
-277.817
-327.371
-344.412
-301.249
-341.875
-328.134
-291.72
-270.875
-277.698
-271.5
-265.088
-269.887
-251.763
-227.633
-219.038
-278.787
-260.225
-289.292
-247.908
-236.124
-250.271
-257.831
-270.668
-233.855
-233.519
-267.958
-235.645
-243.181
-276.182
-247.352
-245.424
-333.523
-222.509
-203.872
-262.101
-221.202
-283.827
-203.371
-210.867
-167.998
-198.915
-231.157
-182.333
-231.062
-233.16
-204.288
-257.575
-266.325
-281.718
-275.977
-273.972
-273.662
-229.104
-242.296
-218.653
-194.857
-206.41
-200.356
-206.901
-209.893
-199.3
-187.709
-214.062
-169.41
-191.981
-220.922
-197.872
-229.854
-230.888
-220.821
-201.68
-204.49
-226.314
-214.994
-217.955
-218.497
-232.838
-243.61
-236.991
-227.587
-199.33
-232.828
-173.112
-212.451
-232.714
-185.257
-221.797
-278.434
-160.803
-178.481
-233.997
-202.929
-220.187
-205.713
-201.361
-187.134
-221.889
-210.48
-212.007
-256.253
-215.331
-248.564
-228.966
-198.72
-268.352
-281.24
-299.159
-263.899
-273.543
-262.342
-239.99
-239.469
-241.679
-209.859
-213.647
-232.037
-231.18
-217.784
-224.086
-241.217
-189.745
-229.558
-214.052
-254.808
-238.874
-267.119
-202.838
-221.263
-223.961
-213.342
-217.977
-238.912
-203.207
-218.198
-210.76
-218.155
-223.215
-231.234
-218.408
-243.539
-226.435
-230.507
-252.245
-234.193
-285.874
-295.804
-288.405
-289.937
-277.563
-249.659
-244.311
-220.985
-249.1
-242.551
-280.261
-266.257
-296.855
-272.013
-261.76
-278.667
-218.507
-310.452
-327.223
-362.099
-306.872
-334.526
-305.762
-346.834
-323.395
-303.859
-293.244
-223.132
-261.836
-239.323
-203.591
-197.494
-216.483
-219.186
-183.757
-217.498
-257.627
-224.733
-196.567
-204.567
-164.443
-233.428
-211.852
-222.934
-219.132
-223.429
-223.454
-238.311
-207.164
-241.518
-228.343
-214.937
-235.784
