-18.982
-10.73
-17.106
-15.408
-15.043
-13.679
-17.147
-20.961
-13.644
-16.234
-16.976
-13.713
-14.623
-13.922
-12.267
-14.079
-14.521
-16.485
-17.188
-16.387
-17.588
-20.436
-20.317
-20.62
-20.661
-12.412
-13.661
-16.584
-16.101
-17.79
-15.303
-17.216
-17.865
-16.746
-20.185
-16.79
-12.01
-16.14
-12.693
-17.959
-17.844
-18.256
-18.386
-18.7
-19.846
-15.883
-20.568
-15.098
-17.436
-16.066
-15.481
-15.967
-15.876
-15.571
-15.714
-15.054
-17.826
-11.769
-16.114
-16.334
-12.423
-15.799
-13.636
-15.901
-17.253
-16.423
-13.191
-14.353
-14.302
-11.973
-12.664
-13.387
-12.435
-10.933
-17.572
-10.619
-18.206
-7.256
-16.228
-17.376
-11.973
-11.808
-7.205
-14.284
-19.57
-17.22
-9.671
-18.604
-13.832
-15.147
-11.098
-15.891
-16.784
-17.057
-17.776
-15.328
-15.909
-15.36
-15.957
-18.384
-15.712
-15.178
-17.803
-17.283
-17.259
-18.162
-13.324
-16.189
-14.644
-16.448
-18.84
-16.912
-10.799
-17.551
-14.242
-13.163
-17.582
-11.263
-17.014
-14.077
-14.375
-13.764
-16.556
-15.431
-16.137
-10.146
-16.44
-21.223
-18.992
-19.5
-20.797
-18.119
-13.341
-10.67
-14.227
-18.364
-14.274
-15.276
-10.937
-16.12
-10.085
-14.915
-15.312
-15.75
-20.845
-11.483
-20.82
-18.581
-16.757
-9.815
-16.35
-13.229
-14.321
-19.204
-17.992
-12.741
-11.504
-15.914
-15.741
-13.176
-15.848
-8.377
-16.076
-14.589
-14.834
-12.955
-12.599
-13.848
-18.217
-11.818
-12.384
-11.689
-15.74
-13.826
-13.605
-12.344
-16.358
-16.63
-15.054
-21.374
-16.133
-9.07
-12.069
-15.211
-14.907
-19.643
-15.663
-15.537
-13.947
-15.176
-14.866
-17.452
-13.808
-11.8
-11.51
-7.575
-10.916
-13.313
-16.63
-21.436
-17.507
-18.506
-14.163
-18.232
-15.833
-17.059
-16.168
-15.223
-18.644
-20.54
-17.215
-18.834
-16.675
-15.126
-17.652
-14.048
-15.735
-12.571
-18.827
-12.312
-12.828
-13.457
-11.092
-9.755
-13.035
-10.687
-14.41
-14.319
-21.966
-13.373
-14.162
-15.35
-12.299
-18.322
-15.063
-17.318
-15.753
-18.723
-13.252
-16.11
-17.486
-15.445
-22.362
-16.471
-13.537
-16.876
-12.185
-9.806
-17.693
-15.936
-16.882
-17.633
-17.821
-18.767
-19.248
-17.191
-11.583
-16.476
-18.447
-13.157
-11.075
-15.287
-14.173
-14.212
-16.498
-15.838
-12.286
-17.742
-15.937
-19.992
-18.548
-10.216
-11.36
-17.877
-17.394
-10.797
-8.127
-13.625
-14.483
-15.027
-16.975
-15.537
-19.448
-16.619
-17.361
-12.989
-17.038
-11.75
-16.474
-14.715
-11.312
-8.883
-11.031
-14.15
-14.841
-16.235
-17.924
-13.517
-15.058
-17.051
-18.224
-10.959
-23.226
-13.267
-16.956
-20.206
-19.261
-13.999
-13.457
-16.214
-15.808
-15.687
-13.735
-11.823
-13.789
-14.803
-17.567
-12.545
-14.889
-15.503
-17.001
-11.83
-18.681
-20.431
-18.611
-14.012
-19.217
-19.7
-13.786
-15.677
-14.857
-19.249
-13.664
-12.976
-15.381
-12.882
-16.79
-14.804
-18.272
-16.779
-13.026
-16.065
-12.314
-10.306
-10.558
-12.987
-11.973
-18.866
-10.924
-13.742
-13.059
-15.474
-17.442
-20.357
-10.316
-12.559
-17.219
-19.078
-17.866
-14.159
-19.477
-12.52
-12.836
-14.031
-11.465
-19.068
-9.743
-3.037
-12.039
-11.98
-11.651
-16.472
-15.731
-10.79
-15.775
-15.282
-12.115
-13.343
-12.478
-14.083
-12.998
-13.673
-16.741
-16.473
-14.275
-12.949
-15.134
-15.232
-12.587
-14.694
-15.088
-15.288
-11.916
-17.972
-10.281
-16.642
-15.24
-13.513
-14.88
-12.407
-16.427
-17.75
-11.886
-12.962
-12.006
-13.342
-14.275
-13.02
-13.412
-11.84
-19.141
-15.661
-16.402
-18.014
-15.259
-13.718
-11.195
-16.473
-12.09
-11.959
-15.292
-11.229
-16.179
-11.314
-15.617
-19.414
-15.958
-14.019
-12.539
-17.995
-17.252
-15.469
-16.27
-19.599
-15.121
-15.564
-11.669
-14.107
-16.173
-13.266
-17.719
-16.033
-17.815
-17.195
-13.29
-16.84
-12.785
-14.832
-16.134
-19.954
-15.517
-15.877
-20.042
-15.468
-16.965
-13.869
-18.4
-13.488
-18.275
-20.236
-18.657
-13.292
-17.883
-17.146
-16.946
-13.292
-16.639
-12.936
-15.373
-12.082
-21.566
-13.246
-18.782
-19.399
-15.807
-11.14
-16.487
-12.183
-18.724
-18.56
-17.838
-17.054
-9.861
-10.234
-17.332
-10.106
-11.241
-8.123
-11.013
-12.687
-15.579
-15.789
-17.166
-11.83
-15.511
-11.707
-15.746
-20.769
-18.951
-21.963
-17.929
