-0.192
-0.29
-0.294
-0.172
-0.256
-0.302
-0.24
-0.212
-0.238
-0.282
-0.197
-0.253
-0.153
-0.193
-0.145
-0.275
-0.211
-0.094
-0.168
-0.231
-0.05
-0.278
-0.207
-0.225
-0.253
-0.287
-0.193
-0.233
-0.245
-0.266
-0.299
-0.254
-0.271
-0.354
-0.305
-0.242
-0.256
-0.271
-0.315
-0.205
-0.29
-0.289
-0.304
-0.157
-0.246
-0.107
-0.118
-0.136
-0.233
-0.25
-0.189
-0.17
-0.35
-0.282
-0.283
-0.224
-0.263
-0.23
-0.31
-0.176
-0.246
-0.33
-0.269
-0.111
-0.266
-0.267
-0.199
-0.12
-0.26
-0.322
-0.238
-0.229
-0.261
-0.359
-0.216
-0.303
-0.283
-0.241
-0.348
-0.21
-0.274
-0.25
-0.243
-0.309
-0.332
-0.271
-0.394
-0.382
-0.319
-0.279
-0.393
-0.35
-0.285
-0.263
-0.355
-0.289
-0.236
-0.31
-0.314
-0.248
-0.265
-0.238
-0.329
-0.28
-0.439
-0.381
-0.222
-0.38
-0.241
-0.291
-0.226
-0.362
-0.301
-0.313
-0.28
-0.354
-0.355
-0.282
-0.238
-0.298
-0.348
-0.248
-0.302
-0.183
-0.365
-0.271
-0.164
-0.227
-0.313
-0.223
-0.296
-0.248
-0.324
-0.334
-0.275
-0.252
-0.366
-0.176
-0.285
-0.255
-0.176
-0.194
-0.245
-0.19
-0.157
-0.21
-0.193
-0.222
-0.308
-0.254
-0.144
-0.215
-0.114
-0.123
-0.217
-0.245
-0.168
-0.217
-0.172
-0.116
-0.164
-0.137
-0.185
-0.143
-0.176
-0.157
-0.243
-0.216
-0.261
-0.209
-0.199
-0.277
-0.326
-0.233
-0.252
-0.292
-0.281
-0.344
-0.309
-0.207
-0.228
-0.225
-0.336
-0.291
-0.281
-0.262
-0.37
-0.249
-0.162
-0.196
-0.274
-0.201
-0.235
-0.172
-0.293
-0.333
-0.37
-0.3
-0.313
-0.423
-0.245
-0.264
-0.32
-0.346
-0.344
-0.223
-0.288
-0.271
-0.168
-0.32
-0.256
-0.231
-0.294
-0.22
-0.233
-0.269
-0.282
-0.263
-0.237
-0.104
-0.253
-0.254
-0.223
-0.305
-0.185
-0.343
-0.322
-0.252
-0.291
-0.242
-0.229
-0.225
-0.351
-0.256
-0.279
-0.256
-0.286
-0.29
-0.249
-0.265
-0.172
-0.257
-0.271
-0.297
-0.325
-0.103
-0.304
-0.181
-0.245
-0.214
-0.308
-0.287
-0.142
-0.262
-0.387
-0.196
-0.248
-0.417
-0.173
-0.335
-0.231
-0.228
-0.166
-0.211
-0.232
-0.162
-0.222
-0.283
-0.235
-0.161
-0.298
-0.31
-0.174
-0.278
-0.156
-0.298
-0.297
-0.289
-0.239
-0.123
-0.273
-0.291
-0.264
-0.206
-0.268
-0.17
-0.299
-0.156
-0.245
-0.239
-0.18
-0.219
-0.337
-0.263
-0.31
-0.212
-0.263
-0.281
-0.254
-0.317
-0.36
-0.299
-0.358
-0.345
-0.26
-0.274
-0.356
-0.203
-0.178
-0.296
-0.228
-0.258
-0.168
-0.263
-0.347
-0.284
-0.231
-0.393
-0.355
-0.409
-0.349
-0.402
-0.264
-0.366
-0.414
-0.345
-0.347
-0.411
-0.332
-0.41
-0.34
-0.365
-0.307
-0.28
-0.388
-0.308
-0.295
-0.242
-0.286
-0.255
-0.337
-0.391
-0.264
-0.215
-0.288
-0.243
-0.363
-0.267
-0.341
-0.245
-0.268
-0.381
-0.182
-0.294
-0.321
-0.414
-0.272
-0.298
-0.271
-0.268
-0.272
-0.293
-0.41
-0.35
-0.442
-0.388
-0.387
-0.316
-0.307
-0.254
-0.289
-0.383
-0.435
-0.299
-0.409
-0.352
-0.357
-0.387
-0.322
-0.442
-0.359
-0.42
-0.284
-0.291
-0.266
-0.305
-0.364
-0.312
-0.27
-0.28
-0.261
-0.346
-0.226
-0.256
-0.3
-0.326
-0.217
-0.335
-0.367
-0.316
-0.215
-0.251
-0.39
-0.306
-0.367
-0.241
-0.349
-0.309
-0.301
-0.284
-0.351
-0.272
-0.24
-0.342
-0.321
-0.205
-0.308
-0.395
-0.333
-0.293
-0.335
-0.329
-0.385
-0.408
-0.289
-0.328
-0.297
-0.365
-0.307
-0.407
-0.241
-0.364
-0.346
-0.372
-0.271
-0.338
-0.291
-0.278
-0.325
-0.203
-0.365
-0.323
-0.304
-0.407
-0.352
-0.344
-0.254
-0.316
-0.327
-0.258
-0.312
-0.13
-0.314
-0.323
-0.27
-0.196
-0.21
-0.169
-0.168
-0.294
-0.252
-0.176
-0.315
-0.253
-0.237
-0.181
-0.15
-0.21
-0.152
-0.244
-0.158
-0.223
-0.288
-0.148
-0.262
-0.228
-0.229
-0.301
-0.245
-0.197
-0.185
-0.265
-0.175
-0.269
-0.238
-0.285
-0.241
-0.211
-0.202
-0.269
-0.225
-0.299
-0.305
-0.238
-0.17
-0.228
-0.183
-0.253
-0.298
-0.187
-0.288
