-59.05
-50.89
-67.25
-54.24
-48.88
-58.92
-60.22
-66.97
-59.49
-61.47
-65.45
-60.52
-63.42
-56.68
-62.76
-55.78
-60.01
-58.92
-51.95
-63.42
-60.68
-59.7
-65.11
-68.01
-63.53
-52.6
-52.98
-62.76
-61.81
-52.96
-61.85
-67.83
-68.6
-56.74
-66.78
-62.04
-61.87
-67.51
-71.45
-67.99
-67.09
-64.27
-59.27
-68.11
-65.74
-63.39
-67.4
-63.56
-66.33
-74.36
-58.76
-61.5
-62.55
-63.59
-61.6
-60.72
-72.57
-61.04
-53.2
-54.43
-55.27
-57.35
-60.15
-60.7
-60.89
-53.27
-62.3
-60.33
-53.59
-55.83
-51.12
-45.82
-53.81
-47.56
-52.7
-53.31
-56.47
-58.37
-54.27
-63.12
-57.92
-53.56
-49.8
-59.45
-57.94
-62.33
-63.33
-55.24
-47.03
-45.25
-52.47
-61.81
-54.83
-61.94
-59.62
-57.06
-62.68
-59.12
-66.7
-68.46
-61.91
-62.75
-62.92
-63.48
-59.34
-58.91
-52.37
-57.3
-57.9
-61.72
-54.06
-51.94
-52.61
-64.57
-55.17
-63.15
-54.12
-58.4
-55.84
-48.48
-56.13
-67.85
-56.76
-56.59
-61.37
-65.96
-59.61
-69.76
-62.73
-65.53
-61.19
-67.08
-57.05
-53.97
-68.28
-63.07
-59.17
-61.55
-58.62
-55.4
-60.68
-61.54
-63.84
-61.48
-57.12
-55.53
-56.86
-57.16
-57.52
-52.87
-56.96
-55.74
-58.32
-59.04
-65.09
-55.21
-56.37
-60.96
-55.88
-64.27
-56.51
-50.22
-52.48
-58.59
-55.2
-49.94
-52.28
-53.27
-50.32
-51.42
-50.39
-51.14
-57.81
-42.29
-46.52
-47.59
-46.93
-63.88
-67.91
-55.77
-58.48
-55.66
-53.88
-53.38
-51.24
-47.78
-52.54
-53.3
-64.47
-58.49
-53.39
-56.94
-47.65
-56.78
-44.38
-53.66
-53.88
-64.56
-56.43
-66.03
-44.31
-53.67
-54.22
-51.25
-41.81
-61.48
-57.41
-54.76
-61.22
-60.53
-58.36
-59.78
-54.47
-56.7
-56.66
-51.84
-50.44
-51.16
-54.76
-61.31
-51.36
-56.5
-55.26
-54.73
-55.85
-61.23
-56.13
-50.05
-55.72
-51.17
-55.13
-57.46
-43.19
-51.41
-64.4
-48.48
-57.56
-51.39
-48.38
-51.63
-50.96
-52.19
-62.05
-53.54
-57.13
-43.4
-49.82
-48.68
-55.65
-53.43
-56.55
-55.63
-52.73
-55.95
-59.04
-51.83
-53.32
-55.28
-57.73
-48.71
-51.48
-48.88
-44.3
-45.47
-46.07
-52.4
-49.43
-42.97
-41.37
-51.21
-49.35
-48.45
-48.51
-50.16
-52.01
-45.5
-53.01
-50.42
-50.8
-55.24
-55.11
-41.46
-65.06
-59.56
-54.43
-60.29
-60.09
-56.05
-64.76
-56.16
-57.7
-48.64
-58.68
-71.81
-61.9
-66.91
-63.74
-64.79
-56.15
-67.64
-48.88
-61.17
-60.47
-57.34
-63.81
-57.94
-70.12
-62.74
-61.69
-61.74
-54.03
-65.74
-65.22
-52.47
-55.55
-57.74
-56.55
-51.49
-55.01
-43.94
-56.26
-45.99
-54.14
-54.57
-52.06
-56.47
-53.82
-58.14
-56.72
-51.57
-47.55
-55.55
-59.97
-53.92
-61.2
-55.56
-55.46
-47.95
-57.22
-51.74
-56.6
-45.65
-48.3
-43.98
-50.8
-61.04
-48.71
-58.32
-58.82
-57.1
-50.84
-54.58
-60.39
-58.34
-57.71
-49.73
-57.28
-49.02
-49.27
-46.03
-51.06
-46.04
-57.3
-47.22
-43.78
-53.98
-38.91
-45.72
-42.89
-43.25
-51.85
-44.19
-55.89
-54.57
-47.1
-45.75
-44.57
-55.03
-45.84
-44.81
-53.96
-36.64
-51.59
-52.76
-47.42
-45.11
-50.71
-55.8
-46.76
-46.05
-56.85
-49.86
-52.55
-52.16
-41.04
-55.36
-51.85
-59.9
-48.45
-44.53
-50.72
-48.69
-51.56
-66.85
-46.22
-52.16
-56.15
-49.12
-48.55
-52.61
-54.78
-53.01
-55.26
-61.43
-58.37
-58.97
-58.45
-49.49
-46.86
-57.61
-55.4
-58.42
-56.64
-51.03
-52.52
-52.3
-54.56
-52.66
-48.34
-53.07
-49.31
-59.71
-44.09
-48.77
-47.17
-58.55
-49.82
-51.15
-50.26
-54.31
-48.52
-53.25
-55.4
-55.35
-55.6
-56.79
-57.91
-52.81
-64.51
-49.55
-55.28
-58.14
-63.03
-49.91
-59.54
-52.55
-50.15
-51.17
-53.78
-51.05
-51.54
-49.78
-53.3
-57.93
-55.31
-52.12
-61.86
-64.77
-58.07
-62.57
-57.81
-64.25
-58.52
-57.59
-58.46
-47.2
-50.98
-57.61
-49.65
-57.68
-53.8
-52.49
-36.03
-55.06
-55.01
-50.0
-48.3
-43.75
-47.75
-50.37
-55.66
-59.8
-52.88
-53.03
-57.98
-43.84
-58.98
-57.48
-60.49
-68.8
-60.94
