-505.939
-486.513
-499.744
-449.029
-449.991
-518.669
-495.902
-521.454
-510.534
-510.611
-496.979
-457.592
-463.92
-453.518
-484.112
-451.884
-401.113
-439.827
-384.114
-453.662
-467.768
-474.705
-481.162
-480.591
-459.341
-444.78
-422.439
-496.384
-434.251
-434.903
-445.114
-488.297
-475.427
-447.913
-468.738
-467.06
-453.228
-460.22
-519.854
-527.888
-522.674
-493.756
-445.636
-474.567
-504.764
-480.299
-523.558
-526.25
-503.391
-504.227
-498.85
-481.451
-535.032
-470.183
-502.483
-514.323
-511.183
-503.974
-515.217
-455.174
-480.461
-414.008
-521.211
-502.3
-503.84
-489.379
-484.907
-517.846
-499.64
-476.183
-456.361
-430.328
-438.055
-477.881
-465.607
-477.982
-461.451
-460.876
-453.782
-455.711
-477.68
-455.497
-446.382
-454.926
-479.767
-466.924
-483.018
-466.325
-458.063
-415.658
-437.433
-464.797
-449.592
-465.366
-498.906
-471.926
-487.357
-455.712
-466.611
-512.003
-501.928
-470.425
-501.339
-489.638
-506.484
-491.716
-484.69
-475.872
-453.537
-462.952
-508.672
-475.548
-511.103
-511.213
-489.335
-509.599
-516.515
-455.589
-481.573
-496.405
-489.715
-501.446
-462.279
-441.072
-501.275
-483.869
-490.277
-483.116
-481.783
-411.799
-457.353
-461.034
-385.041
-408.383
-487.098
-451.361
-495.403
-439.181
-465.332
-408.547
-441.125
-467.544
-478.783
-467.025
-457.445
-491.459
-445.26
-469.487
-488.213
-442.465
-434.046
-471.272
-456.699
-494.692
-511.356
-477.113
-435.253
-481.911
-468.563
-463.837
-465.142
-446.417
-405.998
-445.042
-431.213
-439.43
-426.614
-442.517
-422.904
-396.538
-401.015
-409.744
-440.509
-442.624
-401.774
-386.937
-463.764
-478.425
-541.175
-478.635
-454.44
-500.546
-508.958
-430.626
-426.755
-398.951
-421.528
-487.2
-465.434
-474.202
-503.143
-450.158
-521.866
-483.607
-502.135
-470.611
-385.045
-552.965
-512.385
-533.537
-577.964
-478.19
-514.528
-557.582
-474.754
-469.507
-474.935
-485.146
-467.408
-462.933
-426.367
-422.358
-437.746
-489.39
-474.01
-496.617
-473.673
-515.913
-504.282
-447.575
-438.155
-425.769
-455.616
-468.593
-501.202
-461.776
-472.596
-422.978
-428.719
-441.882
-460.52
-379.32
-467.127
-436.368
-476.982
-455.107
-400.946
-432.234
-429.271
-394.49
-405.332
-389.304
-406.78
-434.982
-421.357
-379.735
-386.908
-441.15
-434.139
-419.743
-453.267
-428.96
-425.913
-450.327
-489.829
-443.966
-435.273
-451.313
-420.317
-413.807
-446.312
-393.77
-351.16
-389.483
-453.483
-439.248
-430.302
-407.676
-424.749
-423.652
-437.709
-424.366
-416.917
-397.476
-420.296
-441.415
-383.522
-424.649
-424.169
-480.117
-483.642
-398.231
-460.688
-446.232
-431.82
-435.003
-473.93
-473.233
-486.331
-484.426
-404.667
-479.057
-456.086
-440.855
-400.914
-465.441
-446.074
-468.33
-506.998
-427.611
-485.564
-407.358
-476.064
-467.992
-437.379
-510.038
-484.854
-432.48
-484.026
-449.185
-458.569
-471.332
-480.666
-497.661
-480.352
-453.637
-417.353
-389.028
-377.084
-418.276
-411.734
-448.547
-413.057
-425.693
-429.992
-417.361
-420.103
-429.101
-442.083
-442.958
-394.976
-393.686
-446.93
-424.44
-446.444
-486.849
-416.354
-411.25
-434.406
-374.598
-424.436
-403.657
-417.086
-361.968
-353.908
-410.878
-391.724
-423.009
-415.224
-403.859
-440.409
-451.888
-451.327
-449.398
-437.992
-473.44
-416.068
-399.041
-393.206
-412.083
-400.607
-392.947
-382.639
-369.983
-394.443
-349.323
-389.641
-365.344
-401.004
-411.068
-375.404
-423.576
-395.726
-405.67
-361.515
-384.003
-370.815
-342.569
-398.368
-408.722
-374.777
-394.896
-404.758
-424.282
-371.806
-389.963
-403.735
-404.159
-371.642
-402.258
-430.772
-460.915
-391.925
-391.561
-388.092
-396.398
-423.425
-389.362
-406.997
-398.087
-431.744
-375.423
-395.323
-452.324
-421.643
-389.259
-390.764
-397.057
-405.67
-415.796
-452.258
-443.509
-444.878
-453.045
-427.375
-443.752
-427.983
-419.475
-426.103
-427.853
-417.939
-413.467
-436.648
-380.939
-387.323
-422.837
-417.234
-445.776
-423.048
-433.192
-405.283
-427.554
-420.763
-418.32
-432.984
-429.095
-375.792
-404.062
-391.996
-414.713
-370.669
-418.898
-408.69
-428.655
-424.14
-402.136
-421.682
-426.851
-427.111
-445.994
-440.627
-439.731
-462.498
-440.736
-479.355
-445.976
-459.117
-442.589
-464.438
-422.603
-463.362
-427.616
-421.008
-414.859
-405.532
-466.566
-464.445
-513.962
-456.728
-458.279
-485.351
-484.821
-475.576
-483.122
-438.489
-449.021
-438.105
-422.546
-423.726
-391.497
-399.541
-374.54
-381.525
-451.094
-450.667
-421.883
-383.098
-415.948
-390.905
-428.783
-434.588
-418.2
-442.541
-392.359
-413.903
-399.897
-463.471
-443.556
-441.276
-403.32
-445.692
