-2.441
-1.404
-2.098
-1.469
-1.615
-2.051
-2.439
-2.611
-1.799
-1.53
-2.53
-2.514
-2.714
-2.701
-2.265
-2.55
-3.203
-1.478
-2.291
-2.446
-2.231
-2.387
-2.05
-2.182
-2.164
-1.868
-1.842
-2.436
-2.47
-2.3
-1.49
-2.644
-2.639
-2.252
-2.244
-2.068
-2.743
-2.453
-2.564
-2.29
-2.367
-2.49
-2.294
-1.868
-2.351
-1.885
-2.178
-2.109
-2.621
-3.079
-2.511
-2.244
-2.569
-2.219
-2.302
-2.155
-2.732
-2.637
-1.89
-2.155
-3.056
-2.053
-2.326
-2.676
-2.522
-1.992
-2.094
-2.219
-1.849
-2.688
-2.393
-0.774
-1.047
-2.381
-1.992
-2.396
-2.9
-2.105
-2.395
-2.923
-2.401
-1.487
-1.739
-1.565
-2.031
-2.409
-1.006
-1.626
-1.903
-1.643
-2.382
-2.663
-2.511
-2.462
-2.324
-2.147
-2.666
-2.68
-2.808
-3.041
-3.006
-3.273
-2.94
-2.214
-2.457
-2.346
-1.414
-2.002
-1.958
-2.401
-2.57
-1.841
-1.282
-2.254
-2.309
-0.9
-1.919
-2.405
-2.46
-1.935
-1.293
-2.061
-1.614
-2.764
-2.141
-2.201
-1.594
-2.678
-1.847
-2.426
-1.83
-2.084
-2.742
-1.482
-2.56
-2.021
-2.067
-2.82
-2.494
-2.126
-2.254
-2.094
-1.905
-1.731
-1.541
-2.269
-2.802
-2.082
-3.002
-1.655
-1.338
-2.121
-1.615
-1.485
-2.545
-2.161
-1.314
-1.616
-1.288
-2.348
-1.992
-1.601
-2.42
-1.512
-2.138
-2.552
-1.683
-2.655
-2.695
-1.736
-1.709
-2.301
-2.473
-1.429
-1.86
-1.757
-2.483
-2.176
-2.146
-1.693
-2.486
-2.341
-2.821
-1.984
-2.252
-2.245
-2.054
-2.286
-2.357
-2.406
-2.541
-2.283
-2.591
-1.98
-2.497
-2.002
-2.268
-2.255
-2.12
-2.785
-2.249
-2.486
-3.117
-2.333
-2.461
-2.691
-1.829
-2.018
-2.368
-2.666
-2.285
-2.506
-2.921
-2.738
-2.996
-2.521
-3.034
-2.549
-2.585
-2.459
-2.194
-2.48
-2.161
-2.337
-1.771
-2.208
-2.352
-2.163
-3.173
-2.132
-2.691
-2.187
-1.863
-1.902
-2.693
-2.514
-2.51
-2.787
-1.561
-1.806
-2.47
-1.757
-2.118
-1.359
-1.404
-1.575
-1.416
-0.873
-1.695
-1.719
-2.395
-1.709
-2.243
-2.441
-1.602
-1.415
-0.989
-1.997
-1.769
-1.243
-1.407
-1.369
-1.575
-1.256
-0.884
-1.073
-1.664
-1.299
-0.867
-1.276
-1.339
-1.19
-1.476
-1.289
-1.409
-1.332
-1.1
-1.055
-1.511
-1.438
-1.404
-1.658
-2.11
-1.742
-1.293
-1.11
-1.529
-0.733
-2.065
-1.525
-1.256
-0.935
-1.355
-1.086
-1.467
-1.287
-2.186
-1.935
-1.262
-1.727
-1.647
-1.805
-2.302
-2.365
-2.721
-2.02
-1.905
-2.334
-2.196
-1.665
-1.532
-1.998
-1.859
-1.894
-2.356
-2.1
-1.892
-0.727
-0.92
-0.787
-1.041
-1.409
-1.184
-2.004
-1.856
-1.913
-1.311
-1.786
-1.841
-1.735
-1.416
-1.407
-1.711
-1.285
-1.068
-1.17
-1.651
-1.013
-1.204
-0.406
-1.445
-1.056
-0.907
-0.931
-2.065
-0.983
-1.471
-1.476
-2.22
-1.49
-1.17
-2.323
-2.11
-1.631
-2.102
-2.345
-1.528
-1.85
-1.146
-1.607
-1.904
-1.026
-1.432
-1.102
-1.032
-1.593
-0.718
-1.69
-0.735
-1.434
-1.101
-1.024
-1.536
-1.008
-1.226
-1.199
-1.944
-1.588
-1.262
-1.777
-1.21
-1.848
-0.907
-2.099
-0.414
-1.918
-0.789
-1.454
-1.432
-1.829
-1.712
-1.835
-1.074
-0.967
-0.923
-2.022
-1.606
-1.979
-1.617
-0.945
-0.636
-0.908
-2.199
-2.336
-0.865
-1.334
-1.305
-1.099
-1.424
-1.532
-1.176
-1.409
-1.718
-1.64
-1.374
-2.069
-1.14
-1.299
-0.473
-1.922
-1.746
-1.155
-1.496
-1.592
-0.801
-2.313
-1.31
-1.934
-2.318
-1.649
-1.582
-2.056
-2.074
-2.372
-1.936
-1.678
-1.386
-1.504
-1.267
-1.235
-1.292
-2.024
-2.01
-1.536
-1.404
-1.558
-1.59
-2.574
-1.705
-1.365
-1.884
-2.231
-1.857
-2.191
-1.653
-1.328
-1.342
-1.076
-1.528
-1.876
-1.08
-1.8
-1.44
-2.249
-1.5
-1.671
-2.004
-2.729
-2.059
-0.941
-2.258
-1.8
-2.522
-1.941
-1.729
-0.692
-1.491
-1.625
-1.477
-2.264
-2.101
-2.265
-0.972
-1.571
-1.556
-1.807
-1.922
-1.754
-0.881
-2.576
-2.154
-2.346
-1.828
-0.628
-1.333
-1.945
-1.758
-1.758
-2.536
-2.31
-1.361
