-5.316
-3.177
-2.478
-1.496
-1.674
-4.845
-2.28
-3.098
-3.466
-1.829
-6.762
-2.43
-1.311
-3.634
-3.669
-4.888
-1.063
-0.955
0.328
-1.506
-3.67
-4.114
-4.323
-3.434
-6.396
-5.135
-1.318
-5.828
-4.112
-4.307
-3.111
-0.218
-4.363
-4.787
-2.478
-5.633
-6.41
-5.553
-6.973
-4.097
-7.497
-5.554
-4.555
-6.764
-6.89
-5.973
-5.169
-7.656
-6.547
-4.927
-8.639
-6.727
-8.1
-5.83
-7.572
-4.893
-9.344
-7.301
-6.523
-4.546
-6.977
-5.442
-6.085
-9.397
-5.885
-9.263
-10.16
-6.29
-7.713
-7.628
-7.857
-8.298
-7.518
-7.525
-5.139
-7.456
-6.32
-8.226
-8.368
-4.625
-5.669
-7.465
-4.171
-4.27
-6.153
-4.253
-6.95
-5.113
-8.193
-5.451
-6.983
-7.651
-7.266
-6.88
-8.048
-6.544
-9.328
-6.986
-9.145
-7.452
-8.355
-8.699
-7.339
-7.867
-5.79
-6.922
-8.788
-7.947
-8.023
-7.265
-8.735
-6.973
-4.644
-8.24
-6.212
-7.096
-6.066
-5.098
-7.54
-7.401
-3.67
-5.69
-7.684
-4.362
-4.841
-7.745
-6.366
-7.989
-8.434
-6.03
-6.688
-6.989
-9.819
-6.029
-6.049
-6.218
-5.792
-9.128
-6.26
-3.826
-2.026
-6.859
-7.235
-6.23
-7.339
-6.332
-5.117
-8.17
-9.876
-8.389
-7.387
-5.011
-5.538
-6.507
-7.264
-5.247
-4.564
-6.025
-5.691
-6.152
-2.954
-2.136
-3.638
-2.248
-1.857
-4.132
-0.608
-5.864
-3.267
-2.22
-2.908
-5.424
-5.825
-4.734
-3.962
-5.689
-6.027
-6.731
-4.524
-4.653
-5.378
-6.201
-8.818
-7.71
-7.512
-6.772
-7.246
-9.468
-7.238
-6.871
-10.504
-7.374
-8.208
-8.732
-7.136
-8.734
-5.976
-10.199
-9.056
-6.861
-8.583
-6.509
-8.341
-7.177
-7.543
-5.608
-9.18
-7.733
-7.056
-6.913
-8.928
-6.918
-6.511
-7.08
-8.938
-8.458
-6.791
-6.135
-6.115
-9.228
-6.332
-8.91
-7.018
-5.838
-7.678
-6.608
-7.162
-6.527
-5.09
-8.689
-4.805
-7.642
-6.196
-7.635
-5.645
-6.963
-3.1
-4.043
-6.698
-5.499
-4.822
-5.188
-5.713
-5.542
-5.518
-4.686
-5.182
-6.603
-5.45
-5.479
-6.855
-4.496
-7.252
-6.007
-5.589
-5.597
-5.991
-7.497
-6.598
-4.405
-4.184
-6.209
-7.79
-6.057
-4.765
-5.142
-8.184
-6.799
-5.561
-5.682
-8.137
-8.725
-5.827
-5.936
-4.326
-4.958
-5.585
-5.117
-5.741
-5.369
-5.852
-3.772
-8.905
-2.102
-6.276
-5.315
-4.987
-4.235
-3.113
-2.266
-6.739
-3.727
-6.01
-4.244
-4.34
-6.219
-5.307
-3.657
-3.692
-5.812
-4.941
-3.416
-4.351
-3.813
-4.291
-4.826
-5.213
-4.752
-3.856
-6.475
-3.276
-6.25
-4.1
-5.616
-4.951
-6.794
-4.238
-4.812
-6.142
-5.918
-7.758
-7.34
-5.499
-5.093
-3.961
-3.759
-3.4
-4.09
-6.381
-3.013
-3.544
-2.564
-4.804
-3.396
-4.793
-5.988
-7.335
-2.418
-4.282
-3.503
-3.918
-2.509
-3.25
-6.929
-6.05
-5.981
-7.252
-4.618
-6.711
-5.244
-6.319
-6.215
-5.944
-7.605
-7.395
-6.308
-7.511
-6.16
-6.2
-5.486
-5.142
-5.679
-2.999
-4.111
-4.524
-1.684
-5.746
-4.741
-4.603
-4.67
-6.054
-6.519
-5.366
-5.062
-5.348
-6.229
-5.993
-5.413
-8.049
-6.805
-4.451
-6.241
-5.362
-6.921
-5.118
-4.409
-3.331
-4.944
-5.38
-5.029
-5.071
-5.255
-3.259
-5.621
-5.004
-4.156
-5.781
-3.048
-6.636
-3.691
-2.846
-4.01
-3.308
-3.133
-2.206
-2.544
-5.481
-6.59
-7.28
-7.575
-7.8
-4.667
-7.985
-7.204
-7.91
-7.298
-5.029
-4.241
-4.805
-5.282
-2.487
-5.457
-2.841
-1.051
-1.254
-4.276
-3.52
-5.005
-5.503
-5.45
-2.091
-4.652
-6.552
-6.029
-6.327
-7.928
-5.489
-8.117
-4.262
-4.821
-5.275
-3.336
-4.49
-3.041
-4.823
-2.441
-4.381
-5.757
-5.21
-5.377
-3.959
-1.649
-3.272
-0.24
-2.575
-4.93
1.603
-2.865
-4.777
-7.144
-5.871
-5.336
-7.409
-3.979
-3.476
-6.672
-3.253
-5.815
-4.616
-4.126
-8.069
-8.664
-4.148
-3.074
-5.303
-1.695
-3.828
-4.654
-2.06
-4.948
-1.933
-6.056
-5.231
-3.593
-5.782
-4.533
-4.71
-2.662
-4.005
-4.69
-1.882
-2.142
-5.51
-3.169
-2.182
-9.019
-7.297
-3.925
-3.834
-2.842
-4.429
