-0.102
-0.125
-0.152
-0.26
-0.302
-0.265
-0.131
-0.154
-0.182
-0.247
-0.125
-0.079
-0.272
-0.201
-0.294
-0.369
-0.195
-0.18
-0.147
-0.109
-0.099
-0.162
-0.095
-0.194
-0.122
-0.172
-0.06
-0.14
-0.19
-0.156
-0.155
-0.105
-0.068
-0.076
-0.186
-0.231
-0.22
-0.144
-0.311
-0.241
-0.145
-0.119
-0.183
-0.262
-0.081
-0.15
-0.15
0.018
-0.15
-0.225
-0.119
-0.361
-0.167
-0.217
-0.114
-0.172
-0.13
-0.194
-0.169
-0.17
-0.259
-0.198
-0.343
-0.152
-0.212
-0.241
-0.154
-0.162
-0.168
-0.166
-0.149
-0.183
-0.13
-0.163
-0.184
-0.132
-0.186
-0.117
-0.18
-0.186
-0.234
-0.14
-0.195
-0.083
-0.193
-0.153
-0.129
-0.176
-0.119
-0.227
-0.086
-0.159
-0.111
-0.145
-0.128
-0.232
-0.16
-0.155
-0.157
-0.035
-0.098
-0.071
-0.181
-0.141
-0.195
-0.175
-0.228
-0.221
-0.127
-0.211
-0.137
-0.119
-0.225
-0.168
-0.274
-0.149
-0.192
-0.12
-0.159
-0.268
-0.265
-0.235
-0.294
-0.26
-0.148
-0.095
-0.099
-0.155
-0.19
-0.248
-0.325
-0.253
-0.269
-0.2
-0.145
-0.09
-0.125
-0.039
-0.037
-0.045
-0.127
-0.202
-0.18
-0.148
-0.156
-0.106
-0.143
-0.148
-0.183
-0.112
-0.033
-0.252
-0.22
-0.023
-0.121
-0.118
-0.105
-0.079
-0.116
-0.168
-0.067
-0.125
-0.119
0.042
-0.121
-0.138
-0.042
-0.092
-0.162
-0.165
-0.13
-0.135
-0.182
-0.046
-0.112
-0.195
-0.115
-0.128
-0.052
-0.074
-0.178
-0.08
-0.164
-0.335
-0.17
-0.16
-0.158
-0.127
-0.236
-0.182
-0.177
-0.092
-0.163
-0.055
-0.177
-0.177
-0.117
-0.167
-0.184
-0.091
-0.112
-0.084
-0.117
-0.145
-0.121
0.04
-0.194
-0.08
-0.129
-0.032
-0.145
-0.14
-0.175
-0.262
-0.267
-0.229
-0.173
-0.196
-0.228
-0.177
-0.137
-0.162
-0.234
-0.285
-0.224
-0.232
-0.294
-0.132
-0.242
-0.19
-0.224
-0.087
-0.067
-0.096
-0.167
-0.211
-0.195
-0.142
-0.197
-0.176
-0.159
-0.058
-0.093
-0.063
-0.155
-0.153
-0.075
-0.011
-0.253
-0.207
-0.213
-0.208
-0.309
-0.353
-0.204
-0.245
-0.113
-0.226
-0.288
-0.085
-0.14
-0.24
-0.245
-0.26
-0.125
-0.166
-0.209
-0.133
-0.23
-0.187
-0.309
-0.19
-0.201
-0.169
-0.152
-0.184
-0.263
-0.277
-0.323
-0.305
-0.208
-0.249
-0.28
-0.253
-0.174
-0.199
-0.224
-0.214
-0.135
-0.211
-0.067
-0.1
-0.246
-0.115
-0.172
-0.173
-0.215
-0.233
-0.184
-0.204
-0.255
-0.207
-0.263
-0.182
-0.13
-0.207
-0.154
-0.221
-0.153
-0.082
-0.3
-0.188
-0.246
-0.187
-0.219
-0.267
-0.16
-0.087
-0.143
-0.16
-0.146
-0.142
-0.147
-0.122
-0.123
-0.138
-0.063
-0.075
-0.121
-0.126
-0.245
-0.24
-0.184
-0.177
-0.142
-0.229
-0.06
-0.168
-0.172
-0.102
-0.099
-0.175
-0.274
-0.205
-0.159
-0.107
-0.172
-0.131
-0.084
-0.226
-0.351
-0.239
-0.277
-0.23
-0.179
-0.239
-0.278
-0.231
-0.294
-0.401
-0.291
-0.224
-0.215
-0.179
-0.294
-0.153
-0.196
-0.116
-0.06
-0.163
-0.172
-0.259
-0.199
-0.118
-0.17
-0.185
-0.303
-0.236
-0.111
-0.114
-0.343
-0.139
-0.239
-0.146
-0.23
-0.191
-0.194
-0.158
-0.114
-0.146
-0.124
-0.222
-0.127
-0.257
-0.21
-0.128
-0.087
-0.167
-0.162
-0.325
-0.175
-0.151
-0.128
-0.12
-0.142
-0.193
-0.162
-0.152
-0.097
-0.107
0.002
-0.113
-0.049
-0.139
-0.178
-0.096
-0.107
-0.154
-0.156
-0.166
-0.126
-0.213
-0.202
-0.088
-0.175
-0.217
-0.282
-0.188
-0.169
-0.201
-0.056
-0.15
-0.213
-0.106
-0.278
-0.154
-0.14
-0.141
-0.146
-0.19
-0.314
-0.283
-0.251
-0.3
-0.326
-0.151
-0.183
-0.233
-0.131
-0.168
-0.154
-0.136
-0.225
-0.23
-0.109
-0.159
-0.195
-0.276
-0.118
-0.223
-0.099
-0.227
-0.17
-0.169
-0.243
-0.203
-0.243
-0.086
-0.174
-0.262
-0.266
-0.235
-0.182
-0.225
-0.153
-0.103
-0.23
-0.2
-0.138
-0.159
-0.175
-0.221
0.055
-0.176
-0.224
-0.19
-0.255
-0.117
-0.07
-0.069
-0.138
-0.162
-0.082
-0.124
-0.197
0.008
-0.062
-0.072
-0.173
-0.059
-0.126
