-72.06
-78.05
-72.61
-80.61
-77.82
-73.47
-74.36
-69.38
-71.88
-80.07
-79.04
-77.61
-80.13
-75.57
-70.81
-73.67
-70.54
-77.58
-76.85
-70.22
-70.89
-74.22
-76.07
-74.39
-70.6
-72.55
-72.25
-64.66
-69.36
-75.83
-61.22
-67.5
-61.06
-60.83
-61.48
-69.05
-76.44
-70.26
-71.55
-73.5
-73.62
-74.27
-67.51
-69.53
-57.0
-67.73
-71.85
-70.62
-75.67
-72.11
-75.25
-63.74
-62.97
-66.81
-75.1
-68.32
-62.96
-64.91
-71.99
-66.33
-74.03
-72.94
-64.13
-69.55
-74.78
-62.77
-67.87
-63.86
-60.13
-61.1
-58.99
-62.58
-67.42
-60.3
-66.24
-69.86
-71.67
-66.49
-66.0
-68.22
-72.54
-62.7
-70.43
-67.51
-78.53
-73.75
-77.75
-80.01
-57.11
-71.51
-63.0
-63.9
-68.33
-63.28
-77.04
-64.31
-73.22
-71.47
-72.49
-71.66
-79.29
-78.41
-66.9
-69.38
-69.73
-70.32
-71.08
-78.29
-80.34
-84.73
-85.69
-75.21
-69.34
-73.24
-73.29
-72.69
-69.38
-73.51
-67.14
-70.25
-73.81
-69.12
-78.36
-71.61
-74.03
-67.16
-64.4
-68.59
-66.24
-72.06
-73.29
-64.23
-66.43
-67.44
-63.76
-64.63
-69.0
-65.89
-60.74
-65.25
-64.56
-63.25
-68.18
-71.01
-76.75
-71.25
-72.06
-76.01
-70.63
-64.36
-66.08
-70.74
-67.63
-68.27
-70.03
-67.01
-64.97
-70.83
-68.72
-67.52
-59.12
-64.25
-66.84
-67.63
-73.41
-64.03
-66.24
-73.16
-70.34
-67.37
-68.39
-76.49
-70.07
-64.86
-63.14
-70.27
-64.12
-65.98
-71.13
-61.24
-69.44
-73.21
-66.74
-58.34
-68.72
-66.39
-61.67
-65.47
-67.0
-64.06
-63.93
-63.07
-55.09
-52.95
-57.92
-68.72
-65.05
-68.42
-62.6
-70.36
-65.83
-70.27
-72.82
-59.02
-59.32
-67.73
-67.08
-58.73
-71.3
-55.18
-56.22
-57.14
-65.72
-66.25
-73.41
-71.09
-65.2
-68.24
-67.47
-73.18
-62.79
-61.28
-72.0
-64.33
-63.51
-67.67
-63.08
-71.51
-65.1
-69.0
-71.69
-65.44
-58.97
-60.71
-65.72
-62.64
-63.54
-64.61
-63.37
-75.27
-65.79
-64.93
-66.65
-68.92
-61.26
-60.11
-70.91
-67.78
-73.06
-68.72
-65.99
-64.54
-61.57
-70.38
-63.97
-64.83
-64.72
-73.78
-69.39
-60.86
-74.4
-75.04
-68.12
-68.6
-65.06
-62.08
-67.8
-67.11
-64.67
-66.82
-76.38
-59.35
-63.57
-70.41
-66.3
-66.01
-70.02
-70.53
-65.8
-75.46
-68.71
-62.24
-80.66
-67.47
-68.8
-71.21
-77.48
-77.76
-73.53
-69.96
-67.71
-61.99
-64.18
-64.09
-67.14
-64.52
-58.19
-62.31
-64.14
-64.1
-77.97
-70.03
-62.99
-68.53
-69.56
-70.79
-65.46
-79.99
-80.11
-73.55
-66.82
-72.32
-59.75
-68.68
-66.8
-62.53
-64.69
-59.56
-69.7
-61.67
-62.9
-61.49
-56.48
-69.2
-59.83
-62.83
-61.74
-58.86
-65.19
-64.1
-63.98
-62.88
-65.23
-65.21
-66.77
-57.44
-57.14
-61.56
-60.47
-70.56
-64.08
-67.68
-61.75
-66.08
-65.71
-67.06
-61.69
-61.74
-54.0
-63.37
-63.43
-63.84
-64.29
-63.7
-65.46
-70.82
-64.8
-61.96
-62.57
-73.12
-70.76
-62.11
-69.31
-67.7
-58.15
-65.72
-59.85
-62.2
-68.95
-59.04
-75.21
-63.96
-68.99
-62.09
-59.19
-62.01
-64.4
-61.24
-59.92
-67.34
-59.54
-66.91
-67.63
-67.7
-60.55
-61.71
-57.8
-61.06
-62.69
-65.98
-74.28
-71.09
-69.11
-63.3
-65.51
-72.38
-66.02
-72.71
-73.68
-59.17
-68.53
-77.87
-71.13
-70.38
-69.95
-73.61
-71.01
-71.07
-67.47
-69.69
-73.77
-62.05
-71.96
-68.06
-64.43
-64.2
-65.41
-62.95
-67.83
-75.36
-69.48
-62.8
-68.9
-65.11
-67.82
-68.48
-75.64
-60.84
-62.68
-70.55
-62.91
-66.2
-61.64
-58.86
-62.6
-74.1
-66.13
-78.19
-69.29
-64.71
-68.28
-66.78
-71.7
-66.82
-75.66
-65.06
-71.59
-67.25
-68.94
-68.6
-73.22
-70.42
-67.41
-68.64
-73.38
-71.78
-67.72
-69.71
-75.12
-72.05
-73.0
-67.86
-67.98
-81.67
-65.81
-71.05
-75.12
-69.15
-73.86
-75.86
-74.67
-77.1
-66.52
-72.89
-73.89
-69.09
-70.96
-71.87
-69.73
-70.49
-70.95
-72.29
-80.88
-74.38
-74.88
-71.43
-75.13
-70.27
-70.39
-93.3
-80.69
-83.52
-80.35
-76.73
-82.73
-85.91
-80.99
-88.88
-78.63
-80.41
-75.93
