-273.434
-277.071
-260.534
-273.168
-336.876
-288.562
-302.433
-274.816
-318.941
-331.097
-282.613
-358.655
-332.141
-278.79
-285.757
-318.395
-300.885
-271.193
-325.335
-285.299
-229.498
-247.706
-244.765
-256.881
-230.39
-305.077
-331.412
-269.194
-304.085
-272.546
-253.009
-290.529
-248.445
-302.693
-281.86
-344.24
-302.063
-306.586
-319.83
-316.82
-321.026
-320.694
-302.55
-291.461
-275.019
-281.789
-314.316
-295.789
-279.382
-286.389
-303.433
-308.695
-314.201
-302.329
-321.441
-312.844
-239.211
-264.381
-264.89
-287.027
-290.882
-269.696
-249.022
-288.972
-293.535
-303.527
-275.487
-275.436
-232.165
-254.329
-174.807
-246.021
-312.996
-244.48
-299.171
-300.722
-261.937
-276.409
-299.065
-288.022
-302.685
-294.076
-305.832
-319.708
-363.181
-373.159
-383.144
-360.864
-350.81
-342.925
-317.385
-312.733
-329.565
-304.406
-336.849
-344.983
-357.699
-332.931
-358.179
-352.06
-393.175
-403.804
-334.049
-309.028
-322.893
-297.016
-310.937
-333.054
-352.014
-360.466
-369.032
-404.602
-290.002
-281.806
-282.659
-295.842
-283.749
-264.587
-311.755
-293.726
-264.717
-244.234
-352.588
-286.488
-292.922
-266.75
-265.933
-273.509
-225.458
-283.98
-265.728
-256.534
-312.733
-267.051
-208.416
-274.227
-281.415
-193.328
-246.796
-251.701
-220.224
-237.158
-266.508
-252.45
-337.62
-250.686
-245.635
-318.401
-280.532
-269.09
-300.126
-295.871
-247.668
-258.447
-267.673
-273.71
-241.59
-237.822
-254.842
-280.285
-299.654
-233.226
-272.27
-239.451
-275.739
-296.729
-278.501
-323.416
-279.966
-279.256
-342.109
-291.338
-269.582
-257.941
-259.212
-275.825
-263.483
-275.246
-258.439
-258.656
-263.334
-281.706
-276.559
-247.027
-244.18
-252.979
-256.987
-300.253
-253.6
-266.193
-328.402
-228.858
-213.092
-226.227
-231.389
-287.456
-282.366
-271.001
-244.937
-321.643
-270.687
-272.086
-277.718
-256.127
-215.384
-294.948
-281.434
-256.086
-284.391
-304.998
-257.898
-301.478
-310.248
-272.491
-311.206
-329.259
-292.69
-336.75
-351.035
-321.236
-319.873
-287.498
-294.572
-306.877
-312.835
-365.828
-296.602
-339.025
-309.535
-323.337
-288.882
-285.394
-212.408
-249.837
-270.139
-249.135
-254.511
-289.769
-242.442
-286.433
-273.882
-263.591
-311.896
-305.727
-296.35
-301.33
-287.462
-288.081
-314.776
-307.236
-255.051
-251.871
-296.414
-328.581
-290.765
-302.903
-287.571
-356.824
-294.652
-276.346
-296.079
-320.997
-230.546
-271.845
-279.107
-301.662
-324.404
-347.669
-257.42
-316.908
-348.21
-321.888
-251.71
-292.487
-286.865
-277.822
-312.672
-327.306
-317.933
-328.027
-277.779
-268.875
-334.366
-332.62
-262.643
-273.034
-322.821
-303.922
-264.227
-283.852
-267.882
-271.835
-286.981
-299.321
-302.408
-257.266
-342.218
-267.696
-239.062
-230.072
-333.887
-341.893
-264.642
-273.809
-309.497
-325.053
-364.874
-409.634
-386.334
-272.328
-292.995
-282.615
-263.802
-270.062
-237.856
-245.344
-227.694
-220.196
-305.561
-291.932
-244.306
-256.796
-271.489
-267.728
-253.521
-258.396
-279.344
-266.173
-297.889
-285.916
-247.19
-269.498
-237.496
-285.495
-299.527
-238.145
-222.2
-240.114
-252.807
-322.989
-275.613
-306.748
-289.927
-254.221
-285.658
-308.315
-301.648
-246.251
-180.735
-233.828
-226.588
-284.841
-256.09
-232.267
-288.671
-281.758
-218.296
-262.5
-294.379
-343.588
-297.579
-285.858
-333.595
-281.772
-305.343
-248.583
-257.06
-266.709
-272.441
-243.991
-299.751
-267.377
-296.75
-254.298
-206.21
-233.981
-254.614
-285.463
-223.687
-267.434
-198.174
-232.059
-201.35
-245.923
-237.918
-231.498
-172.172
-193.617
-183.204
-248.168
-227.878
-247.32
-248.45
-280.967
-292.228
-273.029
-269.564
-268.652
-289.077
-243.03
-248.71
-267.899
-275.486
-210.219
-212.143
-246.438
-234.983
-223.125
-225.347
-269.613
-264.872
-223.008
-261.714
-188.165
-170.674
-195.916
-195.23
-220.1
-266.068
-265.231
-256.637
-236.572
-248.263
-247.264
-197.347
-230.301
-272.229
-215.034
-195.501
-219.637
-230.755
-164.502
-217.18
-168.734
-206.883
-286.778
-302.437
-312.473
-251.118
-257.993
-298.108
-270.86
-260.978
-290.563
-272.17
-273.822
-290.054
-237.426
-187.399
-256.018
-229.322
-258.03
-258.285
-305.923
-289.114
-256.461
-263.949
-271.711
-255.635
-268.101
-257.867
-311.975
-221.458
-318.984
-204.348
-289.236
-315.173
-297.897
-349.549
-328.229
-305.369
-307.721
-298.678
-281.364
-255.474
-218.574
-290.978
-297.748
-267.641
-252.102
-264.605
-251.085
-321.133
-262.92
-279.331
-274.94
-261.508
-232.237
-233.411
-350.872
-349.112
-328.58
-324.033
-328.015
-363.485
-320.304
-311.609
-333.502
-360.094
-331.198
-370.075
