-2.343
-1.568
-1.562
-1.716
-1.742
-1.48
-1.775
-1.672
-2.399
-2.177
-1.91
-1.324
-1.825
-2.09
-2.188
-2.489
-1.626
-2.477
-1.966
-2.123
-1.964
-1.955
-1.517
-1.717
-2.514
-2.335
-2.713
-1.516
-1.867
-2.266
-1.313
-2.845
-1.942
-1.157
-0.989
-1.748
-2.196
-1.814
-2.456
-2.234
-2.395
-1.912
-2.258
-1.318
-1.341
-2.012
-1.858
-1.93
-1.959
-2.17
-1.816
-1.67
-1.548
-1.55
-1.782
-0.975
-1.088
-1.904
-2.295
-0.948
-2.4
-2.233
-2.115
-1.895
-1.585
-1.333
-2.258
-1.982
-1.617
-1.964
-1.682
-2.026
-2.179
-2.447
-2.287
-1.856
-2.113
-1.844
-1.914
-2.534
-1.801
-2.507
-1.86
-2.552
-2.213
-1.964
-2.526
-2.465
-2.304
-2.25
-2.061
-1.723
-2.101
-2.324
-1.533
-1.537
-2.319
-2.322
-2.152
-2.506
-2.013
-2.584
-2.097
-2.371
-3.016
-2.256
-1.894
-2.075
-2.524
-1.898
-2.63
-2.125
-2.218
-1.925
-2.082
-1.873
-1.899
-2.192
-2.278
-2.069
-2.495
-2.611
-2.704
-1.866
-1.735
-1.674
-1.838
-1.241
-1.447
-1.634
-1.928
-1.555
-1.488
-1.59
-1.903
-1.554
-1.373
-1.998
-1.59
-2.174
-2.133
-2.206
-1.851
-2.39
-2.281
-2.662
-2.468
-2.018
-2.175
-2.131
-1.952
-2.591
-2.105
-2.288
-1.987
-2.501
-2.001
-2.272
-2.012
-2.543
-2.308
-2.423
-2.196
-1.754
-2.391
-1.131
-2.027
-2.048
-2.454
-1.469
-2.101
-2.222
-2.216
-1.343
-1.421
-2.16
-1.434
-1.804
-2.511
-1.606
-2.54
-2.257
-1.904
-2.229
-2.737
-1.821
-2.33
-1.767
-2.302
-2.061
-1.133
-2.379
-1.883
-2.212
-1.552
-2.21
-2.007
-2.437
-2.211
-1.631
-1.734
-1.844
-2.604
-2.239
-2.244
-2.484
-2.595
-1.361
-3.166
-1.22
-1.491
-2.085
-1.632
-2.17
-2.777
-2.229
-1.776
-1.419
-2.364
-2.542
-2.447
-1.764
-2.301
-1.792
-1.626
-2.356
-1.43
-2.526
-1.69
-1.826
-2.21
-2.308
-1.825
-1.641
-1.406
-2.139
-1.576
-1.533
-2.25
-2.404
-2.205
-1.365
-1.606
-2.4
-1.981
-2.411
-2.566
-2.096
-2.597
-2.365
-1.214
-1.747
-1.67
-1.889
-1.11
-2.158
-1.715
-1.299
-2.197
-2.448
-2.077
-2.068
-2.133
-1.635
-2.21
-1.568
-2.35
-1.952
-1.34
-1.57
-1.936
-1.291
-1.527
-1.238
-1.379
-1.72
-1.62
-1.96
-2.07
-2.495
-1.984
-2.301
-1.999
-2.007
-1.736
-3.031
-1.833
-2.141
-2.727
-2.514
-1.53
-1.14
-1.951
-1.848
-1.805
-2.208
-1.678
-2.145
-1.114
-1.485
-1.324
-1.999
-1.701
-2.358
-2.637
-2.093
-1.562
-1.823
-1.799
-1.797
-1.873
-2.148
-0.438
-2.036
-1.336
-1.835
-2.278
-1.915
-1.479
-1.163
-1.948
-2.164
-1.679
-1.788
-1.88
-1.432
-1.342
-1.517
-1.424
-1.632
-2.4
-1.776
-1.196
-1.991
-1.589
-0.995
-1.049
-1.28
-1.725
-1.897
-1.062
-0.565
-2.102
-1.99
-1.256
-1.85
-1.997
-1.502
-1.594
-1.501
-1.966
-2.318
-2.122
-2.503
-2.446
-1.423
-1.663
-1.205
-1.245
-2.423
-1.838
-1.394
-1.896
-2.219
-1.827
-1.741
-1.581
-1.304
-1.838
-2.045
-2.581
-1.948
-1.929
-2.205
-1.191
-1.797
-1.628
-2.468
-2.43
-1.766
-1.846
-1.477
-1.443
-2.285
-1.726
-1.215
-2.551
-2.155
-1.533
-2.444
-2.199
-1.89
-1.785
-2.026
-2.486
-1.851
-2.253
-1.687
-1.96
-1.716
-2.33
-2.44
-2.486
-1.673
-2.339
-2.41
-2.372
-2.279
-1.877
-2.11
-1.692
-2.103
-1.704
-1.6
-1.553
-1.876
-2.067
-2.004
-2.101
-1.689
-2.057
-2.184
-2.113
-1.414
-2.249
-2.319
-2.212
-2.589
-1.359
-1.972
-1.38
-1.917
-2.05
-1.839
-2.218
-2.251
-2.144
-2.262
-1.692
-1.974
-2.377
-2.302
-2.129
-2.114
-2.423
-1.351
-2.069
-1.953
-2.446
-2.571
-2.368
-1.56
-1.65
-2.269
-2.204
-1.836
-2.462
-2.146
-2.194
-2.358
-2.926
-2.476
-1.898
-2.51
-1.495
-2.586
-2.163
-1.874
-1.711
-1.781
-1.895
-2.609
-2.135
-2.058
-2.419
-1.887
-1.924
-2.155
-2.463
-2.095
-2.203
-1.88
-2.481
-2.322
-2.211
-2.577
-2.531
-2.033
-2.072
-2.849
-2.643
-2.787
-2.155
-2.564
-2.596
-2.737
-2.524
-2.326
-1.69
-2.175
-2.387
