-16.241
-22.44
-13.912
-21.012
-21.094
-21.319
-18.972
-16.898
-21.869
-17.064
-19.454
-24.894
-22.539
-21.865
-17.344
-16.044
-18.966
-24.452
-18.359
-21.47
-19.976
-15.946
-21.992
-21.514
-21.974
-21.618
-19.018
-21.475
-14.003
-15.657
-22.688
-16.191
-23.81
-21.581
-18.222
-25.187
-30.321
-19.67
-23.044
-20.215
-22.502
-19.178
-16.426
-24.082
-14.66
-15.067
-23.639
-21.585
-19.374
-24.893
-27.126
-16.718
-21.808
-20.961
-26.531
-18.459
-20.746
-21.984
-16.889
-21.759
-17.769
-21.959
-22.956
-24.569
-18.841
-20.378
-19.377
-19.579
-19.768
-18.55
-17.95
-20.328
-18.652
-19.811
-25.491
-15.344
-22.588
-12.74
-20.577
-17.377
-20.825
-21.458
-17.967
-19.86
-22.969
-18.632
-23.535
-24.316
-21.645
-15.523
-23.156
-20.751
-22.061
-22.479
-22.791
-19.787
-20.843
-20.177
-24.237
-19.065
-16.722
-20.569
-20.478
-18.504
-21.054
-20.288
-22.37
-22.46
-22.061
-18.257
-22.176
-21.159
-23.996
-16.246
-22.989
-22.772
-18.547
-18.579
-16.926
-18.814
-20.401
-17.776
-23.114
-19.682
-20.615
-17.375
-19.539
-19.101
-23.731
-23.148
-20.408
-19.919
-17.656
-21.717
-17.908
-16.545
-16.415
-14.284
-20.606
-21.431
-20.479
-21.576
-18.295
-14.122
-23.501
-21.482
-21.041
-19.534
-23.444
-22.131
-22.852
-20.129
-23.845
-18.019
-14.549
-24.137
-21.342
-22.285
-20.304
-17.921
-21.294
-25.896
-24.712
-15.783
-22.812
-13.131
-16.115
-19.153
-17.126
-18.703
-22.435
-23.791
-18.581
-18.731
-18.37
-21.205
-16.517
-13.787
-20.981
-17.809
-20.502
-17.842
-18.53
-22.584
-23.641
-22.161
-19.818
-20.921
-21.05
-16.816
-22.151
-15.97
-16.5
-16.564
-15.317
-22.871
-21.327
-15.229
-19.351
-13.522
-15.566
-16.934
-19.187
-21.931
-20.418
-19.28
-20.017
-21.461
-18.31
-16.83
-14.423
-20.506
-22.603
-18.18
-21.462
-19.313
-18.646
-22.136
-20.429
-16.571
-16.272
-23.328
-20.154
-21.046
-17.205
-22.595
-19.086
-25.624
-17.865
-17.23
-24.093
-17.866
-19.134
-17.76
-18.68
-22.355
-22.143
-22.958
-21.262
-23.306
-23.472
-21.733
-21.82
-21.719
-20.954
-22.055
-22.976
-17.751
-25.751
-21.537
-22.262
-22.157
-13.525
-21.366
-20.519
-23.976
-17.45
-21.488
-20.547
-19.617
-18.774
-23.971
-23.993
-22.337
-19.73
-23.999
-20.278
-26.453
-20.378
-25.231
-22.638
-18.017
-23.298
-20.405
-20.142
-21.535
-23.43
-17.429
-22.475
-21.934
-24.295
-22.635
-25.789
-20.558
-20.372
-26.657
-24.533
-25.19
-22.822
-15.862
-19.382
-20.101
-16.596
-20.809
-24.102
-20.88
-21.947
-20.992
-18.094
-25.322
-20.403
-25.484
-20.555
-23.392
-18.475
-24.961
-16.129
-20.633
-25.127
-24.116
-25.215
-23.251
-19.07
-24.894
-22.951
-21.438
-22.529
-20.376
-22.669
-22.29
-22.034
-22.516
-18.577
-19.765
-23.41
-20.924
-23.841
-18.06
-25.124
-21.901
-19.152
-17.412
-21.139
-22.91
-16.767
-21.208
-15.743
-19.798
-19.976
-20.173
-18.772
-25.976
-20.642
-24.284
-22.255
-22.734
-20.106
-19.779
-23.709
-19.5
-18.244
-18.292
-23.595
-16.58
-21.558
-22.901
-17.204
-22.672
-21.033
-23.553
-22.358
-20.778
-25.509
-22.019
-24.266
-21.898
-22.328
-21.461
-20.957
-18.676
-20.625
-20.858
-22.299
-21.363
-21.825
-20.957
-23.071
-22.979
-20.564
-24.912
-23.342
-19.561
-23.219
-19.754
-20.265
-26.148
-23.939
-19.269
-18.934
-22.492
-25.205
-21.906
-24.168
-22.416
-25.258
-22.709
-18.945
-23.771
-24.857
-18.855
-23.215
-27.424
-24.289
-26.335
-22.395
-22.97
-22.206
-26.106
-19.311
-23.189
-23.77
-22.531
-24.384
-21.825
-24.187
-17.524
-19.811
-19.827
-17.952
-22.049
-18.449
-18.971
-21.038
-18.422
-23.035
-18.174
-20.12
-13.934
-15.334
-19.495
-21.288
-25.298
-25.858
-21.639
-22.339
-21.234
-19.294
-21.071
-21.067
-19.82
-18.779
-21.394
-25.902
-22.201
-23.502
-20.748
-25.865
-24.284
-25.592
-22.555
-22.959
-25.644
-18.659
-22.152
-13.682
-19.255
-21.353
-14.834
-18.51
-18.588
-23.794
-21.795
-26.974
-25.13
-20.214
-22.209
-23.256
-20.476
-21.372
-21.74
-21.478
-19.568
-22.39
-17.456
-21.166
-21.345
-21.846
-20.529
-23.396
-16.844
-22.006
-24.824
-24.732
-21.209
-23.099
-21.205
-22.181
-20.658
-23.471
-24.591
-25.846
-28.388
-25.114
-27.941
-21.849
-22.607
-24.425
-20.271
-22.308
-27.635
-30.246
