-456.488
-449.779
-425.631
-483.777
-482.509
-419.392
-420.118
-430.858
-456.437
-459.326
-459.149
-468.097
-478.673
-426.028
-439.632
-434.23
-465.48
-456.516
-413.877
-428.28
-450.192
-398.73
-468.898
-464.302
-456.513
-485.96
-507.322
-473.796
-489.382
-483.9
-470.505
-421.747
-474.385
-477.055
-489.35
-475.631
-456.597
-486.955
-488.882
-467.619
-462.144
-479.513
-461.149
-457.916
-476.081
-455.286
-503.255
-512.481
-478.565
-479.891
-459.232
-472.212
-457.901
-487.831
-482.889
-486.714
-441.76
-436.302
-444.43
-481.134
-473.296
-452.587
-447.658
-495.243
-462.542
-467.734
-448.185
-463.681
-413.797
-418.997
-369.969
-436.101
-485.673
-417.678
-455.384
-479.866
-449.728
-456.196
-447.706
-471.851
-453.103
-470.114
-451.049
-467.405
-510.594
-531.121
-491.483
-508.732
-530.635
-497.809
-475.666
-492.411
-513.464
-462.779
-500.535
-525.874
-489.319
-480.931
-489.86
-489.619
-527.084
-510.011
-493.31
-447.987
-500.394
-481.856
-485.413
-487.963
-483.304
-501.964
-493.707
-520.873
-460.005
-459.3
-458.72
-464.405
-457.661
-432.51
-467.785
-471.895
-466.582
-441.777
-514.124
-423.841
-449.974
-414.231
-431.244
-428.668
-434.932
-477.644
-428.912
-428.533
-435.095
-447.178
-394.756
-424.151
-468.752
-378.62
-426.951
-415.217
-435.64
-428.615
-431.316
-468.114
-498.633
-447.325
-487.341
-449.491
-458.657
-478.482
-491.608
-492.056
-434.299
-430.157
-448.139
-454.751
-448.089
-436.239
-458.049
-468.328
-486.296
-471.819
-435.99
-395.028
-420.691
-504.619
-446.199
-454.84
-444.127
-421.26
-481.41
-455.748
-440.275
-454.66
-446.862
-449.705
-423.221
-458.292
-440.807
-450.535
-430.407
-471.69
-447.194
-440.497
-435.881
-450.742
-436.784
-453.936
-457.217
-425.76
-488.627
-412.516
-422.296
-437.547
-416.887
-507.517
-439.773
-452.844
-449.226
-443.602
-421.538
-424.865
-416.414
-438.148
-419.141
-463.075
-426.253
-421.23
-472.556
-440.333
-433.565
-452.535
-490.346
-452.824
-472.002
-496.739
-486.501
-488.216
-490.089
-484.017
-495.447
-495.545
-467.493
-471.017
-466.478
-490.159
-505.472
-508.568
-473.837
-477.881
-439.685
-459.519
-448.467
-419.783
-435.848
-464.8
-426.474
-469.866
-459.8
-474.513
-466.41
-442.282
-487.917
-435.668
-499.509
-467.245
-457.288
-489.19
-475.776
-477.263
-473.016
-452.831
-471.757
-507.139
-472.532
-494.678
-474.695
-491.671
-453.491
-423.018
-475.076
-455.152
-416.764
-451.452
-467.747
-502.172
-412.027
-496.658
-458.883
-465.65
-503.735
-476.493
-426.46
-472.686
-460.693
-461.669
-503.146
-478.618
-474.378
-498.646
-458.62
-463.776
-482.281
-515.467
-462.4
-502.842
-497.626
-482.041
-486.28
-419.734
-483.618
-448.529
-445.898
-487.372
-415.815
-415.217
-486.905
-432.703
-471.361
-454.953
-473.688
-460.722
-481.885
-424.901
-475.583
-507.274
-496.878
-522.565
-540.704
-461.372
-436.221
-445.413
-426.435
-454.433
-444.135
-464.099
-394.491
-379.163
-428.617
-427.266
-411.571
-432.987
-422.413
-388.867
-414.734
-414.253
-453.939
-450.128
-447.298
-449.772
-432.089
-445.928
-424.203
-441.008
-427.815
-428.804
-375.426
-423.005
-421.377
-449.293
-419.474
-481.745
-458.221
-464.894
-414.317
-472.329
-453.412
-403.954
-433.478
-425.135
-429.571
-475.18
-435.442
-419.465
-441.649
-459.478
-456.505
-435.243
-455.522
-522.212
-463.448
-477.335
-479.701
-464.775
-495.422
-456.06
-439.456
-467.069
-508.747
-440.03
-503.975
-460.827
-483.891
-444.481
-417.284
-422.831
-453.559
-466.333
-421.627
-451.881
-470.622
-492.837
-447.794
-426.439
-428.652
-406.101
-384.438
-392.2
-383.827
-421.485
-427.979
-421.469
-424.279
-431.291
-450.848
-436.613
-464.72
-436.163
-458.744
-459.01
-479.087
-411.996
-484.007
-402.603
-425.033
-416.113
-450.233
-395.289
-398.056
-431.79
-456.903
-427.906
-454.14
-409.578
-396.151
-414.696
-405.883
-403.069
-447.858
-408.98
-419.974
-412.018
-426.329
-421.894
-409.277
-424.69
-467.201
-415.065
-434.859
-433.336
-414.183
-404.457
-424.136
-413.053
-432.506
-416.452
-470.391
-468.475
-427.065
-455.042
-422.401
-427.586
-432.667
-442.591
-478.365
-446.875
-465.54
-414.942
-405.257
-444.649
-428.446
-451.542
-434.117
-461.322
-477.068
-422.536
-443.606
-481.862
-478.797
-431.944
-426.753
-449.928
-433.236
-525.258
-462.444
-494.934
-473.171
-464.199
-504.216
-490.288
-434.4
-454.077
-497.215
-455.585
-424.183
-424.91
-482.634
-468.898
-500.686
-488.093
-457.718
-457.103
-486.343
-456.516
-477.935
-500.447
-484.917
-459.359
-443.324
-522.062
-545.822
-514.646
-476.874
-480.321
-566.271
-517.506
-484.983
-502.221
-493.287
-500.882
-520.401
