-2.048
-2.466
-2.443
-3.94
-1.728
-2.589
-3.929
-2.212
-3.468
-1.371
-4.443
-4.469
-4.462
-4.255
-4.582
-5.291
-7.239
-5.239
-2.19
-2.136
-4.188
-4.247
-2.365
1.787
-5.161
-5.117
-2.61
-4.737
-4.131
-3.576
-2.491
-5.132
-3.852
-3.15
-1.862
-2.12
-3.055
-0.747
-3.809
-5.439
-5.682
-4.716
-6.008
-2.558
-4.993
-4.878
-4.922
-5.455
-5.657
-5.617
-4.345
-3.249
-3.963
-5.457
-4.578
-3.079
-3.048
-2.366
-5.487
-5.803
-4.195
-3.394
-5.079
-4.836
-0.632
-3.289
-1.478
-0.152
-2.186
-3.145
-3.687
-3.483
-4.688
-5.71
-5.17
-2.306
-1.831
-1.944
-4.43
-2.056
-3.162
-2.299
-5.928
-5.085
-5.827
-6.578
-3.346
-5.961
-5.574
-5.201
-6.618
-7.909
-8.427
-7.253
-5.846
-3.218
-4.833
-1.038
-1.476
-3.997
-6.915
-5.331
-2.83
-4.797
-4.512
-5.826
-4.31
-5.699
-5.037
-6.071
-5.504
-6.277
-3.84
-3.363
-1.768
-4.769
-1.838
-4.758
-3.17
-5.272
-5.207
-4.885
-3.701
-4.836
-3.968
-2.291
-4.419
-3.766
-2.393
-5.816
-3.406
-1.274
-4.113
-4.268
-1.927
-1.105
0.758
-3.105
-2.486
-2.187
-0.931
-4.694
-2.721
-1.566
-3.111
-2.292
-3.878
-2.01
-3.453
-2.98
-4.287
-4.323
-3.155
-2.649
-4.282
-6.48
-2.435
-5.714
-4.101
-2.681
-6.064
-4.998
-4.361
-4.969
-4.512
-4.411
-5.367
-4.183
-5.748
-3.178
-3.317
-4.545
-4.235
-6.637
-4.033
-5.587
-4.519
-2.873
-6.313
-3.05
-6.664
-5.114
-3.583
-2.371
-1.055
-4.17
-4.382
-3.044
-5.315
-3.253
-3.99
-4.428
-3.779
-4.475
-2.257
-1.511
-2.477
-3.177
-2.821
-3.947
-4.796
-4.956
-6.954
-3.477
-3.893
-3.389
-4.251
-3.893
-4.297
-4.652
-2.439
-4.971
-3.473
-4.968
-4.208
-5.191
-6.015
-2.606
-7.415
-4.138
-7.234
-3.818
-8.065
-3.628
-1.129
-3.347
-4.53
-5.298
-4.251
-6.141
-3.925
-5.608
-5.736
-5.994
-2.944
-1.142
-1.923
-4.486
-4.405
-4.646
-5.23
-5.9
-4.42
-4.646
-3.374
-2.194
-5.966
-2.299
-5.761
-6.181
-4.94
-4.773
-2.291
-7.958
-4.445
-6.936
-6.222
-3.443
-5.107
-2.649
-2.878
-5.059
-1.985
-4.997
-4.419
-4.84
-6.625
-4.472
-2.185
-4.185
-3.204
-4.269
-3.876
-2.544
-4.3
-4.434
-2.767
-6.956
-4.231
-2.616
-4.611
-0.486
-1.811
-0.707
-0.316
-3.654
-1.856
-1.658
-0.528
-4.622
-3.191
-4.379
-5.101
-4.929
-6.461
-4.808
-4.866
-4.432
-3.201
0.096
-4.137
-2.902
-5.723
-6.537
-7.213
-6.207
-3.707
-0.563
-5.799
-4.705
-2.853
-4.723
-0.4
-2.887
-4.996
-2.582
-5.277
-3.038
-3.588
-3.186
-1.224
-6.165
-4.866
-6.035
-4.025
-5.078
-3.613
-4.5
-4.046
-3.207
-5.71
-3.782
-1.189
-6.098
-3.823
-2.893
-2.137
-5.435
-3.375
-1.899
-1.563
-3.08
-5.08
-7.435
-5.507
-5.447
-6.411
-3.799
-4.213
-4.469
-5.764
-4.716
-7.279
-1.339
-5.415
-6.081
-3.242
-6.145
-5.303
-6.766
-3.927
-2.338
-5.76
-4.135
-2.031
-5.475
-3.944
-3.887
-7.391
-4.609
-5.022
-4.718
-6.674
-3.4
-0.965
-3.095
-0.356
-5.212
-1.389
-3.834
-5.777
-6.27
-4.798
-7.312
-4.849
-3.924
-3.433
-4.05
-4.797
-6.797
-3.784
-4.106
-4.487
-3.247
-0.529
-3.18
-3.123
-6.447
-7.766
-2.908
-4.076
-4.694
-6.792
-6.696
-4.31
-2.87
-1.393
-3.433
-5.366
-1.758
-5.372
-3.373
-6.603
-1.491
-4.748
-6.584
-4.606
-4.059
-5.204
-3.321
-4.258
-1.315
-5.077
-5.214
-7.543
-9.079
-5.899
-7.366
-3.585
-6.715
-7.475
-5.639
-5.72
-6.774
-6.711
-3.172
-3.889
-3.181
-1.976
-4.661
-0.891
-2.342
-5.113
-3.993
-4.394
-1.732
-4.808
-2.593
-3.973
-4.293
-3.945
-1.861
-1.892
-4.337
-4.782
-6.036
-2.508
-5.942
-3.857
-8.002
-4.361
-2.909
-2.776
-8.355
-5.59
-5.196
-5.144
-1.528
-3.513
-4.621
0.596
-3.96
-5.532
-6.006
1.954
-3.591
-0.902
-3.782
-4.403
-3.277
-4.402
-1.856
-0.853
-4.602
-0.895
-3.154
-2.703
1.716
-2.928
-5.074
-3.548
-3.9
-2.943
-5.614
-5.134
-7.006
-0.39
-2.472
-2.402
-3.233
-1.85
