-0.302
-0.262
-0.409
-0.332
-0.32
-0.383
-0.304
-0.427
-0.29
-0.408
-0.366
-0.314
-0.438
-0.323
-0.362
-0.408
-0.412
-0.352
-0.297
-0.325
-0.296
-0.339
-0.333
-0.292
-0.251
-0.372
-0.353
-0.412
-0.311
-0.288
-0.313
-0.381
-0.316
-0.423
-0.418
-0.359
-0.431
-0.34
-0.367
-0.308
-0.444
-0.339
-0.326
-0.278
-0.354
-0.411
-0.244
-0.335
-0.365
-0.425
-0.298
-0.357
-0.382
-0.25
-0.402
-0.357
-0.525
-0.391
-0.37
-0.414
-0.472
-0.355
-0.455
-0.391
-0.383
-0.453
-0.332
-0.446
-0.479
-0.459
-0.375
-0.341
-0.423
-0.367
-0.455
-0.421
-0.389
-0.451
-0.415
-0.42
-0.447
-0.469
-0.442
-0.53
-0.368
-0.44
-0.559
-0.351
-0.349
-0.3
-0.422
-0.318
-0.411
-0.394
-0.484
-0.429
-0.332
-0.417
-0.354
-0.375
-0.433
-0.433
-0.36
-0.362
-0.4
-0.423
-0.5
-0.407
-0.373
-0.397
-0.405
-0.307
-0.358
-0.375
-0.423
-0.245
-0.394
-0.491
-0.421
-0.356
-0.291
-0.332
-0.406
-0.354
-0.294
-0.287
-0.379
-0.347
-0.34
-0.444
-0.437
-0.401
-0.422
-0.316
-0.389
-0.355
-0.304
-0.373
-0.416
-0.45
-0.382
-0.364
-0.459
-0.298
-0.294
-0.36
-0.353
-0.387
-0.348
-0.383
-0.367
-0.281
-0.253
-0.269
-0.334
-0.283
-0.264
-0.348
-0.195
-0.398
-0.227
-0.308
-0.245
-0.361
-0.375
-0.387
-0.338
-0.377
-0.394
-0.394
-0.439
-0.243
-0.388
-0.304
-0.364
-0.301
-0.32
-0.377
-0.349
-0.309
-0.417
-0.357
-0.232
-0.385
-0.314
-0.255
-0.357
-0.425
-0.143
-0.303
-0.272
-0.223
-0.387
-0.391
-0.397
-0.306
-0.368
-0.399
-0.328
-0.279
-0.348
-0.33
-0.338
-0.241
-0.328
-0.327
-0.287
-0.275
-0.207
-0.335
-0.409
-0.328
-0.369
-0.275
-0.43
-0.374
-0.292
-0.364
-0.324
-0.331
-0.375
-0.464
-0.341
-0.325
-0.355
-0.369
-0.31
-0.222
-0.332
-0.35
-0.292
-0.295
-0.348
-0.269
-0.296
-0.284
-0.318
-0.29
-0.259
-0.292
-0.333
-0.458
-0.275
-0.377
-0.385
-0.452
-0.447
-0.366
-0.404
-0.301
-0.319
-0.319
-0.414
-0.375
-0.382
-0.366
-0.406
-0.334
-0.372
-0.292
-0.35
-0.245
-0.373
-0.225
-0.26
-0.435
-0.339
-0.468
-0.253
-0.434
-0.338
-0.365
-0.356
-0.323
-0.343
-0.231
-0.336
-0.397
-0.373
-0.326
-0.301
-0.365
-0.357
-0.367
-0.422
-0.356
-0.363
-0.46
-0.415
-0.443
-0.339
-0.354
-0.413
-0.334
-0.414
-0.287
-0.247
-0.333
-0.321
-0.363
-0.308
-0.228
-0.235
-0.319
-0.382
-0.3
-0.296
-0.294
-0.307
-0.353
-0.327
-0.398
-0.357
-0.331
-0.36
-0.312
-0.371
-0.466
-0.284
-0.37
-0.412
-0.197
-0.361
-0.27
-0.433
-0.335
-0.325
-0.259
-0.336
-0.324
-0.172
-0.302
-0.386
-0.451
-0.333
-0.32
-0.297
-0.342
-0.278
-0.374
-0.365
-0.302
-0.326
-0.442
-0.338
-0.436
-0.319
-0.275
-0.309
-0.356
-0.302
-0.305
-0.325
-0.231
-0.308
-0.3
-0.411
-0.348
-0.264
-0.24
-0.357
-0.398
-0.405
-0.335
-0.417
-0.271
-0.341
-0.328
-0.37
-0.41
-0.314
-0.266
-0.334
-0.324
-0.355
-0.296
-0.374
-0.279
-0.299
-0.194
-0.355
-0.255
-0.351
-0.341
-0.367
-0.295
-0.368
-0.347
-0.292
-0.341
-0.36
-0.349
-0.336
-0.416
-0.325
-0.347
-0.193
-0.414
-0.365
-0.325
-0.431
-0.318
-0.396
-0.256
-0.329
-0.392
-0.259
-0.325
-0.3
-0.342
-0.257
-0.272
-0.208
-0.303
-0.32
-0.34
-0.239
-0.215
-0.3
-0.364
-0.307
-0.291
-0.326
-0.368
-0.266
-0.291
-0.285
-0.207
-0.201
-0.317
-0.399
-0.331
-0.328
-0.359
-0.273
-0.241
-0.358
-0.384
-0.271
-0.33
-0.338
-0.312
-0.334
-0.365
-0.347
-0.236
-0.304
-0.303
-0.338
-0.384
-0.288
-0.296
-0.375
-0.289
-0.359
-0.283
-0.277
-0.268
-0.256
-0.297
-0.275
-0.256
-0.386
-0.271
-0.346
-0.274
-0.221
-0.246
-0.285
-0.178
-0.139
-0.259
-0.235
-0.248
-0.302
-0.257
-0.343
-0.363
-0.164
-0.252
-0.21
-0.25
-0.257
-0.262
-0.243
-0.207
-0.212
-0.307
-0.251
-0.15
-0.234
-0.297
-0.119
-0.342
-0.191
-0.254
-0.27
-0.276
-0.261
-0.298
-0.196
