-29.548
-23.044
-25.201
-25.309
-28.625
-30.678
-18.189
-26.283
-19.906
-13.983
-28.026
-22.443
-19.888
-22.509
-22.759
-24.754
-17.426
-17.184
-26.53
-19.509
-21.354
-20.847
-31.009
-22.795
-22.543
-19.695
-22.083
-21.671
-20.84
-13.967
-17.085
-19.803
-22.034
-21.527
-20.224
-20.482
-15.142
-20.929
-21.753
-20.6
-21.099
-20.083
-18.845
-21.458
-17.827
-21.704
-22.147
-22.423
-29.051
-26.657
-19.608
-20.389
-25.24
-27.75
-18.207
-24.569
-19.314
-24.606
-27.262
-20.962
-18.567
-21.184
-22.578
-19.444
-23.389
-27.618
-24.002
-23.089
-21.664
-25.294
-21.524
-19.869
-20.194
-24.411
-22.585
-21.991
-18.921
-22.608
-24.575
-26.976
-20.965
-27.491
-22.201
-20.788
-29.711
-24.333
-24.058
-17.257
-26.431
-21.534
-22.558
-21.431
-20.31
-21.265
-26.572
-28.037
-26.573
-20.733
-24.128
-19.948
-26.192
-27.346
-24.464
-21.6
-24.263
-18.92
-23.413
-21.967
-26.742
-24.604
-25.244
-25.096
-26.491
-19.229
-21.433
-22.914
-18.249
-25.944
-20.894
-24.349
-22.298
-16.347
-24.019
-25.161
-22.708
-21.341
-19.418
-23.302
-21.703
-19.231
-22.115
-22.646
-23.138
-23.795
-21.723
-21.101
-24.6
-25.958
-22.722
-28.68
-23.79
-27.179
-25.882
-23.077
-11.62
-22.454
-24.463
-28.476
-25.404
-22.551
-24.642
-18.314
-0.142
-24.538
-18.574
-24.215
-19.212
-24.322
-23.234
-22.232
-23.705
-21.781
-20.556
-23.074
-26.685
-24.049
-19.714
-22.748
-24.377
-21.526
-24.836
-13.007
-23.569
-27.775
-25.76
-17.862
-19.329
-20.001
-24.537
-17.98
-16.126
-26.434
-22.015
-22.899
-19.635
-23.908
-28.259
-26.051
-24.073
-23.125
-21.206
-21.288
-23.321
-18.65
-16.939
-21.462
-25.86
-17.217
-21.343
-20.435
-26.239
-18.56
-20.51
-20.775
-19.214
-24.054
-22.977
-21.677
-20.422
-18.084
-22.702
-23.815
-20.965
-27.171
-22.729
-25.859
-19.795
-19.618
-20.082
-21.771
-23.55
-23.84
-17.377
-26.001
-17.528
-18.958
-22.951
-18.687
-6.595
-24.971
-23.025
-21.895
-20.04
-20.266
-27.058
-18.692
-24.875
-28.018
-26.433
-12.585
-21.562
-22.724
-17.621
-21.132
-19.922
-26.943
-20.087
-28.554
-22.449
-22.103
-21.677
-26.931
-20.131
-26.854
-21.532
-25.049
-27.484
-26.334
-25.681
-28.758
-22.599
-24.675
-27.399
-20.732
-21.034
-21.795
-19.278
-22.442
-21.324
-26.355
-20.897
-18.891
-19.389
-25.934
-26.82
-24.801
-26.202
-20.732
-25.049
-24.248
-25.664
-24.305
-23.192
-25.341
-22.071
-23.376
-22.349
-22.347
-19.134
-20.573
-24.331
-23.473
-23.069
-21.601
-17.319
-23.946
28.03
-26.821
-29.132
-18.467
-16.437
-15.432
-23.66
-15.857
-16.446
-24.39
-20.503
-17.444
-14.107
-26.098
-24.671
-24.893
-18.581
-20.986
-21.377
-21.489
-18.872
-25.048
-23.682
-17.728
-24.886
-18.783
-24.124
-25.513
-26.534
-27.622
-27.357
-26.436
-19.162
-22.384
-20.716
-23.541
-19.716
-19.34
-18.967
-20.155
-25.497
-11.301
-20.724
-19.268
-19.586
-22.527
-18.907
-19.17
-22.013
-26.207
-22.609
-22.472
-17.338
-22.951
-20.748
-24.403
-21.854
-15.195
-20.081
-18.147
22.937
-22.16
-21.563
-20.381
-18.969
-18.646
-24.384
-16.246
-17.449
-17.319
-17.416
-21.081
-18.973
-18.219
-19.048
-16.743
-22.661
-20.417
-10.641
-19.173
-20.671
-18.269
-16.262
-19.2
-20.798
-9.981
-19.933
-17.678
-20.373
-18.278
-13.573
-18.931
-22.134
-19.42
-16.426
-18.807
-16.489
-18.019
-18.612
-17.078
-17.908
-22.917
-18.425
-18.86
-14.271
-17.189
-15.183
-18.577
-18.287
-19.923
-17.359
-13.368
-22.248
-22.028
-18.944
-20.044
-17.71
-17.888
-19.519
-17.253
-18.296
-18.261
-15.376
-17.214
-19.13
-20.174
-23.846
-17.31
-15.087
-19.323
-22.646
-20.286
-19.985
-18.114
-23.296
-22.229
-14.375
-19.714
-18.037
-17.287
-24.663
-22.609
-18.771
-20.442
-20.556
-16.184
-17.442
-15.647
22.775
-16.066
-20.44
-18.854
-17.227
-12.474
-20.312
-18.776
-16.838
-17.94
-17.399
-20.319
-17.096
-19.066
-9.476
-12.095
-19.649
-19.358
-15.339
-16.341
-16.261
-18.396
-12.279
-15.443
-18.963
-17.204
-19.879
-18.87
-17.112
-18.996
-19.072
-16.09
-20.481
-10.883
-20.441
-16.299
-15.706
-13.658
-17.999
-14.652
-15.846
-14.711
-10.597
-14.791
-12.341
-11.984
-16.414
-16.158
-19.245
-17.475
-17.074
-14.531
-22.014
-17.765
-21.638
-19.399
-20.951
