-91.08
-96.69
-96.65
-96.11
-90.97
-103.97
-91.49
-98.1
-96.64
-94.1
-99.57
-96.39
-97.05
-105.71
-96.33
-100.34
-106.91
-97.92
-99.62
-86.89
-90.43
-94.68
-83.47
-85.34
-87.55
-80.93
-79.64
-85.42
-98.08
-88.82
-90.13
-89.52
-87.75
-91.58
-93.98
-96.31
-86.14
-83.91
-92.74
-100.01
-93.12
-90.6
-84.22
-86.48
-83.39
-86.83
-85.58
-89.8
-93.11
-100.36
-91.48
-93.04
-97.05
-103.6
-99.69
-107.66
-95.82
-100.56
-104.49
-102.03
-92.06
-97.07
-95.42
-98.22
-95.25
-99.33
-98.86
-98.97
-92.11
-101.65
-96.73
-87.53
-91.79
-96.38
-91.86
-98.2
-82.01
-82.31
-89.61
-85.73
-87.01
-98.29
-90.94
-82.7
-91.34
-85.16
-89.14
-86.77
-77.23
-80.77
-83.99
-78.6
-87.85
-87.57
-87.24
-94.63
-95.34
-91.25
-93.65
-91.05
-89.63
-81.38
-98.02
-84.62
-86.77
-91.12
-85.74
-84.96
-83.58
-87.3
-85.66
-88.62
-79.31
-74.28
-83.56
-78.44
-71.88
-86.82
-78.84
-70.81
-75.39
-69.38
-78.78
-78.15
-81.16
-91.36
-78.41
-90.3
-83.09
-77.32
-71.02
-73.49
-73.8
-66.57
-67.35
-65.83
-71.29
-80.04
-77.99
-79.34
-80.93
-74.81
-88.36
-82.3
-69.42
-72.87
-73.55
-84.28
-72.56
-69.9
-74.29
-73.76
-85.35
-87.09
-86.21
-82.51
-77.02
-86.38
-82.87
-78.87
-72.41
-76.71
-81.99
-87.59
-84.17
-79.47
-77.47
-92.34
-83.37
-80.42
-89.87
-81.46
-82.94
-89.19
-80.61
-82.99
-78.95
-79.89
-73.55
-83.6
-72.66
-87.93
-72.08
-84.86
-83.83
-72.62
-94.23
-87.34
-80.18
-78.07
-82.29
-70.64
-74.36
-77.18
-79.22
-68.05
-83.41
-75.06
-89.85
-70.21
-76.0
-77.04
-84.61
-76.93
-73.84
-85.99
-89.84
-80.56
-83.56
-82.95
-85.74
-82.03
-80.32
-91.83
-75.66
-85.58
-84.59
-92.28
-87.42
-86.36
-84.05
-88.71
-85.7
-86.77
-72.41
-80.45
-90.4
-78.7
-87.2
-75.91
-89.64
-75.6
-84.56
-80.05
-88.84
-73.1
-81.14
-79.18
-84.93
-80.93
-84.44
-84.08
-80.66
-83.25
-88.45
-88.07
-84.91
-80.35
-84.96
-84.57
-75.56
-90.76
-81.98
-94.37
-71.37
-89.62
-86.84
-77.23
-82.04
-85.1
-84.95
-84.53
-92.67
-82.89
-92.15
-84.92
-82.89
-83.83
-75.24
-90.38
-78.98
-78.63
-89.18
-91.08
-97.96
-99.52
-88.5
-96.03
-86.05
-85.6
-84.11
-84.2
-74.0
-87.71
-84.62
-79.48
-91.66
-90.58
-89.88
-90.18
-83.17
-82.59
-87.6
-79.32
-89.97
-92.07
-75.41
-82.58
-85.19
-87.67
-89.68
-82.81
-89.86
-86.59
-84.05
-81.59
-80.99
-85.1
-82.04
-76.95
-78.64
-85.91
-85.92
-88.15
-96.44
-83.32
-85.39
-96.62
-94.38
-81.72
-88.13
-88.58
-92.38
-79.87
-95.51
-82.63
-87.42
-88.67
-86.0
-79.1
-82.43
-97.82
-96.36
-91.25
-88.75
-83.68
-77.98
-77.42
-71.2
-88.44
-86.92
-87.33
-86.41
-86.27
-90.03
-90.22
-89.44
-75.31
-88.95
-80.91
-87.8
-88.81
-80.59
-69.45
-76.13
-74.47
-82.67
-70.11
-81.89
-84.03
-81.35
-81.65
-80.15
-62.4
-84.2
-81.14
-71.32
-80.1
-76.22
-82.22
-74.45
-76.24
-73.79
-78.09
-83.06
-85.45
-89.69
-82.12
-81.48
-87.75
-83.7
-75.69
-77.87
-79.87
-86.59
-76.57
-77.61
-81.88
-74.61
-77.67
-86.84
-82.25
-77.27
-70.12
-68.07
-75.3
-66.73
-78.4
-75.41
-74.35
-81.87
-79.63
-84.19
-79.39
-83.59
-79.76
-73.84
-72.22
-81.11
-77.73
-73.71
-76.28
-68.65
-73.59
-83.04
-70.79
-72.89
-74.47
-70.0
-74.78
-78.5
-85.68
-81.33
-90.18
-71.91
-90.28
-81.93
-78.79
-84.28
-79.59
-81.5
-91.91
-76.69
-81.94
-85.8
-83.45
-84.07
-85.36
-83.16
-88.22
-73.64
-73.56
-79.55
-67.06
-65.79
-73.28
-81.04
-74.66
-69.85
-65.56
-76.97
-70.11
-82.12
-73.04
-70.9
-78.18
-69.48
-71.49
-64.82
-72.08
-65.26
-77.93
-72.61
-72.53
-77.15
-70.97
-75.75
-73.61
-73.11
-73.67
-65.9
-78.84
-78.09
-74.73
-75.65
-75.79
-85.63
-84.18
-77.36
-74.48
-79.01
-82.54
-75.49
-80.86
-80.49
-72.15
-67.65
-65.14
-63.05
-58.05
-67.38
-72.55
-82.05
-77.28
-74.33
-67.33
-74.11
-63.55
-82.82
-81.81
-75.65
