-4.254
-1.713
-2.812
-5.148
-4.212
-1.4
-5.408
-10.029
-0.039
-4.04
-4.928
-1.192
-3.061
-2.039
-0.347
-3.297
-5.847
-5.186
-5.718
-2.673
-4.354
-5.892
-6.554
-7.079
-2.983
-4.488
-5.025
-5.769
-5.472
-2.554
-3.917
-4.926
-4.247
-3.389
-3.449
-3.489
-6.711
-0.958
-5.093
-2.841
-3.764
-4.127
-2.394
-1.678
-1.218
-4.197
-2.581
-0.535
-5.133
-3.571
-2.889
-5.19
-3.509
-9.628
-4.727
-6.311
-4.405
-4.836
-0.434
-1.586
-3.929
-3.254
1.327
-0.521
-2.936
-1.174
-1.499
-1.528
-3.723
-3.344
-1.918
-3.515
-1.48
-2.348
1.618
-1.962
0.096
-4.56
-4.566
-4.059
-2.185
-2.037
-1.45
-5.031
-1.934
-0.261
-2.519
-1.652
-2.698
-6.271
-2.132
-2.194
-1.904
0.536
-2.498
1.094
-2.982
2.059
-4.715
-1.959
-0.875
-4.417
-5.138
-0.838
-4.179
-2.209
-4.687
-1.929
1.239
-0.219
-4.842
-6.933
-4.892
-5.361
-6.378
-1.13
-3.491
-0.822
-2.182
-0.022
-1.879
-1.322
-7.403
-2.959
-0.958
-0.67
-1.832
-5.311
-1.847
-3.631
-1.676
-2.531
-6.217
-6.252
-4.135
-4.163
0.457
-2.487
-3.993
-3.139
-5.606
-4.225
-1.814
-0.585
-5.304
-5.688
-7.089
-5.016
-3.047
-6.582
-3.077
-3.967
-3.558
-5.623
-5.971
-4.631
-4.207
-5.253
-4.729
-3.583
-2.72
-5.953
-3.235
-3.657
-8.346
-5.532
-6.194
-2.549
-6.655
-1.868
-6.202
-4.116
-5.987
-6.449
-6.337
-5.535
-0.402
-5.578
-1.372
-6.703
-4.315
-3.912
-0.573
-5.899
-5.88
2.271
-1.778
-7.317
-2.074
-1.905
-3.819
-2.962
-8.302
-4.116
-6.087
-5.591
-5.395
-3.545
-4.225
-4.033
-1.134
-3.191
-7.928
-3.383
-4.685
-3.496
-7.364
-5.15
-6.21
-3.415
-6.059
-4.171
-4.921
-5.048
-4.372
-6.004
-3.499
-5.399
-5.057
-8.276
-5.065
-0.198
-5.241
-6.935
-5.562
-3.357
-4.633
-3.409
-7.959
-6.027
-6.661
-5.941
-5.352
-6.644
-6.091
0.24
-6.896
-4.495
-3.369
-5.685
-3.51
-5.304
-4.25
-6.527
-4.64
-3.948
-3.759
-2.856
-2.854
-4.76
-3.335
-6.244
-4.486
-6.603
-4.632
-6.115
-6.048
-8.371
-7.185
-4.437
-5.447
-3.758
-3.628
-3.828
-3.29
-4.737
-6.079
-7.317
-9.169
-6.698
-6.111
-6.225
-9.42
-3.487
-4.499
-6.023
-7.133
-6.072
-6.83
-5.269
-3.669
-7.675
-5.62
-4.891
-6.848
-3.469
-3.215
-7.148
-6.938
-5.508
-4.064
-3.158
-4.438
-3.075
-5.902
-8.093
-3.5
-7.555
-5.223
-5.367
-8.797
-9.267
-6.755
-3.299
-5.23
-2.351
-5.486
-6.667
-6.631
-4.199
-4.563
-2.575
-4.115
-6.466
-7.941
-5.286
-5.6
-7.984
-4.23
-3.549
-3.325
-3.475
-5.493
-5.676
-6.8
-4.697
-3.389
-1.975
-4.031
-5.785
-7.628
-6.104
-7.335
-4.404
-4.528
-6.63
-2.976
-5.695
-3.905
-6.147
-8.244
-7.036
-3.726
-4.168
-8.297
-3.579
-5.007
-7.755
-5.552
-6.567
-3.996
-5.95
-1.758
-4.816
-7.699
-6.107
-7.862
-7.928
-7.945
-7.013
-6.266
-5.966
-4.92
-6.041
-7.778
-5.749
-7.853
-6.355
-6.976
-8.271
-6.385
-5.57
-4.895
-3.611
-4.887
-7.418
-0.514
-0.76
-3.195
-5.205
-3.628
-1.622
-6.159
-0.49
-4.927
-3.223
-3.76
-3.216
-2.319
-6.19
-2.618
-2.299
-3.886
-3.56
-2.553
-4.156
-3.593
-4.616
-4.314
-4.262
-5.889
-5.851
-4.518
-3.888
-4.887
-4.566
-5.16
-3.149
-5.506
-4.392
-6.358
-7.045
-4.039
-4.238
-6.721
-6.473
-4.51
-3.118
-3.22
-5.757
-5.649
-5.725
-5.636
-4.404
-3.833
-5.404
-4.744
-5.433
-6.206
-4.923
-4.589
-5.553
-6.196
-4.663
-5.478
-5.093
-5.352
-5.406
-6.594
-6.356
-4.953
-4.253
-4.675
-4.084
-3.341
-5.574
-2.841
-2.608
-4.453
-4.077
-3.383
-2.421
-2.838
-3.745
-6.029
-5.073
-5.669
-5.207
-6.782
-5.815
-5.384
-6.024
-9.208
-6.293
-6.83
-5.622
-5.426
-5.065
-6.614
-5.696
-4.759
-4.486
-0.519
-3.241
-5.902
-4.525
-4.93
-2.43
-7.246
-7.116
-5.938
-6.788
-5.458
-8.215
-6.875
-4.847
-4.127
-2.207
-3.423
-4.629
-4.815
-6.722
-8.609
-6.31
-6.166
-4.379
-3.7
-5.82
-6.121
-3.985
-4.515
