-2.45
-2.034
-2.116
-2.059
-1.807
-2.722
-2.484
-2.08
-1.926
-2.028
-2.325
-1.753
-2.443
-2.544
-1.923
-2.132
-2.393
-1.336
-1.824
-2.159
-1.609
-2.303
-1.92
-2.073
-2.079
-2.119
-1.938
-1.878
-1.268
-1.695
-1.932
-1.79
-2.038
-1.964
-2.096
-1.603
-1.905
-1.706
-2.099
-1.822
-2.245
-1.911
-2.405
-1.644
-1.767
-1.874
-1.644
-2.765
-2.022
-2.548
-2.19
-1.917
-1.78
-2.139
-2.558
-2.273
-2.438
-2.008
-1.928
-2.401
-2.333
-1.96
-2.097
-2.048
-2.003
-2.334
-2.013
-2.501
-2.08
-2.925
-2.497
-2.62
-2.152
-2.388
-1.988
-1.803
-2.008
-2.428
-1.89
-2.409
-2.228
-2.176
-2.471
-2.573
-2.072
-2.785
-2.36
-2.1
-1.27
-2.328
-2.381
-2.095
-2.335
-1.699
-1.967
-2.066
-1.669
-1.558
-2.438
-1.819
-2.034
-2.081
-2.048
-1.805
-2.208
-1.699
-1.771
-2.092
-2.066
-1.924
-1.799
-2.061
-1.903
-2.193
-1.665
-2.297
-2.106
-2.426
-2.445
-1.8
-2.059
-1.827
-2.345
-2.058
-1.374
-1.952
-1.647
-2.441
-1.933
-1.892
-1.663
-2.026
-1.607
-1.856
-2.041
-1.457
-1.03
-1.941
-1.931
-2.269
-1.505
-2.313
-1.916
-2.269
-2.233
-2.244
-2.344
-2.048
-1.929
-1.453
-1.607
-1.994
-2.494
-1.665
-1.754
-2.121
-1.916
-1.58
-2.317
-2.001
-2.166
-2.096
-1.553
-1.954
-2.506
-1.835
-1.708
-2.206
-2.144
-2.208
-2.64
-1.861
-2.097
-2.55
-2.505
-2.671
-1.836
-2.322
-1.909
-2.224
-1.859
-2.519
-2.125
-1.906
-2.234
-1.569
-2.054
-2.73
-1.693
-2.088
-2.367
-2.067
-1.72
-2.075
-2.038
-1.725
-2.208
-1.609
-2.127
-1.289
-1.646
-1.674
-1.589
-1.836
-2.023
-2.432
-2.131
-1.677
-1.83
-1.821
-2.163
-1.894
-1.208
-1.824
-2.219
-1.929
-1.704
-1.839
-2.118
-2.016
-2.171
-2.336
-1.403
-2.082
-1.197
-1.862
-1.995
-1.661
-2.273
-1.847
-1.891
-2.121
-2.391
-2.068
-2.207
-1.701
-1.771
-2.041
-1.664
-1.688
-1.36
-0.968
-1.772
-1.716
-1.892
-1.952
-2.05
-1.975
-1.259
-2.165
-2.014
-2.19
-1.665
-2.488
-0.967
-2.065
-1.324
-1.113
-2.315
-2.049
-1.992
-1.748
-2.024
-1.976
-2.105
-2.03
-1.182
-1.605
-1.737
-1.689
-1.266
-1.712
-2.287
-1.529
-1.58
-1.784
-1.669
-1.756
-1.827
-1.936
-2.126
-1.641
-1.256
-1.963
-1.675
-1.973
-1.495
-2.379
-1.619
-1.234
-1.48
-1.79
-1.528
-1.638
-1.637
-1.73
-2.08
-2.016
-1.453
-1.866
-2.455
-2.44
-1.734
-2.26
-2.546
-1.81
-1.888
-1.475
-1.459
-1.273
-1.964
-1.87
-1.744
-2.049
-2.072
-2.096
-0.897
-2.432
-2.1
-1.97
-1.58
-2.068
-2.107
-2.16
-2.097
-2.21
-2.212
-1.979
-2.123
-1.871
-1.534
-1.84
-2.136
-1.843
-2.132
-0.886
-1.274
-1.079
-2.157
-2.008
-1.631
-2.012
-2.032
-2.0
-1.678
-1.268
-2.291
-1.642
-1.903
-1.759
-1.449
-1.761
-1.88
-1.345
-1.676
-2.012
-1.953
-2.075
-1.736
-1.421
-1.946
-2.203
-1.715
-1.733
-1.626
-1.503
-1.63
-1.592
-1.717
-1.606
-1.541
-1.471
-2.066
-1.701
-2.197
-1.801
-1.576
-2.148
-1.669
-1.444
-1.579
-1.193
-1.722
-1.886
-1.694
-1.248
-0.919
-1.399
-1.617
-1.589
-1.299
-1.189
-1.495
-1.719
-1.693
-1.336
-1.07
-2.081
-1.348
-1.589
-1.422
-1.521
-1.558
-1.697
-1.31
-1.622
-1.696
-1.407
-1.938
-2.065
-2.015
-1.526
-1.932
-1.784
-1.642
-1.748
-1.616
-0.955
-1.227
-1.233
-1.292
-1.623
-1.776
-0.854
-1.065
-1.681
-1.595
-1.394
-0.624
-1.6
-2.25
-1.982
-1.957
-1.796
-1.083
-1.32
-1.249
-1.881
-1.654
-1.634
-1.411
-1.004
-1.11
-1.099
-1.649
-2.097
-1.858
-1.518
-1.424
-1.233
-1.569
-1.758
-0.817
-1.872
-2.016
-1.28
-1.945
-2.117
-0.942
-1.516
-0.837
-1.042
-1.963
-0.468
-1.765
-1.268
-1.423
-1.431
-1.455
-0.908
-1.427
-1.708
-1.023
-1.753
-1.813
-1.454
-1.715
-1.305
-1.617
-1.109
-1.559
-1.784
-1.503
-1.759
-1.753
-1.768
-1.207
-1.064
-1.419
-1.125
-0.947
-1.756
-2.055
-1.785
-1.546
-0.95
-1.338
-1.505
-1.997
-1.427
-1.989
