-675.688
-703.19
-752.231
-707.486
-688.584
-730.495
-728.298
-729.891
-663.517
-707.791
-660.851
-627.302
-703.447
-749.768
-685.086
-719.462
-704.58
-689.639
-735.119
-647.09
-669.631
-677.782
-694.921
-655.104
-609.891
-656.543
-693.103
-680.643
-700.883
-680.381
-642.449
-642.702
-661.044
-684.111
-658.803
-680.813
-685.319
-656.453
-652.734
-698.658
-664.919
-597.742
-642.613
-556.226
-563.174
-542.754
-534.164
-597.143
-632.722
-623.112
-663.735
-652.659
-734.323
-674.687
-696.833
-702.892
-730.36
-732.905
-713.168
-718.298
-721.156
-696.946
-688.969
-664.294
-698.949
-624.867
-627.309
-705.294
-689.736
-645.725
-623.265
-702.985
-683.111
-689.052
-642.4
-663.826
-632.777
-648.648
-582.921
-610.312
-571.13
-598.402
-579.482
-613.675
-593.848
-554.441
-624.153
-528.872
-595.453
-535.086
-651.769
-568.678
-516.388
-545.273
-621.607
-630.79
-660.645
-570.319
-612.449
-592.591
-567.236
-541.657
-582.062
-568.701
-499.182
-531.511
-531.11
-544.238
-565.041
-585.047
-603.503
-612.204
-549.217
-520.453
-566.686
-566.18
-461.478
-529.271
-427.412
-532.523
-440.294
-471.078
-512.043
-450.846
-536.801
-542.626
-575.209
-483.379
-443.761
-428.575
-465.37
-425.37
-477.005
-431.395
-460.74
-487.746
-477.724
-473.898
-528.208
-545.038
-493.409
-512.882
-547.204
-474.718
-432.867
-461.795
-498.177
-535.367
-476.733
-438.448
-451.493
-416.85
-439.269
-479.326
-407.843
-450.974
-432.415
-573.019
-443.122
-460.206
-430.933
-447.04
-413.235
-443.242
-431.769
-380.665
-459.293
-518.378
-531.783
-554.311
-536.643
-472.862
-560.261
-505.306
-501.928
-551.186
-480.323
-560.343
-504.077
-470.436
-515.654
-436.176
-471.889
-449.571
-423.23
-490.543
-525.613
-512.695
-460.529
-381.044
-417.658
-444.874
-479.476
-424.236
-415.428
-416.707
-515.139
-482.1
-520.441
-420.403
-492.037
-445.216
-508.173
-465.443
-470.011
-455.581
-490.674
-533.535
-472.271
-540.508
-529.048
-559.882
-526.192
-538.439
-563.264
-567.677
-554.067
-561.644
-580.053
-520.376
-576.988
-594.952
-501.953
-550.115
-506.765
-516.319
-530.326
-623.608
-501.592
-527.78
-582.737
-564.731
-479.095
-546.46
-546.922
-488.343
-448.908
-476.338
-546.379
-513.76
-521.996
-546.334
-499.411
-476.038
-529.841
-490.797
-529.639
-520.914
-535.698
-555.72
-508.523
-609.283
-648.149
-492.822
-413.24
-535.604
-461.226
-442.647
-505.233
-531.641
-472.843
-471.336
-562.134
-515.393
-619.331
-506.208
-516.852
-511.175
-473.827
-574.214
-479.877
-413.138
-535.432
-572.553
-581.096
-536.3
-519.058
-612.497
-523.879
-534.595
-500.843
-503.67
-489.872
-483.791
-527.478
-480.338
-514.733
-580.369
-493.765
-570.562
-534.472
-551.578
-472.988
-499.293
-617.931
-571.042
-540.505
-511.169
-567.977
-548.921
-552.236
-516.112
-520.931
-488.801
-450.816
-570.594
-570.508
-509.704
-449.237
-473.926
-523.257
-511.958
-454.337
-447.138
-535.807
-510.731
-480.541
-664.063
-601.149
-604.673
-586.83
-602.531
-609.643
-609.297
-582.413
-622.058
-575.174
-508.51
-505.783
-534.995
-529.58
-573.487
-529.769
-490.774
-466.785
-493.949
-465.421
-506.33
-550.304
-531.36
-569.559
-540.113
-561.148
-531.728
-589.725
-579.631
-565.235
-552.688
-570.343
-550.854
-549.044
-606.529
-578.328
-407.09
-541.614
-499.519
-590.122
-519.056
-507.092
-527.413
-514.696
-531.171
-505.121
-444.087
-460.434
-488.941
-534.172
-531.53
-493.237
-502.118
-547.818
-540.741
-507.958
-551.307
-540.717
-537.245
-551.62
-551.182
-497.91
-505.076
-496.993
-503.045
-495.276
-520.462
-505.669
-490.461
-474.648
-515.654
-494.574
-524.693
-551.236
-539.553
-464.672
-470.09
-456.279
-490.749
-446.543
-505.326
-508.188
-503.112
-512.819
-444.235
-458.021
-475.543
-429.147
-433.009
-514.629
-414.804
-439.067
-490.264
-490.665
-507.606
-428.459
-463.145
-501.532
-446.187
-496.618
-418.533
-452.778
-469.429
-533.132
-557.106
-588.93
-636.593
-590.294
-603.924
-551.402
-520.902
-531.827
-508.563
-511.633
-490.58
-539.837
-516.751
-477.376
-474.858
-470.847
-490.064
-480.957
-491.697
-504.187
-450.401
-519.7
-446.678
-460.988
-409.255
-400.462
-448.435
-467.345
-425.367
-475.728
-449.891
-458.562
-440.922
-524.47
-511.904
-523.143
-448.096
-433.937
-439.648
-414.315
-453.346
-411.398
-387.927
-394.359
-431.851
-401.299
-393.958
-422.24
-433.794
-406.625
-404.558
-405.934
-379.553
-421.276
-424.842
-455.142
-436.203
-411.959
-420.376
-389.396
-438.149
-441.134
-410.668
-408.185
-368.141
-402.329
-363.888
-345.577
-349.257
-350.187
-418.677
-398.203
-403.194
-434.693
-405.343
-420.047
-429.518
-446.97
-418.903
-441.786
