-691.866
-670.1
-723.299
-633.602
-679.541
-739.206
-721.633
-730.811
-693.922
-694.849
-689.503
-660.408
-721.777
-707.382
-684.027
-680.625
-660.468
-656.914
-700.707
-618.194
-645.954
-637.876
-682.275
-643.211
-629.072
-599.298
-656.502
-628.198
-691.273
-653.638
-699.075
-689.741
-659.766
-671.207
-672.648
-689.302
-679.497
-665.696
-650.782
-654.9
-647.772
-671.174
-644.649
-634.638
-630.811
-587.432
-576.237
-623.578
-674.279
-685.4
-695.738
-693.72
-755.263
-669.566
-720.027
-657.974
-697.696
-714.24
-697.444
-718.936
-715.886
-710.44
-700.141
-685.958
-676.961
-690.233
-656.128
-704.38
-663.736
-637.573
-669.823
-690.88
-700.628
-675.69
-682.325
-656.256
-678.073
-682.572
-617.501
-615.942
-608.068
-596.926
-611.513
-646.901
-618.234
-614.631
-642.762
-614.224
-648.413
-596.062
-667.875
-650.174
-594.119
-621.129
-676.607
-625.359
-710.133
-580.313
-604.913
-619.725
-593.253
-615.601
-611.84
-604.192
-590.93
-577.936
-582.456
-608.028
-583.072
-587.963
-571.968
-623.823
-582.582
-583.421
-635.784
-626.017
-527.973
-561.697
-517.283
-605.268
-539.713
-564.756
-544.555
-552.503
-601.264
-591.543
-611.332
-585.85
-571.964
-552.195
-559.377
-591.15
-551.933
-532.387
-557.656
-537.406
-558.783
-553.639
-561.639
-582.834
-599.47
-602.435
-575.44
-588.033
-520.692
-538.707
-572.374
-553.418
-516.451
-523.221
-568.148
-530.641
-570.183
-575.129
-562.786
-580.81
-555.674
-598.321
-527.78
-559.066
-559.467
-543.056
-574.438
-549.067
-595.182
-513.901
-572.972
-582.157
-585.073
-591.713
-615.755
-574.22
-632.829
-605.131
-634.197
-613.576
-589.917
-652.879
-592.437
-568.663
-615.159
-585.419
-552.039
-576.06
-596.932
-576.435
-573.514
-624.611
-583.718
-550.383
-577.986
-583.564
-561.728
-566.664
-547.456
-533.15
-594.857
-576.401
-616.386
-602.206
-559.471
-562.287
-629.943
-595.389
-587.995
-578.913
-574.047
-631.192
-588.659
-588.755
-589.49
-632.608
-589.48
-574.998
-582.083
-591.034
-610.51
-630.822
-634.54
-550.192
-617.265
-618.02
-585.905
-616.681
-576.529
-583.822
-632.465
-651.516
-617.796
-637.549
-639.51
-629.364
-590.981
-604.797
-608.753
-577.352
-562.563
-557.119
-624.274
-613.454
-636.747
-640.298
-631.343
-589.123
-629.123
-633.727
-639.227
-620.346
-635.96
-638.34
-633.727
-676.63
-679.966
-569.141
-539.997
-608.295
-609.35
-590.513
-622.84
-602.939
-575.875
-552.841
-640.992
-633.534
-671.073
-663.359
-633.795
-605.22
-598.606
-627.675
-576.56
-510.55
-620.29
-690.392
-632.637
-656.699
-644.007
-653.61
-607.886
-613.928
-606.738
-609.865
-563.321
-610.661
-657.184
-616.64
-626.563
-648.676
-628.733
-686.124
-650.817
-600.592
-587.687
-621.868
-676.451
-664.433
-653.873
-653.29
-644.035
-653.008
-653.846
-605.155
-601.997
-608.694
-603.288
-655.535
-686.074
-605.051
-549.785
-605.767
-663.126
-613.141
-558.546
-565.035
-657.244
-622.462
-621.77
-710.457
-687.668
-684.649
-639.814
-663.82
-674.498
-692.837
-642.648
-676.848
-666.556
-604.039
-646.442
-623.809
-638.287
-637.867
-624.864
-630.321
-620.642
-626.753
-598.431
-624.394
-617.489
-622.58
-687.349
-654.218
-643.073
-667.929
-645.222
-658.229
-657.276
-665.149
-684.961
-622.153
-633.948
-665.325
-655.109
-562.221
-624.899
-631.6
-671.423
-609.948
-622.074
-636.435
-591.186
-620.111
-570.491
-603.959
-599.136
-573.246
-612.718
-604.37
-561.943
-638.296
-582.669
-609.483
-590.873
-545.765
-616.457
-576.975
-564.036
-627.331
-582.917
-582.862
-579.608
-612.804
-578.306
-604.992
-599.945
-599.726
-587.061
-598.099
-573.327
-595.893
-624.257
-611.111
-575.036
-556.542
-521.71
-562.523
-553.299
-571.296
-570.392
-571.241
-595.119
-531.946
-568.558
-584.553
-546.49
-572.002
-600.335
-508.749
-543.238
-588.422
-560.917
-568.239
-550.923
-553.165
-559.556
-526.34
-570.097
-536.883
-526.501
-577.407
-612.858
-625.405
-641.582
-656.061
-647.56
-601.672
-655.865
-629.846
-616.02
-630.544
-577.934
-575.937
-609.936
-593.617
-540.134
-592.448
-551.346
-568.99
-586.103
-588.496
-590.583
-578.198
-642.792
-577.956
-575.85
-552.902
-514.289
-572.121
-526.227
-524.189
-561.015
-591.099
-565.924
-515.5
-608.497
-571.485
-601.371
-542.817
-565.765
-564.251
-555.292
-579.306
-560.842
-562.361
-567.729
-564.648
-542.691
-549.716
-550.147
-525.215
-558.561
-558.474
-538.877
-535.932
-561.371
-570.766
-594.907
-561.986
-570.808
-565.825
-538.136
-556.953
-566.717
-559.589
-548.779
-512.102
-533.41
-522.764
-513.354
-514.134
-502.279
-530.208
-521.001
-523.769
-559.887
-523.351
-531.735
-525.173
-560.272
-603.647
-550.55
