-82.89
-84.61
-80.31
-80.64
-83.49
-80.72
-86.16
-85.04
-71.0
-87.44
-73.09
-73.96
-77.73
-83.04
-67.5
-84.14
-85.83
-90.49
-79.29
-84.73
-83.8
-80.09
-82.68
-79.0
-90.73
-78.98
-88.12
-86.87
-83.01
-81.43
-87.55
-82.65
-86.94
-78.39
-72.29
-77.61
-82.13
-77.09
-73.05
-77.29
-79.73
-81.3
-78.58
-87.44
-82.79
-77.92
-79.01
-80.12
-80.0
-75.49
-74.71
-69.51
-66.56
-65.89
-69.04
-78.4
-72.79
-76.83
-70.83
-76.08
-70.6
-65.81
-66.06
-67.34
-67.05
-76.46
-77.89
-85.51
-81.4
-73.05
-75.97
-75.98
-70.97
-73.82
-70.35
-71.06
-68.97
-87.39
-76.02
-76.42
-76.72
-79.73
-76.22
-77.67
-72.6
-74.87
-74.99
-70.8
-74.94
-73.2
-70.86
-69.16
-65.95
-72.05
-77.12
-72.09
-67.01
-75.74
-69.8
-80.17
-74.88
-74.95
-68.4
-76.34
-75.27
-75.94
-68.88
-62.37
-68.99
-77.54
-74.86
-69.03
-77.35
-72.25
-68.19
-72.16
-71.73
-72.32
-66.92
-68.34
-67.84
-67.11
-75.61
-74.26
-73.3
-74.27
-67.72
-72.47
-78.45
-70.62
-78.12
-68.97
-74.78
-73.89
-64.4
-74.25
-66.56
-73.02
-82.11
-80.05
-77.77
-80.65
-77.73
-87.82
-83.22
-81.1
-84.18
-87.75
-76.32
-79.26
-69.66
-81.1
-90.64
-84.35
-84.95
-90.76
-88.47
-94.24
-86.33
-77.42
-86.69
-80.07
-81.39
-82.51
-83.36
-81.38
-94.22
-81.98
-74.72
-93.52
-73.87
-69.76
-85.17
-87.75
-84.74
-92.09
-96.16
-92.35
-90.07
-92.4
-81.15
-74.06
-83.39
-57.62
-87.4
-77.22
-87.42
-87.04
-87.46
-99.56
-84.39
-73.87
-81.82
-72.78
-75.51
-72.34
-64.66
-68.25
-73.86
-63.11
-81.68
-79.97
-75.43
-74.97
-77.56
-70.56
-72.73
-73.07
-77.25
-72.25
-77.47
-78.82
-72.33
-75.26
-81.09
-74.87
-76.47
-69.38
-71.71
-70.73
-77.66
-63.21
-65.62
-82.93
-73.61
-72.58
-82.34
-78.24
-74.67
-68.47
-71.99
-78.66
-75.07
-76.4
-63.64
-72.25
-73.38
-67.55
-68.88
-68.41
-68.98
-63.54
-70.91
-67.25
-71.19
-59.56
-65.77
-69.28
-67.49
-65.78
-61.72
-61.83
-65.9
-65.8
-71.13
-66.06
-68.9
-71.98
-84.38
-85.08
-84.76
-79.78
-76.74
-81.13
-81.31
-79.27
-81.8
-72.36
-77.67
-67.92
-82.34
-82.33
-78.0
-71.09
-76.93
-76.55
-70.54
-74.17
-76.66
-74.63
-66.55
-66.67
-71.03
-73.89
-82.23
-72.71
-65.04
-66.53
-67.94
-67.72
-67.99
-66.26
-70.18
-72.41
-69.9
-69.19
-58.11
-65.37
-69.52
-64.43
-65.83
-64.22
-69.16
-66.43
-66.58
-62.73
-56.55
-58.96
-65.65
-63.88
-68.32
-68.43
-65.49
-69.15
-64.78
-62.43
-61.44
-59.33
-65.76
-68.28
-65.33
-73.12
-64.35
-65.34
-65.94
-71.53
-64.19
-78.24
-69.71
-68.45
-73.65
-68.11
-74.16
-62.6
-65.95
-66.36
-68.51
-64.41
-66.6
-62.89
-68.04
-54.38
-55.5
-52.4
-54.76
-50.56
-63.24
-51.31
-62.15
-65.79
-63.18
-65.47
-57.76
-56.98
-55.15
-54.74
-51.5
-58.62
-63.15
-57.36
-59.13
-62.82
-62.18
-63.59
-65.5
-58.62
-65.42
-67.19
-59.51
-61.92
-55.21
-62.97
-49.12
-65.25
-61.24
-59.65
-56.78
-58.89
-59.29
-60.82
-56.85
-60.66
-57.33
-56.58
-49.49
-54.82
-57.01
-56.87
-59.63
-55.59
-48.64
-57.81
-59.54
-58.49
-61.89
-56.0
-62.39
-58.24
-60.26
-54.84
-64.55
-51.93
-59.14
-64.04
-58.15
-55.01
-59.74
-54.08
-61.52
-63.46
-56.77
-65.13
-65.86
-66.56
-61.68
-58.48
-63.83
-54.64
-52.45
-57.29
-53.36
-54.21
-59.18
-57.83
-64.09
-55.94
-59.92
-63.34
-62.76
-62.3
-62.37
-61.93
-60.16
-59.37
-56.69
-58.71
-56.83
-58.06
-61.33
-70.89
-67.28
-59.88
-61.47
-58.62
-53.7
-58.85
-59.37
-57.53
-61.65
-62.04
-59.15
-56.97
-58.98
-56.16
-55.0
-57.02
-54.57
-58.04
-65.57
-58.04
-61.19
-57.77
-61.56
-63.18
-69.32
-66.52
-59.65
-65.53
-69.81
-68.63
-62.79
-65.11
-75.21
-74.44
-65.6
-75.06
-62.65
-62.61
-62.4
-74.29
-70.47
-69.01
-67.63
-65.93
-68.74
-63.8
-66.01
-65.86
-63.72
-62.43
-64.87
-69.19
-68.61
-65.54
-66.82
-62.4
-62.02
-61.79
-58.35
-64.03
-62.79
