-0.359
-0.247
-0.252
-0.331
-0.291
-0.272
-0.197
-0.196
-0.345
-0.349
-0.408
-0.173
-0.384
-0.261
-0.23
-0.32
-0.314
-0.288
-0.256
-0.28
-0.283
-0.231
-0.257
-0.347
-0.324
-0.325
-0.208
-0.207
-0.243
-0.235
-0.259
-0.379
-0.23
-0.162
-0.248
-0.136
-0.172
-0.208
-0.174
-0.244
-0.214
-0.245
-0.267
-0.309
-0.184
-0.154
-0.291
-0.324
-0.248
-0.275
-0.265
-0.253
-0.19
-0.22
-0.236
-0.198
-0.203
-0.274
-0.187
-0.136
-0.29
-0.286
-0.21
-0.1
-0.058
-0.292
-0.311
-0.358
-0.307
-0.204
-0.345
-0.228
-0.296
-0.318
-0.239
-0.278
-0.161
-0.42
-0.286
-0.367
-0.26
-0.386
-0.351
-0.261
-0.315
-0.322
-0.315
-0.247
-0.222
-0.221
-0.322
-0.335
-0.276
-0.405
-0.319
-0.147
-0.322
-0.294
-0.247
-0.322
-0.38
-0.278
-0.267
-0.364
-0.226
-0.252
-0.32
-0.291
-0.302
-0.351
-0.227
-0.353
-0.284
-0.198
-0.291
-0.197
-0.262
-0.289
-0.325
-0.224
-0.383
-0.28
-0.37
-0.318
-0.251
-0.183
-0.301
-0.31
-0.169
-0.244
-0.313
-0.227
-0.195
-0.297
-0.112
-0.338
-0.269
-0.177
-0.275
-0.192
-0.271
-0.353
-0.149
-0.279
-0.338
-0.342
-0.299
-0.344
-0.247
-0.266
-0.363
-0.272
-0.276
-0.317
-0.288
-0.263
-0.246
-0.313
-0.292
-0.342
-0.291
-0.278
-0.37
-0.293
-0.18
-0.173
-0.275
-0.153
-0.177
-0.318
-0.149
-0.231
-0.269
-0.303
-0.238
-0.293
-0.253
-0.19
-0.213
-0.253
-0.336
-0.368
-0.311
-0.095
-0.264
-0.278
-0.347
-0.262
-0.373
-0.27
-0.217
-0.274
-0.38
-0.194
-0.176
-0.357
-0.248
-0.29
-0.3
-0.242
-0.275
-0.291
-0.298
-0.238
-0.297
-0.313
-0.166
-0.308
-0.24
-0.176
-0.187
-0.32
-0.188
-0.281
-0.256
-0.257
-0.33
-0.286
-0.257
-0.364
-0.14
-0.227
-0.196
-0.224
-0.359
-0.306
-0.25
-0.271
-0.312
-0.276
-0.371
-0.315
-0.35
-0.333
-0.334
-0.326
-0.268
-0.194
-0.267
-0.152
-0.348
-0.198
-0.237
-0.272
-0.295
-0.272
-0.223
-0.24
-0.256
-0.251
-0.303
-0.298
-0.264
-0.239
-0.325
-0.353
-0.314
-0.394
-0.427
-0.326
-0.242
-0.32
-0.316
-0.353
-0.321
-0.329
-0.098
-0.219
-0.222
-0.261
-0.385
-0.362
-0.317
-0.246
-0.316
-0.234
-0.239
-0.205
-0.38
-0.299
-0.18
-0.198
-0.295
-0.17
-0.23
-0.317
-0.15
-0.22
-0.394
-0.273
-0.33
-0.221
-0.284
-0.26
-0.284
-0.207
-0.258
-0.335
-0.259
-0.183
-0.275
-0.269
-0.266
-0.31
-0.269
-0.276
-0.232
-0.234
-0.353
-0.347
-0.263
-0.293
-0.281
-0.321
-0.214
-0.285
-0.265
-0.231
-0.171
-0.296
-0.305
-0.248
-0.315
-0.358
-0.209
-0.319
-0.12
-0.309
-0.25
-0.332
-0.182
-0.15
-0.318
-0.239
-0.24
-0.376
-0.336
-0.324
-0.407
-0.296
-0.284
-0.244
-0.35
-0.271
-0.254
-0.183
-0.214
-0.272
-0.263
-0.306
-0.243
-0.289
-0.352
-0.175
-0.272
-0.291
-0.273
-0.32
-0.265
-0.291
-0.304
-0.206
-0.231
-0.218
-0.177
-0.286
-0.302
-0.273
-0.192
-0.289
-0.247
-0.213
-0.198
-0.335
-0.27
-0.27
-0.279
-0.238
-0.24
-0.246
-0.211
-0.128
-0.061
-0.163
-0.222
-0.196
-0.228
-0.161
-0.194
-0.217
-0.11
-0.19
-0.117
-0.16
-0.164
-0.178
-0.257
-0.161
-0.162
-0.184
-0.201
-0.121
-0.116
-0.235
-0.203
-0.237
-0.111
-0.182
-0.265
-0.201
-0.293
-0.159
-0.19
-0.315
-0.248
-0.163
-0.102
-0.163
-0.152
-0.203
-0.323
-0.315
-0.218
-0.202
-0.291
-0.256
-0.116
-0.231
-0.292
-0.166
-0.316
-0.303
-0.299
-0.203
-0.152
-0.134
-0.145
-0.279
-0.36
-0.16
-0.178
-0.272
-0.167
-0.089
-0.247
-0.208
-0.185
-0.258
-0.135
-0.261
-0.201
-0.182
-0.088
-0.202
-0.228
-0.275
-0.117
-0.212
-0.277
-0.271
-0.187
-0.303
-0.211
-0.329
-0.269
-0.261
-0.224
-0.111
-0.316
-0.21
-0.262
-0.244
-0.213
-0.282
-0.144
-0.212
-0.28
-0.226
-0.265
-0.154
-0.227
-0.227
-0.1
-0.125
-0.169
-0.183
-0.14
-0.188
-0.208
-0.164
-0.184
-0.283
-0.23
-0.01
-0.112
-0.088
-0.122
-0.072
-0.199
-0.159
-0.307
