-548.084
-538.122
-542.306
-539.97
-543.053
-528.948
-524.686
-543.027
-509.693
-514.354
-510.869
-490.364
-545.133
-490.915
-475.489
-524.475
-500.978
-576.36
-525.266
-484.506
-500.536
-479.533
-468.822
-502.387
-515.87
-516.332
-525.273
-524.301
-506.963
-530.563
-503.239
-562.48
-576.572
-494.511
-475.317
-529.684
-514.039
-470.589
-498.349
-490.132
-490.186
-515.862
-502.13
-511.635
-473.473
-458.847
-510.104
-519.976
-502.099
-484.193
-493.673
-388.054
-396.626
-409.114
-439.645
-457.038
-407.959
-429.104
-438.66
-440.027
-437.171
-443.656
-429.254
-452.765
-428.398
-475.71
-520.304
-510.468
-504.22
-489.534
-479.707
-499.289
-473.864
-505.285
-511.588
-508.711
-503.808
-557.575
-491.512
-517.576
-478.198
-466.842
-476.084
-503.716
-498.214
-531.195
-530.357
-461.894
-462.34
-499.101
-559.056
-539.481
-494.042
-534.859
-540.884
-518.635
-509.044
-491.641
-543.168
-530.573
-511.688
-540.245
-509.765
-539.26
-509.591
-494.783
-504.148
-505.527
-510.843
-479.471
-499.5
-492.817
-496.569
-443.965
-477.485
-509.004
-530.583
-521.258
-457.272
-504.293
-548.246
-533.369
-513.884
-473.385
-442.358
-492.03
-486.575
-496.868
-454.9
-471.211
-528.198
-513.9
-473.499
-471.884
-482.052
-459.1
-467.198
-523.348
-537.408
-547.542
-527.908
-569.11
-545.129
-575.993
-575.548
-539.582
-562.034
-580.516
-525.467
-556.437
-482.273
-522.745
-523.15
-528.074
-602.681
-590.712
-563.027
-577.485
-579.34
-544.873
-558.133
-586.544
-575.196
-570.364
-585.25
-594.37
-584.214
-549.015
-575.828
-540.295
-559.952
-556.932
-526.827
-548.846
-581.204
-574.438
-591.98
-614.161
-602.572
-635.644
-548.393
-547.336
-547.532
-496.561
-585.193
-588.506
-566.697
-622.067
-610.772
-601.624
-552.582
-551.768
-532.709
-554.962
-520.543
-501.389
-513.701
-489.708
-543.231
-478.628
-516.846
-529.633
-505.457
-520.503
-534.231
-525.096
-475.637
-507.781
-564.271
-505.161
-499.925
-553.344
-521.639
-502.729
-482.843
-530.086
-545.382
-498.667
-452.039
-501.334
-457.558
-454.685
-419.207
-450.929
-531.025
-505.457
-536.536
-491.33
-501.064
-498.852
-490.293
-542.834
-515.517
-559.058
-494.204
-490.415
-490.027
-549.578
-500.816
-507.507
-487.225
-527.711
-545.658
-469.35
-470.585
-499.46
-488.724
-488.326
-528.762
-485.054
-482.022
-482.108
-481.124
-495.178
-487.905
-511.169
-525.318
-576.788
-575.936
-542.486
-561.253
-589.022
-552.48
-571.438
-549.046
-536.846
-604.512
-563.172
-533.25
-529.653
-593.721
-561.886
-551.627
-510.821
-559.02
-481.582
-495.511
-555.076
-511.759
-523.915
-519.06
-534.633
-477.798
-516.074
-497.209
-516.109
-466.469
-433.043
-531.79
-507.826
-464.482
-504.794
-490.279
-561.121
-527.522
-525.071
-487.537
-517.272
-521.285
-515.605
-511.291
-501.619
-541.613
-480.009
-491.376
-477.88
-499.15
-486.219
-518.587
-509.493
-473.439
-456.49
-477.923
-459.403
-490.734
-455.905
-416.523
-420.062
-420.588
-447.815
-505.961
-470.607
-514.256
-500.826
-444.228
-541.714
-543.975
-522.766
-514.719
-466.926
-489.471
-455.978
-568.77
-463.092
-501.751
-476.464
-475.425
-456.087
-446.301
-444.019
-472.842
-473.123
-392.203
-423.884
-456.541
-392.06
-430.876
-402.913
-448.118
-502.572
-505.318
-445.195
-506.659
-435.359
-448.409
-446.915
-426.491
-484.572
-447.788
-445.659
-424.981
-489.114
-496.165
-494.892
-448.629
-468.479
-464.943
-452.547
-471.229
-491.891
-423.919
-429.241
-393.674
-478.106
-458.344
-409.938
-418.1
-452.241
-467.557
-414.971
-435.557
-445.73
-378.875
-403.894
-386.916
-422.279
-413.854
-407.386
-424.032
-390.074
-398.798
-429.497
-452.654
-429.677
-428.192
-440.784
-405.426
-430.152
-425.604
-363.464
-440.382
-440.037
-496.587
-416.4
-405.348
-445.508
-418.488
-428.521
-447.517
-457.97
-434.724
-459.683
-446.034
-479.192
-466.827
-459.969
-387.873
-358.889
-413.713
-396.627
-431.342
-378.086
-415.97
-453.816
-428.948
-422.797
-417.522
-418.845
-416.91
-381.7
-471.224
-412.001
-494.483
-455.187
-444.828
-422.842
-410.194
-474.888
-473.89
-475.224
-462.491
-482.206
-446.912
-447.672
-404.067
-428.398
-411.361
-412.257
-449.047
-442.547
-432.256
-405.542
-415.481
-441.778
-452.047
-410.01
-399.587
-399.348
-402.979
-412.546
-425.504
-478.221
-427.51
-490.796
-482.28
-440.847
-443.206
-447.296
-460.53
-497.276
-461.273
-484.448
-492.309
-489.402
-464.286
-505.465
-447.07
-420.735
-466.478
-509.422
-474.639
-464.909
-467.715
-433.374
-446.326
-434.207
-440.595
-442.152
-458.093
-458.952
-438.014
-432.338
-442.099
-430.768
-452.381
-426.953
-442.304
-415.96
-462.14
-435.214
-464.199
