-25.436
-25.842
-22.415
-21.274
-27.138
-21.992
-24.794
-25.667
-26.414
-27.461
-22.499
-19.299
-17.828
-20.095
-17.791
-25.06
-21.78
-15.907
-24.447
-25.609
-20.049
-24.846
-24.277
-20.035
-28.873
-18.948
-23.429
-23.695
-23.256
-24.168
-27.383
-21.136
-23.018
-21.2
-18.016
-14.77
-24.844
-19.971
-21.824
-20.425
-23.233
-25.653
-22.612
-22.206
-25.126
-21.961
-22.118
-16.595
-25.14
-18.615
-21.84
-19.629
-21.894
-15.628
-18.027
-24.312
-16.936
-20.774
-22.125
-18.921
-20.193
-17.335
-22.214
-17.538
-21.334
-18.107
-19.283
-25.284
-24.362
-15.577
-13.906
-19.098
-23.026
-19.031
-20.401
-19.837
-20.929
-24.819
-23.522
-20.557
-22.628
-21.479
-19.855
-23.785
-19.577
-25.981
-22.678
-19.622
-25.393
-21.299
-21.82
-22.806
-20.673
-25.844
-21.307
-21.18
-22.861
-24.225
-16.903
-23.587
-20.525
-15.038
-18.259
-19.141
-14.861
-19.784
-16.896
-21.168
-23.358
-18.416
-20.522
-22.181
-24.656
-21.579
-18.685
-22.144
-17.014
-21.516
-20.361
-22.25
-21.097
-19.48
-23.896
-22.506
-18.896
-7.049
-19.322
-23.851
-15.092
-24.976
-23.335
-24.866
-22.537
-24.138
-21.939
-19.887
-21.666
-19.714
-25.337
-22.153
-20.553
-21.355
-18.767
-22.622
-24.489
-19.709
-20.097
-18.428
-20.08
-21.282
-20.239
-21.213
-19.265
-19.081
-18.307
-19.314
-19.809
-26.233
-22.235
-21.13
-18.334
-20.627
-23.208
-23.865
-21.46
-20.677
-18.241
-17.79
-22.257
-24.348
-19.213
-18.783
-20.633
-20.873
-24.937
-22.613
-22.223
-26.735
-20.658
-24.538
-21.3
-22.017
-26.303
-19.47
-26.652
-17.112
-24.415
-19.815
-22.352
-23.807
-21.911
-23.012
-16.811
-18.45
-20.965
-19.085
-18.694
-23.009
-19.786
-20.627
-24.446
-23.659
-7.98
-24.559
-23.05
-23.59
-17.632
-22.319
-22.55
-21.898
-26.398
-19.018
-17.811
-25.079
-23.534
-24.996
-9.307
-21.013
-20.265
-15.235
-17.862
-12.636
-17.454
-26.791
-21.034
-23.314
-25.861
-20.168
-17.571
-19.844
-23.983
-21.469
-18.884
-19.886
-12.019
-11.051
-15.605
-19.189
-20.49
-19.236
-20.744
-14.807
-18.754
-18.836
-17.441
-19.016
-14.833
-16.756
-12.581
-17.809
-17.639
-16.947
-17.738
-18.465
-17.214
-20.738
-21.124
-17.923
-22.231
-23.831
-24.537
-24.5
-19.827
-20.489
-17.558
-14.96
-21.313
-18.745
-17.765
-18.42
-12.379
-22.596
-20.618
-13.539
-15.64
-19.287
-17.324
-19.576
-18.302
-17.014
-19.542
-15.679
-17.814
-16.454
-21.695
-19.32
-14.197
-22.628
-21.711
-14.438
-20.133
-17.966
-19.762
-21.675
-15.174
-17.871
-15.561
-17.195
-21.642
-18.621
-18.798
-16.311
-18.868
-22.054
-17.006
-12.878
-17.711
-13.857
-20.141
-17.662
-18.513
-19.483
-15.93
-17.588
-19.618
-13.946
-18.056
-15.653
-20.707
-16.39
-16.013
-21.097
-16.13
-16.524
-14.517
-15.532
-13.224
-19.356
-16.812
-13.22
-7.601
-12.508
-16.92
-14.102
-14.403
-14.701
-17.347
-15.756
-19.69
-16.477
-17.803
-17.265
-17.716
-15.921
-14.55
-16.221
-18.211
-17.21
-15.119
-16.5
-13.751
-18.305
-18.584
-17.788
-14.472
-17.443
-17.207
-15.395
-17.799
-15.543
-17.105
-19.118
-18.863
-18.533
-17.364
-16.227
-19.191
-15.004
-17.106
-19.636
-17.044
-18.969
-17.376
-19.934
-15.874
-19.256
-18.654
-17.342
-10.926
-17.266
-16.874
-17.57
-15.274
-15.677
-13.296
-13.298
-18.545
-10.507
-18.703
-16.267
-16.059
-9.26
-16.611
-14.45
-16.483
-13.45
-16.673
-18.833
-17.497
-18.142
-19.865
-17.938
-22.457
-16.223
-19.364
-15.445
-17.458
-17.548
-17.242
-14.946
-16.431
-16.25
-21.767
-18.263
-17.62
-17.131
-19.278
-16.576
-15.932
-16.492
-16.864
-16.887
-21.647
-16.348
-17.413
-16.169
-17.108
-22.531
-20.243
-16.404
-17.347
-20.217
-19.545
-15.356
-14.734
-20.585
-15.615
-17.348
-18.632
-20.44
-22.927
-17.413
-19.16
-19.884
-19.54
-18.64
-15.197
-19.12
-20.089
-16.808
-15.647
-16.036
-21.207
-21.274
-19.959
-20.626
-15.734
-18.666
-21.934
-20.571
-20.37
-19.493
-19.098
-21.428
-20.148
-21.559
-19.481
-16.674
-19.339
-16.07
-19.827
-19.166
-18.262
-13.754
-16.31
-18.205
-17.667
-17.341
-13.497
-26.725
-20.944
-19.065
-19.51
-18.997
-20.198
-18.26
-17.766
-22.309
-17.945
-16.756
-22.271
-21.492
-17.723
-20.155
-20.053
-18.404
-18.067
-18.722
-18.728
-19.646
-19.373
