-4.012
-9.741
-4.524
-7.061
-5.411
-4.576
-7.849
-5.858
-5.126
-8.2
-9.006
-5.698
-7.596
-7.313
-6.827
-8.009
-3.96
-6.672
-5.135
-4.956
-5.763
-4.624
-4.782
-8.298
-5.661
-5.813
-5.772
-7.618
-7.692
-4.563
-4.44
-4.551
-4.172
-2.699
-3.789
-6.405
-7.987
-6.014
-5.563
-7.421
-5.737
-3.83
-4.143
-6.17
-1.775
-4.507
-3.419
-7.174
-3.39
-7.538
-4.961
-0.887
-1.944
-5.14
-5.752
-6.573
-5.283
-8.518
-4.937
-7.194
-6.927
-8.027
-5.801
-5.751
-7.668
-8.637
-7.482
-6.571
-8.208
-5.572
-7.869
-6.999
-9.429
-7.21
-7.037
-6.962
-11.78
-6.589
-11.232
-8.964
-9.642
-8.88
-8.165
-10.823
-10.504
-8.996
-9.305
-8.452
-9.653
-8.998
-8.687
-7.521
-8.457
-8.683
-5.342
-9.727
-7.448
-6.114
-7.059
-8.784
-6.592
-7.039
-9.304
-8.356
-7.758
-8.737
-8.151
-6.706
-7.811
-5.802
-5.96
-4.026
-6.797
-5.557
-5.975
-6.418
-7.667
-5.775
-4.29
-3.909
-6.549
-6.879
-6.086
-6.41
-6.319
-4.695
-6.45
-4.593
-7.545
-6.56
-6.392
-9.534
-5.377
-5.218
-5.598
-4.156
-4.058
-4.914
-4.36
-6.23
-8.949
-7.428
-9.788
-8.431
-7.408
-8.367
-9.497
-7.537
-7.243
-8.768
-2.765
-6.684
-8.248
-7.061
-7.632
-9.031
-6.939
-8.396
-8.144
-8.399
-8.383
-8.341
-9.756
-7.811
-9.513
-5.491
-9.1
-8.925
-6.884
-9.928
-8.054
-8.501
-10.337
-9.967
-8.323
-9.568
-9.479
-11.691
-9.785
-10.174
-10.401
-7.715
-10.419
-8.428
-7.17
-5.523
-4.264
-7.94
-8.877
-10.652
-9.567
-7.882
-7.401
-4.237
-7.101
-6.564
-6.557
-3.47
-6.873
-7.521
-4.652
-4.414
-2.65
-5.28
-6.404
-6.199
-6.981
-4.159
-5.309
-9.13
-5.157
-6.81
-6.997
-8.93
-9.016
-6.793
-8.078
-7.659
-4.653
-8.529
-9.337
-8.434
-7.036
-7.109
-7.42
-10.132
-7.93
-9.186
-7.003
-8.571
-7.496
-7.219
-8.198
-8.907
-8.047
-6.685
-10.006
-9.877
-9.008
-8.388
-8.136
-8.112
-5.926
-7.131
-5.558
-2.806
-6.766
-5.299
-3.981
-5.385
-5.758
-2.703
-1.83
-5.399
-3.398
-1.561
-2.518
-7.441
0.966
-2.27
-7.951
-2.886
-3.713
-2.052
-2.031
-1.814
-1.226
-4.489
-4.473
-3.324
0.418
-1.619
-1.786
-5.626
-3.022
-6.139
-3.324
-1.911
-2.099
-7.338
-4.898
-3.252
-4.938
-5.336
-4.8
-4.241
-5.592
-4.43
-2.055
-5.453
-5.703
-4.499
-1.221
-5.388
-4.906
-6.063
-8.577
-7.302
-6.335
-4.299
-4.05
-4.971
-4.538
-3.217
-3.316
-5.279
-2.744
-1.399
-3.826
-3.51
-0.653
-6.838
-3.607
-5.18
-5.268
-3.622
-4.299
-4.196
-6.051
-4.547
-2.059
-4.856
-4.78
-5.168
-6.069
-4.605
-2.214
-4.516
-4.026
-4.345
-4.775
-1.962
-3.818
-2.145
-4.393
-3.964
-0.99
-3.566
-4.325
-2.497
-3.491
-2.435
-2.715
-0.982
-3.749
-0.599
-0.906
-3.265
-4.063
-4.975
-2.915
-3.451
-2.851
-3.555
-3.755
-1.625
-1.742
-3.316
-2.395
-2.829
-1.953
-5.594
-5.304
-3.105
-4.966
-4.544
-5.176
-4.666
-5.532
-4.651
-2.156
-4.286
-2.042
-2.921
-2.13
-4.265
-1.811
-1.112
-3.022
0.178
-4.106
-0.156
-0.254
-0.245
0.21
0.845
-1.604
2.216
1.584
0.314
-0.533
0.048
-1.348
-1.141
-3.661
-0.947
-1.811
-2.974
-2.197
-0.902
-2.432
-1.446
-3.325
-5.292
-1.952
-1.839
-3.536
-3.193
-3.786
-2.454
-2.87
-0.325
-2.779
-3.993
-4.314
-2.907
1.596
-2.796
-0.042
-2.633
-1.706
1.515
-3.438
-3.349
-1.568
-4.846
-3.184
-2.28
-1.841
-3.687
-2.889
-2.461
-4.69
-2.071
-2.105
-3.907
-5.348
-2.406
-4.294
-2.95
-6.512
-5.224
-4.392
-4.036
-3.76
-2.611
-0.962
-3.245
-4.778
-2.647
-2.765
-2.479
-1.813
-2.536
-3.719
-4.959
-3.618
-1.528
-2.558
-3.371
-3.763
-3.972
-2.222
-3.8
-1.106
-2.475
-4.782
-3.693
-4.603
-3.787
-2.804
-2.71
-3.216
-5.564
-3.497
-3.461
-0.937
-2.962
-3.338
-3.187
-5.283
-2.165
-4.604
-2.06
-3.511
-5.106
-0.396
-3.448
-0.824
-1.012
-6.241
-1.703
-4.287
-3.615
-1.331
-3.704
-3.442
-4.1
-3.146
-4.869
-5.292
