-3.055
-2.686
-3.156
-3.289
-3.141
-3.034
-3.257
-2.635
-2.957
-2.877
-2.894
-3.094
-2.88
-2.759
-2.166
-2.882
-2.878
-2.842
-2.979
-2.644
-2.707
-3.161
-3.008
-2.513
-3.12
-1.884
-2.813
-2.989
-3.089
-2.871
-3.084
-2.933
-3.3
-2.658
-2.773
-2.519
-2.84
-2.545
-2.405
-2.085
-2.554
-2.8
-2.406
-2.072
-2.34
-2.623
-1.999
-2.065
-2.146
-2.788
-2.086
-2.496
-1.444
-2.454
-2.348
-2.639
-2.781
-2.898
-2.561
-2.332
-2.429
-2.558
-2.217
-2.143
-1.919
-2.213
-2.661
-2.235
-2.293
-1.987
-2.18
-2.644
-2.834
-1.858
-2.196
-1.902
-2.286
-2.751
-2.05
-2.143
-2.205
-2.472
-1.902
-1.943
-2.565
-3.244
-2.037
-2.336
-2.446
-2.299
-2.382
-2.423
-2.574
-2.632
-2.73
-1.891
-2.146
-2.445
-2.462
-2.426
-2.612
-2.729
-2.364
-2.462
-2.41
-2.718
-2.263
-1.883
-2.332
-1.781
-1.673
-1.951
-2.732
-2.335
-1.77
-2.298
-2.611
-1.866
-1.348
-1.451
-2.623
-2.036
-2.778
-2.314
-2.568
-2.418
-2.43
-2.424
-2.551
-2.576
-2.259
-2.463
-2.423
-3.006
-1.793
-0.802
-1.757
-1.622
-1.875
-2.003
-1.388
-1.818
-2.351
-2.766
-2.632
-2.485
-2.417
-2.329
-2.534
-2.866
-2.07
-2.455
-3.133
-2.967
-2.909
-2.65
-3.305
-3.017
-2.846
-3.022
-3.127
-2.877
-2.82
-2.635
-2.652
-3.368
-2.966
-2.851
-2.085
-3.205
-2.687
-2.069
-3.399
-2.958
-2.752
-3.113
-3.245
-2.9
-3.405
-3.062
-2.271
-2.735
-2.432
-2.333
-2.35
-2.685
-2.03
-2.157
-2.398
-2.778
-1.684
-2.157
-2.278
-1.386
-1.962
-1.642
-2.416
-2.347
-2.089
-1.514
-2.244
-2.403
-2.428
-2.013
-2.57
-2.893
-2.085
-2.327
-2.829
-2.415
-2.009
-2.188
-2.824
-2.055
-2.316
-2.108
-1.695
-2.245
-2.217
-2.107
-2.242
-1.248
-2.124
-2.371
-2.213
-2.667
-2.459
-2.463
-1.971
-2.136
-2.14
-1.856
-1.925
-2.061
-1.955
-1.532
-2.723
-2.464
-2.048
-2.143
-2.366
-2.187
-1.886
-1.866
-2.042
-1.499
-1.795
-1.282
-1.488
-1.441
-1.771
-1.237
-1.616
-1.526
-1.685
-1.881
-1.713
-2.007
-1.299
-2.211
-2.154
-2.079
-1.512
-1.823
-1.932
-1.3
-1.681
-1.701
-1.402
-1.279
-1.573
-1.828
-2.157
-1.946
-1.251
-1.762
-1.191
-1.205
-1.785
-1.33
-2.101
-1.568
-2.033
-1.592
-2.067
-1.951
-1.862
-2.06
-1.518
-1.953
-1.377
-1.935
-2.162
-1.153
-1.662
-1.26
-1.788
-2.025
-2.18
-1.615
-2.049
-1.534
-2.02
-1.599
-1.793
-1.486
-1.506
-1.354
-1.216
-1.049
-1.677
-1.399
-1.741
-1.323
-1.737
-1.377
-1.685
-1.759
-1.627
-1.365
-1.049
-1.52
-1.433
-1.49
-2.004
-1.047
-2.046
-2.072
-1.188
-1.56
-1.475
-0.662
-1.562
-1.38
-1.163
-1.276
-0.8
-0.909
-0.884
-1.422
-1.813
-1.111
-0.965
-1.013
-0.392
-0.417
-1.04
-0.614
-1.513
-1.271
-1.059
-0.75
-0.784
-1.078
-0.971
-0.928
-1.125
-0.848
-1.515
-0.824
-0.432
-1.412
-1.311
-1.158
-0.869
-1.333
-1.361
-1.369
-1.752
-1.461
-1.033
-1.289
-0.961
-1.827
-1.505
-1.706
-1.02
-1.789
-1.611
-0.944
-1.791
-2.208
-1.54
-1.563
-0.672
-0.665
-0.497
-0.808
-1.527
-1.019
-0.584
-1.095
-0.945
-1.471
-1.18
-1.096
-1.659
-0.632
-1.431
-1.879
-1.176
-1.583
-1.876
-2.193
-2.001
-1.632
-1.776
-1.804
-0.79
-1.216
-1.264
-1.084
-1.238
-1.192
-1.554
-1.17
-0.933
-1.613
-1.318
-1.325
-1.533
-1.42
-1.793
-1.002
-1.456
-1.138
-0.748
-1.991
-2.019
-1.633
-1.905
-1.681
-1.807
-1.474
-0.892
-1.275
-1.646
-1.145
-0.822
-2.151
-1.632
-1.628
-1.337
-1.7
-2.14
-1.347
-1.574
-1.318
-1.354
-1.796
-1.508
-1.864
-2.126
-1.469
-1.306
-1.355
-1.671
-1.291
-1.377
-1.868
-2.173
-1.675
-1.369
-1.99
-2.108
-1.554
-1.576
-1.103
-1.673
-1.542
-1.849
-1.569
-1.896
-2.089
-2.2
-1.586
-1.908
-1.172
-1.296
-2.198
-2.314
-1.717
-1.981
-1.776
-1.829
-2.116
-1.402
-1.585
-2.21
-1.466
-1.872
-1.719
-1.585
-1.241
-1.095
-1.419
-1.054
-1.922
-1.97
-1.848
-2.163
