-443.286
-468.928
-441.757
-424.297
-431.43
-412.409
-402.719
-414.393
-394.678
-428.432
-381.895
-389.309
-427.101
-368.08
-363.214
-412.693
-365.23
-451.852
-389.778
-413.312
-363.242
-375.287
-369.74
-410.117
-443.187
-413.47
-423.978
-445.259
-403.586
-412.138
-407.922
-453.007
-502.887
-416.707
-396.595
-413.96
-412.724
-402.674
-417.109
-386.015
-410.363
-411.097
-390.312
-411.371
-391.174
-354.852
-397.235
-425.644
-401.168
-409.588
-389.332
-254.262
-258.87
-259.397
-329.322
-357.894
-301.983
-337.866
-322.202
-327.24
-286.638
-319.164
-280.419
-354.61
-332.492
-399.866
-379.011
-405.724
-376.39
-366.379
-353.804
-338.134
-341.514
-404.845
-405.584
-399.64
-409.823
-426.573
-354.934
-416.779
-427.455
-420.557
-372.459
-351.379
-390.956
-386.101
-435.905
-370.394
-362.66
-348.113
-401.046
-358.337
-351.764
-367.619
-373.678
-325.723
-342.444
-343.394
-363.633
-388.013
-359.13
-381.441
-352.938
-384.125
-372.538
-372.01
-338.081
-311.598
-357.959
-377.952
-357.26
-298.447
-331.057
-299.151
-324.989
-371.512
-352.366
-341.224
-283.194
-345.402
-376.179
-371.931
-397.926
-367.055
-294.487
-335.844
-338.35
-340.893
-335.624
-305.915
-380.505
-382.525
-344.501
-344.25
-354.755
-292.684
-264.735
-378.127
-404.038
-405.525
-390.231
-449.444
-394.203
-444.334
-420.872
-411.208
-459.678
-485.33
-394.445
-419.185
-370.522
-392.023
-448.2
-412.894
-458.36
-459.753
-456.898
-478.584
-468.819
-424.024
-398.4
-429.507
-432.529
-412.203
-467.686
-442.521
-456.111
-400.052
-407.146
-416.091
-384.205
-395.454
-361.318
-388.445
-421.52
-404.087
-467.004
-458.785
-427.2
-484.597
-420.638
-380.465
-401.0
-360.646
-431.983
-407.375
-430.018
-500.633
-505.577
-497.27
-445.294
-405.613
-389.823
-405.253
-353.257
-328.001
-357.605
-369.268
-425.145
-323.977
-337.967
-393.88
-388.529
-400.821
-409.261
-421.805
-343.367
-377.769
-407.451
-352.296
-417.451
-438.646
-400.496
-400.482
-411.843
-385.586
-420.401
-351.471
-329.566
-422.036
-327.484
-365.045
-285.48
-366.029
-391.763
-377.579
-393.029
-398.474
-403.86
-339.427
-406.056
-397.648
-357.611
-408.735
-328.489
-367.086
-344.687
-425.366
-325.027
-414.75
-382.587
-389.789
-357.574
-281.0
-309.833
-304.328
-330.323
-362.646
-347.103
-283.318
-279.54
-254.035
-275.162
-270.023
-333.522
-358.285
-362.297
-361.099
-440.875
-458.876
-440.193
-442.114
-441.528
-401.168
-475.309
-401.53
-385.699
-403.327
-405.88
-385.523
-436.965
-418.065
-388.397
-375.609
-431.059
-340.914
-342.233
-384.838
-443.881
-369.914
-370.195
-378.743
-319.463
-294.114
-309.462
-281.717
-271.456
-300.24
-355.482
-369.832
-405.097
-387.491
-392.935
-464.048
-448.33
-420.072
-398.628
-440.842
-437.736
-399.296
-432.728
-414.652
-447.124
-371.151
-387.96
-391.886
-395.414
-415.688
-424.502
-445.826
-390.966
-383.972
-421.249
-371.831
-381.973
-336.636
-270.267
-265.928
-250.04
-251.846
-278.461
-263.023
-318.125
-306.926
-281.562
-351.204
-381.517
-401.96
-343.403
-326.74
-342.419
-340.144
-383.533
-284.336
-337.204
-339.424
-373.868
-306.767
-301.776
-240.413
-265.769
-323.931
-274.524
-251.946
-280.457
-233.38
-281.946
-261.15
-300.135
-347.466
-301.182
-231.246
-333.656
-209.121
-256.563
-274.802
-228.217
-258.493
-255.424
-255.12
-267.134
-323.426
-328.83
-324.174
-327.782
-271.057
-327.021
-306.558
-286.319
-301.284
-244.539
-236.903
-215.433
-310.765
-293.923
-280.153
-248.823
-303.852
-323.376
-251.043
-281.231
-298.712
-215.7
-242.689
-263.211
-297.706
-284.73
-268.207
-298.108
-251.046
-257.049
-241.527
-277.262
-258.053
-235.944
-249.835
-239.821
-277.178
-289.305
-229.6
-331.229
-312.038
-349.443
-275.471
-302.341
-290.805
-292.52
-272.054
-284.921
-266.729
-303.257
-309.827
-307.101
-350.785
-340.232
-339.934
-243.972
-244.355
-241.913
-251.382
-260.694
-233.682
-306.137
-347.539
-331.785
-303.526
-305.705
-296.683
-309.446
-266.373
-334.037
-324.206
-406.034
-334.312
-349.313
-299.95
-282.705
-249.743
-341.427
-321.583
-317.448
-305.679
-271.972
-259.186
-214.922
-258.252
-303.149
-256.825
-247.519
-281.592
-277.168
-264.016
-250.932
-229.459
-292.544
-228.14
-226.645
-231.781
-263.227
-251.214
-298.453
-264.653
-258.453
-303.657
-265.392
-289.346
-362.993
-310.187
-317.943
-371.056
-315.223
-350.385
-377.422
-400.668
-384.426
-406.012
-349.189
-323.078
-334.843
-408.35
-412.676
-400.44
-364.221
-332.906
-381.625
-265.545
-226.157
-289.932
-294.623
-341.321
-345.026
-348.376
-318.176
-306.051
-235.789
-274.968
-229.418
-219.705
-290.876
-272.378
-286.874
