-4.324
-6.253
-5.621
-5.99
-7.321
-6.489
-6.707
-4.363
-3.661
-3.6
-7.426
-6.697
-9.305
-5.103
-7.613
-3.398
-4.065
-4.976
-4.259
-5.707
-6.129
-4.441
-4.149
-5.78
-6.602
-7.879
-6.765
-5.227
-6.612
-7.436
-7.705
-8.008
-3.61
-6.076
-5.15
-6.664
-4.445
-5.694
-7.669
-5.46
-6.094
-6.9
-5.631
-3.987
-4.289
-8.351
-3.843
-7.011
-6.229
-5.249
-3.309
-6.329
-6.71
-7.518
-7.318
-3.875
-7.283
-1.769
-3.791
-6.379
-5.734
-6.418
-6.291
-6.079
-4.751
-2.881
-4.367
-5.273
-1.733
-4.728
-2.799
-2.542
-4.148
-2.318
-3.213
-1.965
-7.954
-5.122
-4.627
-3.631
-4.924
-5.152
-4.394
-6.403
-6.883
-4.313
-1.535
-2.539
-4.336
-3.816
-2.045
-1.538
-2.817
-1.565
-1.672
-4.553
-7.349
-5.933
-6.641
-6.125
-6.962
-6.812
-6.572
-6.166
-6.438
-6.476
-6.45
-4.854
-3.86
-3.957
-2.37
-5.556
-0.608
-2.338
-4.797
-2.284
-5.316
-1.882
-1.446
-1.949
-3.655
-5.147
-0.94
-3.654
-5.065
-6.578
-4.363
-6.194
-3.606
-5.571
-4.985
-3.925
-6.355
-4.039
-7.316
-6.975
-3.536
-7.545
-5.916
-4.219
0.872
-2.291
0.859
-1.406
-0.161
-1.75
-0.332
-2.158
-1.307
-2.843
-3.397
-3.677
-2.39
-3.144
-2.797
-3.904
-5.155
-5.34
-3.576
-4.08
-1.743
0.123
-2.107
-1.972
0.671
-1.154
-2.784
-2.251
0.51
-0.54
-5.566
-4.164
0.474
-1.113
-0.195
-0.719
-0.704
-2.356
1.236
-1.14
-1.751
-1.646
-0.527
-3.527
-1.612
-2.557
-1.943
-2.367
-0.976
-2.304
-3.007
-2.902
-1.733
-2.314
-4.685
-0.435
5.093
0.49
0.517
0.821
-1.897
-3.057
-1.18
-2.638
-3.45
-2.059
-0.652
-1.938
-0.696
-0.047
-1.768
-0.306
-1.364
-0.84
-3.876
-3.459
-3.408
-1.996
-1.882
-5.626
-3.235
-3.618
-1.533
-2.51
-3.434
-2.347
-0.595
-0.959
-3.649
-1.065
0.378
-2.376
1.537
-0.651
-2.252
-0.995
1.213
-0.68
-2.298
-3.377
-3.141
-2.618
-3.949
-2.652
-2.959
-4.573
-4.684
-3.992
-4.382
-4.481
-3.88
-4.918
-3.777
-4.077
-2.713
-2.501
-2.733
-4.396
-3.533
-3.497
-4.02
-2.676
-6.072
-4.931
-1.667
-4.096
-4.243
-2.05
-4.215
-2.872
-3.973
-2.568
-0.286
-2.413
-0.753
-1.668
-3.556
-1.717
0.565
-1.348
-0.371
0.816
-0.586
-2.488
-2.132
-0.469
-2.403
-1.802
-1.295
-1.595
-3.698
-1.362
-1.639
0.369
-1.54
-1.713
-2.488
-1.946
-1.328
-1.314
-2.762
-2.639
-2.652
0.953
-2.722
-2.953
-2.303
-2.266
-0.894
-4.99
-1.96
-2.868
-3.233
0.078
0.919
-5.042
-5.41
-2.14
-3.234
-0.603
-3.048
-4.307
-3.102
1.183
-1.058
-4.725
-2.521
-0.444
-2.356
-4.101
-4.077
-4.773
-4.73
-1.149
-0.339
-1.514
-3.714
-3.291
-2.431
-3.263
-0.32
1.463
-1.351
-1.288
-2.145
-1.601
-1.333
-2.558
-3.368
-2.358
-4.036
-3.205
-2.249
-1.334
0.739
-1.192
-3.623
-2.539
-2.562
-3.93
-2.71
-0.677
-0.222
-3.244
-4.304
-1.089
1.032
0.816
-2.007
-2.614
-3.163
-4.66
-0.492
-2.899
-2.73
-2.69
-3.125
-2.264
-1.269
-3.286
-3.496
-1.799
-2.957
-2.6
-1.195
-4.395
-3.388
-1.256
-0.86
-2.302
-1.981
-1.265
-2.371
-0.333
0.523
-2.156
-1.24
0.486
2.373
0.933
-1.464
-2.637
-1.495
-0.541
0.765
0.542
0.472
-2.359
-0.702
-0.443
-1.252
0.275
-0.275
0.972
-1.645
0.781
-0.455
1.037
0.048
-1.633
0.677
0.075
0.737
-0.37
0.453
-1.014
-2.314
-1.257
-1.22
-1.855
-1.65
-2.098
-0.56
-0.089
-0.745
-2.659
0.776
-0.66
-0.638
1.664
-0.563
1.433
-1.193
-1.052
-0.169
-1.15
1.924
1.257
-0.113
0.864
0.821
-3.257
0.112
-2.729
0.308
-0.611
0.312
-2.382
-3.633
-4.201
-0.948
-1.37
-0.491
-0.642
-3.435
-0.522
-0.964
-0.477
-3.043
-2.102
-3.408
-3.462
-3.174
-0.285
-0.342
-0.195
-4.264
-1.881
-2.446
-1.353
-0.19
-1.033
-0.277
-0.147
-0.417
-0.962
0.725
0.24
-1.745
-1.879
0.231
-1.084
-2.591
-2.157
-3.537
-1.005
-2.23
-2.426
-2.3
-0.735
-3.312
