-2.255
-2.646
-3.182
-2.066
-3.18
-2.582
-2.303
-1.895
-1.881
-1.877
-2.208
-1.544
-1.565
-2.229
-1.53
-1.741
-1.653
-1.846
-1.979
-1.844
-2.272
-2.499
-2.228
-1.634
-2.02
-2.416
-2.022
-1.908
-2.378
-1.815
-1.921
-1.293
-2.334
-2.521
-1.861
-0.582
-1.356
-1.643
-2.192
-2.217
-1.291
-1.816
-2.351
-2.159
-1.97
-1.836
-2.595
-1.61
-1.894
-1.624
-1.563
-1.893
-1.387
-2.021
-2.187
-1.522
-1.796
-2.039
-2.424
-2.124
-2.173
-2.349
-1.63
-2.12
-1.565
-1.659
-1.605
-2.157
-2.224
-2.072
-1.152
-2.155
-2.09
-2.386
-1.679
-1.853
-2.112
-1.6
-2.187
-2.112
-0.446
-1.69
-2.141
-2.057
-1.642
-1.71
-1.358
-1.025
-1.392
-1.3
-2.01
-1.156
-1.248
-1.814
-1.432
-1.043
-1.312
-0.914
-1.258
-1.048
-1.847
-1.687
-2.053
-1.6
-1.328
-2.095
-0.743
-1.772
-0.904
-1.024
-1.079
-1.702
-2.053
-2.264
-1.988
-1.561
-2.018
-1.442
-1.639
-0.959
-2.252
-2.555
-2.385
-1.958
-2.051
-1.595
-1.893
-1.297
-2.312
-1.828
-1.68
-1.538
-1.861
-1.779
-1.254
-0.325
-0.67
-1.262
-1.422
-0.959
-1.304
-1.21
-0.351
-1.205
-1.185
-1.059
-1.305
-1.28
-0.806
-1.545
-1.159
-1.832
-1.105
-1.132
-0.962
-1.145
-1.459
-1.425
-1.357
-0.974
-1.365
-0.885
-1.412
-1.126
-1.131
-1.091
-1.431
-1.61
-0.99
-1.462
-1.645
-1.663
-1.178
-1.611
-1.254
-1.211
-0.95
-1.261
-1.377
-1.65
-1.953
-0.611
-1.373
-1.581
-1.686
-1.928
-1.49
-1.619
-1.188
-1.857
-2.232
-1.535
-2.06
-2.231
-1.971
-1.668
-1.613
-1.602
-1.637
-1.67
-0.847
-1.699
-1.117
-1.94
-1.704
-1.79
-0.949
-1.528
-1.06
-0.904
-1.134
-1.616
-2.05
-1.56
-1.533
-0.221
-1.107
-0.2
-0.255
-2.137
-1.479
-1.701
-1.327
-0.732
-0.647
-1.108
-1.313
-1.27
-1.76
-1.918
-1.357
-1.595
-1.554
-1.909
-1.219
-0.645
-1.071
-1.69
-1.639
-0.733
-0.321
-0.383
-0.751
-0.688
-0.426
-1.009
-0.537
-0.503
-0.896
-0.012
-0.605
-0.02
-0.378
-0.669
-0.525
-1.159
-0.813
-1.322
-1.912
-1.503
-1.51
-1.352
-2.095
-1.584
-1.59
-1.177
-1.552
-1.349
-0.933
-1.565
-1.468
-1.881
-1.39
-1.824
-1.558
-1.929
-1.31
-1.636
-2.041
-1.378
-1.919
-1.484
-1.588
-2.212
-1.964
-2.044
-1.849
-2.11
-1.454
-1.564
-2.179
-1.724
-1.186
-2.071
-1.244
-1.611
-1.277
-2.19
-2.141
-1.368
-1.649
-1.786
-1.268
-0.539
-1.13
-1.717
-1.533
-1.671
-1.648
-1.298
-1.606
-1.816
-1.344
-1.253
-0.957
-1.512
-1.893
-1.589
-2.198
-2.003
-1.68
-1.822
-2.054
-1.778
-2.097
-2.11
-1.392
-1.087
-1.584
-1.616
-1.976
-1.773
-1.836
-1.8
-0.875
-1.664
-1.043
-0.823
-0.343
-0.488
-0.688
-1.426
-1.398
-1.38
-1.138
-1.98
-0.636
-1.761
-1.464
-1.039
-2.03
-1.661
-2.176
-1.452
-1.855
-1.669
-1.493
-1.486
-1.651
-1.987
-1.793
-1.609
-1.718
-1.367
-1.446
-1.286
-1.942
-1.367
-2.175
-1.477
-1.838
-1.291
-0.767
-1.407
-1.841
-1.094
-1.507
-1.405
-1.118
-1.44
-1.404
-1.699
-0.704
-1.643
-1.589
-1.263
-1.436
-1.877
-1.015
-1.602
-1.793
-1.013
-1.395
-1.437
-1.324
-1.04
-1.061
-1.631
-0.59
-1.055
-1.312
-1.144
-0.675
-1.471
-0.738
-1.107
-1.11
-0.494
-1.571
-0.801
-1.688
-1.612
-1.498
-2.026
-1.636
-1.01
-1.411
-1.354
-1.646
-1.231
-1.23
-1.0
-0.933
-1.204
-0.868
-0.875
-1.29
-2.156
-1.362
-1.467
-1.432
-1.665
-1.448
-1.793
-1.232
-1.449
-1.354
-1.843
-1.45
-0.997
-1.001
-0.909
-1.361
-1.287
-1.539
-1.333
-0.918
-1.323
-1.378
-1.567
-1.629
-0.408
-1.422
-1.037
-1.696
-1.828
-1.686
-1.525
-1.454
-0.76
-0.75
-1.194
-1.603
-0.804
-1.529
-1.632
-1.415
-0.924
-1.362
-0.812
-1.039
-1.465
-0.929
-1.014
-1.039
-1.225
-1.155
-0.636
-1.479
-1.169
-0.677
-1.095
-0.913
-0.683
-1.01
-0.666
-0.835
-0.733
-1.27
-0.827
-0.899
-0.985
-0.576
-1.064
-0.938
-1.067
-0.719
-0.901
-0.558
-0.485
-0.816
