-0.258
-0.215
-0.339
-0.141
-0.157
-0.264
-0.308
-0.198
-0.288
-0.145
-0.316
-0.104
-0.2
-0.21
-0.211
-0.257
-0.18
-0.241
-0.143
-0.205
-0.236
-0.231
-0.204
-0.195
-0.27
-0.295
-0.269
-0.25
-0.199
-0.201
-0.249
-0.218
-0.158
-0.23
-0.221
-0.263
-0.192
-0.305
-0.197
-0.219
-0.235
-0.29
-0.075
-0.258
-0.137
-0.169
-0.237
-0.168
-0.127
-0.172
-0.341
-0.141
-0.242
-0.324
-0.165
-0.209
-0.258
-0.138
-0.312
-0.219
-0.251
-0.225
-0.231
-0.232
-0.315
-0.25
-0.204
-0.254
-0.234
-0.126
-0.209
-0.246
-0.161
-0.223
-0.273
-0.175
-0.266
-0.324
-0.147
-0.097
-0.208
-0.156
-0.084
-0.203
-0.166
-0.202
-0.246
-0.16
-0.253
-0.207
-0.293
-0.143
-0.151
-0.242
-0.168
-0.216
-0.303
-0.403
-0.263
-0.208
-0.248
-0.319
-0.342
-0.24
-0.245
-0.347
-0.152
-0.226
-0.096
-0.185
-0.287
-0.226
-0.243
-0.166
-0.298
-0.223
-0.251
-0.232
-0.251
-0.284
-0.168
-0.123
-0.183
-0.199
-0.261
-0.239
-0.258
-0.374
-0.279
-0.321
-0.304
-0.248
-0.42
-0.234
-0.458
-0.416
-0.245
-0.269
-0.2
-0.304
-0.178
-0.22
-0.245
-0.198
-0.239
-0.236
-0.29
-0.206
-0.323
-0.212
-0.215
-0.222
-0.136
-0.205
-0.196
-0.319
-0.307
-0.189
-0.274
-0.326
-0.21
-0.183
-0.21
-0.205
-0.233
-0.236
-0.218
-0.181
-0.129
-0.211
-0.319
-0.201
-0.203
-0.157
-0.049
-0.117
-0.182
-0.213
-0.167
-0.173
-0.189
-0.179
-0.15
-0.132
-0.161
-0.237
-0.063
-0.072
-0.19
-0.151
-0.279
-0.313
-0.149
-0.068
-0.141
-0.26
-0.167
-0.248
-0.127
-0.204
-0.145
-0.294
-0.202
-0.238
-0.145
-0.328
-0.268
-0.197
-0.277
-0.266
-0.123
-0.21
-0.223
-0.167
-0.31
-0.161
-0.184
-0.242
-0.216
-0.226
-0.314
-0.314
-0.334
-0.148
-0.249
-0.188
-0.224
-0.123
-0.237
-0.262
-0.214
-0.213
-0.167
-0.196
-0.244
-0.181
-0.134
-0.247
-0.226
-0.141
-0.146
-0.226
-0.156
-0.216
-0.159
-0.286
-0.288
-0.172
-0.188
-0.076
-0.209
-0.218
-0.148
-0.18
-0.183
-0.208
-0.239
-0.232
-0.272
-0.175
-0.14
-0.101
-0.212
-0.206
-0.241
-0.162
-0.205
-0.231
-0.247
-0.279
-0.307
-0.297
-0.249
-0.4
-0.275
-0.254
-0.196
-0.243
-0.351
-0.364
-0.284
-0.247
-0.374
-0.23
-0.289
-0.295
-0.348
-0.232
-0.375
-0.264
-0.245
-0.166
-0.261
-0.25
-0.275
-0.136
-0.195
-0.289
-0.294
-0.194
-0.281
-0.314
-0.271
-0.142
-0.212
-0.239
-0.228
-0.24
-0.159
-0.266
-0.223
-0.097
-0.258
-0.222
-0.218
-0.264
-0.133
-0.253
-0.259
-0.226
-0.221
-0.317
-0.231
-0.318
-0.246
-0.365
-0.314
-0.269
-0.228
-0.266
-0.282
-0.297
-0.268
-0.244
-0.205
-0.312
-0.179
-0.175
-0.26
-0.182
-0.197
-0.339
-0.235
-0.311
-0.3
-0.322
-0.194
-0.234
-0.162
-0.117
-0.249
-0.278
-0.244
-0.282
-0.245
-0.207
-0.247
-0.253
-0.328
-0.193
-0.308
-0.289
-0.297
-0.143
-0.245
-0.311
-0.203
-0.198
-0.281
-0.291
-0.189
-0.252
-0.273
-0.309
-0.205
-0.218
-0.348
-0.293
-0.316
-0.236
-0.232
-0.238
-0.114
-0.207
-0.245
-0.2
-0.33
-0.227
-0.246
-0.292
-0.151
-0.102
-0.255
-0.227
-0.218
-0.187
-0.322
-0.314
-0.286
-0.252
-0.238
-0.154
-0.332
-0.219
-0.238
-0.19
-0.234
-0.206
-0.158
-0.136
-0.267
-0.226
-0.217
-0.256
-0.266
-0.216
-0.153
-0.177
-0.101
-0.175
-0.223
-0.179
-0.317
-0.235
-0.176
-0.129
-0.222
-0.202
-0.218
-0.187
-0.241
-0.16
-0.179
-0.121
-0.176
-0.157
-0.272
-0.154
-0.22
-0.143
-0.188
-0.157
-0.115
-0.276
-0.2
-0.168
-0.208
-0.143
-0.313
-0.195
-0.192
-0.226
-0.171
-0.131
-0.214
-0.26
-0.233
-0.156
-0.099
-0.18
-0.188
-0.222
-0.237
-0.182
-0.164
-0.149
-0.169
-0.266
-0.194
-0.223
-0.153
-0.21
-0.165
-0.245
-0.197
-0.246
-0.29
-0.27
-0.198
-0.109
-0.123
-0.111
-0.109
-0.236
-0.165
-0.199
-0.109
-0.076
-0.018
-0.188
-0.164
-0.216
-0.063
-0.179
-0.088
-0.168
-0.115
-0.128
-0.159
-0.13
-0.204
