-341.036
-292.022
-298.207
-318.695
-327.048
-263.001
-308.633
-250.15
-282.275
-354.088
-370.731
-328.585
-403.641
-375.471
-389.785
-380.975
-424.885
-431.045
-453.59
-424.008
-460.668
-399.999
-401.597
-375.044
-350.619
-388.936
-394.381
-415.024
-400.405
-384.187
-361.629
-382.753
-359.745
-398.245
-327.562
-375.338
-388.133
-407.66
-385.038
-378.107
-366.59
-343.819
-269.208
-259.34
-273.466
-292.594
-312.928
-281.995
-285.99
-277.451
-253.073
-218.79
-304.353
-362.507
-341.044
-343.362
-373.299
-309.164
-271.023
-280.172
-332.529
-318.808
-351.788
-327.263
-369.757
-263.477
-274.719
-275.341
-184.471
-256.45
-291.914
-243.973
-281.612
-213.519
-291.861
-260.808
-219.402
-257.971
-314.79
-224.718
-221.632
-280.983
-268.23
-203.825
-241.27
-257.13
-195.582
-186.769
-177.107
-216.157
-295.515
-237.565
-261.435
-280.546
-308.884
-296.249
-293.988
-313.376
-278.765
-238.643
-252.798
-199.044
-274.612
-198.184
-204.385
-229.828
-215.764
-200.19
-128.885
-190.134
-157.259
-185.478
-213.353
-128.895
-186.529
-194.763
-259.698
-195.067
-236.438
-219.658
-283.477
-231.071
-383.83
-369.411
-318.637
-391.856
-298.088
-399.806
-332.211
-317.032
-331.752
-318.503
-341.263
-358.718
-365.582
-338.382
-359.263
-312.646
-439.488
-362.823
-283.302
-345.677
-332.208
-320.629
-305.661
-250.188
-260.027
-245.866
-275.74
-325.439
-378.475
-360.596
-334.517
-298.023
-323.72
-282.123
-323.383
-338.157
-296.779
-232.542
-255.387
-252.55
-211.424
-206.064
-235.757
-230.093
-242.885
-214.582
-236.24
-254.042
-257.389
-245.77
-223.577
-257.748
-203.413
-249.616
-237.127
-255.65
-220.382
-257.011
-283.589
-249.307
-261.73
-262.017
-197.874
-199.014
-208.959
-230.257
-265.953
-246.384
-246.629
-284.431
-290.041
-259.919
-275.297
-254.361
-213.184
-170.353
-168.99
-195.097
-145.16
-268.794
-184.843
-233.656
-247.792
-274.802
-259.072
-285.486
-258.683
-245.043
-232.199
-266.247
-247.688
-251.115
-242.657
-191.779
-189.946
-197.223
-151.051
-160.767
-198.02
-144.59
-154.908
-177.358
-207.36
-227.573
-152.043
-127.748
-175.068
-172.406
-225.175
-193.648
-218.015
-215.997
-209.19
-191.648
-111.11
-182.656
-191.001
-183.941
-172.781
-201.721
-188.843
-163.761
-198.703
-207.283
-204.221
-175.419
-206.18
-200.457
-204.266
-198.164
-152.661
-170.721
-132.827
-179.719
-198.885
-185.742
-209.487
-258.255
-221.794
-250.002
-260.572
-174.906
-183.57
-148.784
-141.94
-187.805
-159.28
-201.965
-211.246
-215.331
-195.986
-156.107
-191.861
-198.366
-202.501
-199.681
-177.757
-192.109
-219.65
-215.489
-196.235
-204.681
-225.523
-200.477
-244.771
-242.26
-273.722
-234.868
-231.542
-184.057
-185.551
-240.248
-209.244
-175.755
-193.754
-258.882
-261.987
-295.527
-299.312
-221.815
-230.429
-257.68
-247.778
-237.121
-251.356
-263.548
-292.16
-289.649
-229.814
-265.354
-254.944
-231.933
-270.895
-310.349
-270.515
-269.388
-256.796
-256.316
-271.616
-226.296
-262.168
-275.084
-249.963
-230.262
-246.554
-242.889
-219.061
-243.828
-259.667
-281.545
-262.161
-244.618
-221.892
-241.966
-235.959
-241.865
-222.713
-228.576
-196.121
-231.574
-230.225
-272.84
-297.91
-294.436
-277.644
-278.546
-273.193
-224.017
-268.772
-273.049
-267.066
-264.24
-259.109
-259.709
-285.699
-237.732
-274.622
-207.042
-276.585
-284.693
-227.913
-221.757
-220.945
-252.288
-264.373
-186.445
-237.04
-220.956
-252.612
-235.754
-225.049
-261.007
-220.301
-169.904
-266.437
-289.282
-238.905
-200.986
-218.58
-201.744
-218.766
-303.056
-308.106
-298.605
-228.926
-210.854
-200.49
-235.908
-275.206
-186.783
-258.271
-231.166
-212.809
-234.617
-282.127
-284.825
-229.363
-266.564
-259.967
-204.516
-243.664
-285.779
-230.04
-298.351
-288.548
-275.219
-257.633
-276.788
-276.506
-259.72
-263.697
-261.035
-274.529
-217.48
-293.175
-183.341
-282.217
-299.527
-283.662
-272.696
-278.086
-277.342
-273.946
-290.224
-274.237
-263.424
-269.927
-255.992
-281.386
-292.038
-256.038
-206.547
-244.539
-215.131
-150.485
-143.919
-184.896
-156.106
-218.132
-223.786
-275.095
-243.343
-291.443
-222.948
-207.404
-211.459
-218.668
-221.818
-217.938
-185.004
-177.404
-187.631
-193.455
-219.552
-251.015
-196.454
-211.803
-176.613
-159.864
-249.927
-253.375
-186.953
-230.142
-260.208
-336.222
-296.424
-328.222
-267.084
-313.943
-342.52
-337.956
-245.683
-248.996
-267.502
-237.808
-267.706
-307.886
-307.238
-255.985
-251.4
-267.323
-270.33
-246.243
-266.04
-246.871
-233.283
-249.481
-258.957
-237.918
-271.646
-253.188
-248.617
-232.2
-263.205
-254.548
-270.854
-263.804
-250.18
-269.35
