-62.88
-55.06
-68.21
-62.94
-61.47
-47.78
-64.36
-53.78
-58.29
-62.27
-63.56
-65.77
-63.07
-68.53
-70.57
-64.53
-75.92
-70.8
-65.65
-65.13
-74.93
-74.71
-68.47
-64.72
-56.16
-74.58
-62.4
-71.77
-77.23
-73.12
-65.18
-75.66
-66.5
-80.29
-56.46
-58.33
-66.66
-62.87
-67.95
-68.03
-61.92
-61.44
-63.0
-65.96
-63.19
-65.74
-63.98
-62.7
-60.8
-63.66
-56.31
-57.85
-65.34
-73.87
-72.85
-65.83
-71.73
-69.13
-70.64
-64.66
-73.67
-65.54
-71.58
-70.82
-70.83
-55.22
-61.08
-64.33
-61.93
-68.81
-57.92
-54.38
-60.84
-64.73
-68.42
-61.29
-61.23
-56.2
-65.65
-55.73
-51.77
-64.15
-62.84
-57.17
-54.46
-70.59
-60.3
-58.65
-52.3
-63.77
-65.19
-63.94
-60.92
-48.36
-65.7
-60.94
-54.92
-60.61
-57.18
-53.62
-55.16
-55.14
-58.1
-54.51
-55.44
-54.1
-51.02
-58.94
-57.21
-50.66
-50.74
-52.51
-52.48
-46.69
-43.45
-49.98
-52.87
-47.6
-50.45
-52.55
-53.0
-56.54
-69.16
-68.23
-58.29
-64.71
-59.59
-62.23
-57.87
-55.17
-59.07
-59.57
-60.61
-67.63
-61.32
-57.83
-58.34
-51.75
-63.04
-48.23
-55.88
-61.01
-47.98
-60.09
-55.39
-51.08
-47.98
-51.8
-47.91
-54.35
-56.55
-73.36
-59.35
-54.27
-49.25
-45.21
-53.73
-44.71
-56.6
-40.57
-46.07
-55.45
-45.42
-48.8
-47.86
-48.54
-48.77
-44.44
-50.54
-47.68
-50.15
-45.07
-50.68
-49.89
-47.28
-52.22
-48.02
-53.26
-44.67
-46.49
-48.42
-44.9
-46.18
-43.81
-43.77
-44.02
-45.7
-45.27
-47.07
-51.21
-59.28
-52.99
-44.48
-54.03
-42.71
-42.32
-51.15
-47.44
-42.99
-45.32
-40.73
-48.9
-40.55
-43.18
-39.88
-47.51
-43.97
-41.12
-40.43
-41.62
-45.15
-51.76
-47.08
-43.34
-38.83
-30.02
-40.75
-41.05
-33.47
-38.16
-39.65
-44.23
-37.6
-37.69
-34.11
-36.08
-43.47
-38.7
-44.79
-43.0
-37.9
-43.23
-47.03
-44.2
-40.85
-39.36
-32.47
-36.58
-36.4
-39.35
-33.06
-35.75
-33.87
-42.76
-39.89
-43.37
-36.63
-33.57
-39.58
-32.97
-33.56
-32.05
-34.87
-35.35
-35.42
-37.21
-37.22
-39.55
-47.14
-41.53
-44.41
-46.76
-49.79
-42.23
-41.68
-41.63
-47.41
-44.04
-33.33
-38.26
-45.33
-42.78
-44.58
-44.75
-42.22
-47.92
-54.87
-52.62
-47.73
-48.02
-52.34
-49.4
-48.65
-56.36
-47.59
-45.05
-52.05
-49.56
-52.68
-39.85
-48.82
-45.64
-46.82
-49.56
-51.51
-49.35
-44.9
-51.66
-50.05
-61.01
-56.39
-46.07
-49.5
-55.19
-50.83
-51.84
-57.06
-56.07
-52.91
-46.56
-46.97
-45.86
-53.74
-47.27
-56.15
-53.68
-55.83
-49.85
-58.26
-51.63
-60.64
-53.9
-50.24
-49.62
-47.54
-54.99
-49.55
-57.54
-53.57
-53.48
-44.96
-56.63
-53.75
-49.13
-42.49
-50.45
-42.04
-43.1
-46.85
-35.11
-49.32
-42.49
-47.49
-48.48
-47.89
-45.94
-46.5
-53.38
-51.73
-48.63
-51.71
-62.97
-49.09
-60.44
-53.96
-52.38
-55.35
-48.31
-58.09
-54.96
-55.59
-51.29
-51.37
-43.89
-48.03
-48.78
-54.46
-46.62
-46.69
-50.81
-43.42
-38.93
-41.51
-50.69
-47.52
-45.78
-48.33
-41.49
-44.53
-38.62
-39.52
-43.03
-38.29
-43.43
-52.96
-45.27
-46.76
-48.81
-42.51
-35.68
-46.04
-37.57
-39.12
-45.02
-38.99
-42.53
-45.4
-44.74
-43.93
-47.08
-42.84
-42.22
-45.28
-50.9
-40.03
-46.71
-42.82
-39.31
-43.78
-44.18
-46.52
-47.23
-46.93
-52.5
-52.89
-38.67
-50.56
-47.33
-54.8
-53.5
-47.25
-52.6
-46.82
-45.17
-50.71
-53.75
-44.06
-48.85
-46.97
-53.07
-49.81
-50.86
-51.29
-51.51
-51.92
-46.77
-46.16
-43.98
-40.24
-43.04
-39.54
-40.02
-40.76
-34.12
-52.72
-42.03
-39.41
-44.0
-41.05
-43.07
-40.73
-30.76
-40.04
-39.72
-35.05
-44.29
-45.85
-38.53
-40.69
-45.57
-44.1
-42.2
-43.9
-43.95
-47.05
-49.05
-48.56
-46.78
-55.04
-41.13
-48.43
-44.0
-51.97
-40.67
-39.09
-37.34
-47.24
-45.93
-36.52
-37.68
-36.36
-39.03
-48.41
-44.07
-42.21
-39.71
-42.79
-42.14
-41.39
-45.35
-43.79
-41.82
-41.27
-42.1
-40.55
-39.94
-40.81
-45.54
-40.71
-42.27
-50.28
