-510.195
-494.88
-480.441
-478.337
-482.06
-441.45
-487.11
-462.547
-446.937
-490.27
-491.536
-456.294
-526.424
-545.001
-484.298
-528.256
-551.473
-552.466
-545.209
-473.604
-559.608
-521.275
-496.4
-468.713
-505.907
-559.91
-512.944
-504.165
-504.055
-524.769
-514.312
-538.118
-487.623
-495.469
-522.21
-501.686
-516.243
-519.131
-455.291
-506.195
-473.999
-455.137
-444.399
-428.617
-412.696
-453.024
-432.947
-448.264
-450.862
-413.682
-415.336
-423.094
-480.198
-476.718
-487.432
-465.937
-508.639
-487.523
-431.216
-454.481
-479.312
-463.052
-467.463
-452.822
-460.767
-417.82
-429.435
-444.918
-436.9
-463.181
-466.333
-423.228
-469.947
-388.779
-464.772
-459.954
-435.992
-477.866
-495.184
-421.565
-458.768
-466.42
-447.95
-424.819
-463.052
-437.293
-390.143
-379.999
-372.628
-403.497
-438.21
-423.975
-434.385
-432.488
-410.576
-445.098
-458.946
-445.265
-431.954
-396.78
-461.108
-384.486
-448.948
-404.016
-403.834
-440.664
-408.248
-439.673
-408.284
-396.938
-375.783
-402.616
-388.303
-351.003
-358.144
-383.409
-388.142
-351.155
-358.437
-350.139
-357.156
-382.185
-483.96
-461.081
-434.735
-485.511
-464.878
-490.151
-481.047
-450.923
-468.211
-457.473
-427.482
-447.199
-467.941
-437.351
-441.916
-419.614
-522.563
-455.667
-412.525
-467.911
-416.421
-439.749
-426.949
-412.046
-385.793
-389.852
-405.301
-412.331
-464.015
-484.024
-419.26
-426.787
-434.307
-396.483
-413.593
-465.189
-393.255
-361.701
-376.488
-358.992
-370.437
-342.202
-383.451
-358.628
-395.633
-388.56
-402.289
-399.867
-405.321
-411.065
-373.649
-378.693
-341.404
-359.998
-367.154
-392.278
-374.71
-380.481
-396.084
-366.344
-384.951
-384.531
-365.143
-392.374
-360.653
-379.371
-418.047
-415.352
-419.548
-439.167
-439.442
-410.077
-423.53
-426.662
-384.425
-368.785
-343.929
-384.921
-332.718
-384.305
-351.299
-382.702
-350.293
-394.321
-377.794
-434.521
-383.654
-383.406
-348.113
-404.155
-365.235
-379.929
-378.067
-338.729
-304.496
-373.593
-291.616
-322.516
-354.047
-305.564
-332.496
-326.741
-376.962
-379.555
-346.696
-324.183
-353.748
-348.18
-390.638
-346.515
-368.813
-325.206
-337.953
-301.081
-287.776
-319.804
-331.72
-324.362
-310.341
-318.715
-320.059
-309.678
-319.259
-332.831
-323.179
-331.808
-362.587
-301.814
-343.583
-328.916
-342.486
-342.827
-281.609
-323.752
-337.813
-317.343
-354.319
-385.591
-349.445
-364.779
-380.271
-385.332
-349.158
-364.666
-330.61
-357.982
-334.826
-362.95
-360.497
-345.356
-376.909
-339.086
-367.852
-371.653
-408.032
-397.663
-397.25
-383.633
-394.67
-380.588
-411.045
-390.442
-371.42
-377.049
-411.834
-417.236
-448.004
-417.121
-407.537
-349.639
-379.531
-401.355
-403.581
-395.636
-396.619
-423.814
-462.475
-460.825
-449.474
-409.966
-398.261
-427.803
-418.72
-404.508
-399.779
-407.172
-472.887
-428.806
-396.528
-436.115
-402.941
-404.643
-472.543
-461.825
-412.413
-433.752
-413.248
-477.075
-411.457
-371.451
-439.135
-427.18
-400.827
-412.937
-436.749
-421.143
-394.919
-405.979
-404.624
-413.221
-422.109
-405.557
-381.723
-425.814
-395.942
-395.878
-397.768
-416.865
-389.972
-403.106
-394.921
-432.61
-440.395
-416.773
-413.414
-421.91
-418.211
-384.798
-420.523
-449.196
-456.96
-461.119
-414.172
-400.457
-427.213
-392.271
-447.422
-441.954
-425.233
-434.573
-391.993
-415.671
-385.7
-413.798
-406.871
-386.801
-389.102
-381.485
-410.215
-355.716
-383.065
-388.787
-416.414
-345.26
-379.94
-393.468
-364.949
-340.941
-384.097
-374.288
-377.934
-418.216
-417.436
-396.656
-373.49
-396.239
-345.847
-370.411
-388.467
-320.141
-368.822
-376.536
-347.304
-343.464
-417.421
-410.385
-376.234
-381.066
-370.202
-319.881
-416.438
-442.412
-366.943
-402.18
-390.617
-393.922
-359.124
-413.333
-398.423
-395.711
-404.306
-422.397
-432.391
-384.284
-466.474
-363.194
-431.107
-412.084
-401.188
-404.608
-414.38
-412.787
-393.233
-397.474
-411.376
-387.431
-351.25
-384.115
-373.706
-405.505
-390.546
-397.352
-391.09
-384.497
-377.573
-357.356
-356.844
-333.872
-346.307
-358.853
-363.51
-385.855
-414.812
-389.503
-339.514
-353.298
-367.386
-355.913
-336.331
-307.94
-336.836
-344.875
-334.352
-345.179
-359.397
-332.966
-353.286
-364.691
-399.26
-374.212
-413.076
-403.967
-368.069
-341.086
-389.26
-403.301
-428.888
-419.105
-450.423
-449.579
-438.795
-388.226
-409.351
-414.976
-424.271
-390.844
-415.101
-413.948
-393.094
-381.523
-386.756
-411.522
-379.543
-378.71
-356.012
-364.482
-383.85
-374.845
-371.276
-402.835
-377.151
-339.179
-370.517
-400.687
-391.053
-383.354
-376.895
-371.223
-392.38
