-12.103
-19.403
-13.938
-17.804
-13.565
-13.43
-16.532
-18.923
-13.706
-19.148
-19.268
-14.863
-19.044
-16.828
-13.406
-17.767
-18.015
-16.907
-15.028
-21.564
-16.114
-15.972
-11.135
-18.224
-11.653
-15.929
-16.796
-17.432
-20.965
-17.539
-19.376
-19.698
-18.261
-18.433
-11.978
-12.271
-19.103
-19.184
-14.45
-8.203
-15.524
-14.122
-19.452
-19.056
-15.916
-17.712
-20.673
-7.248
-17.14
-16.41
-16.259
-11.389
-18.738
-17.209
-19.75
-20.471
-16.903
-22.747
-20.262
-17.252
-15.022
-18.036
-19.941
-18.425
-20.675
-17.801
-15.031
-21.772
-12.349
-18.83
-16.93
-8.919
-18.567
-18.855
-20.172
-16.737
-17.136
-15.623
-16.465
-18.416
-16.839
-18.423
-15.771
-17.637
-16.228
-15.742
-10.866
-17.284
-19.472
-17.585
-11.653
-19.086
-15.472
-17.389
-21.71
-9.405
-12.717
-13.452
-15.124
-12.523
-14.975
-18.191
-14.229
-14.603
-15.904
-12.371
-17.35
-17.255
-16.049
-14.035
-14.601
-12.87
-16.39
-14.525
-14.94
-19.557
-19.758
-8.861
-18.226
-15.005
-16.017
-16.247
-16.627
-14.614
-11.389
-18.581
-15.539
-13.188
-15.19
-11.488
-14.799
-14.308
-16.911
-18.859
-19.55
-11.27
-11.421
-11.331
-12.411
-17.639
-12.261
-14.691
-14.871
-15.212
-13.794
-12.222
-14.034
-12.499
-9.837
-19.531
-13.861
-13.946
-10.197
-11.467
-17.51
-12.537
-11.949
-9.447
-14.834
-12.422
-11.85
-19.649
-10.826
-12.579
-10.824
-12.363
-12.839
-12.026
-12.613
-14.109
-12.427
-9.771
-12.549
-10.669
-11.354
-11.463
-12.694
-11.66
-13.652
-10.465
-10.104
-11.249
-10.502
-11.962
-11.322
-13.784
-13.997
-11.154
-8.94
-14.84
-16.603
-16.027
-16.569
-14.902
-12.217
-14.093
-13.818
-10.74
-11.498
-13.801
-11.95
-12.069
-9.937
-12.095
-12.152
-13.758
-14.257
-12.105
-13.265
-13.445
-13.17
-13.55
-12.564
-12.508
-10.73
-12.387
-13.326
-10.456
-4.758
-13.88
-11.189
-15.939
-13.872
-10.212
-13.323
-13.908
-16.023
-13.513
-15.107
-15.416
-13.894
-15.209
-11.93
-13.11
-14.462
-14.351
-12.744
-11.802
-15.508
-13.552
-11.139
-12.393
-11.937
-13.95
-11.909
-10.751
-11.029
-11.785
-11.701
-9.251
-7.577
-11.107
-9.568
-8.269
-9.921
-7.659
-9.514
-12.249
-11.875
-16.218
-12.089
-14.682
-14.329
-11.493
-13.82
-9.706
-18.117
-14.998
-11.161
-12.72
-14.445
-14.151
-11.153
-14.503
-10.917
-11.686
-12.871
-12.322
-14.388
-17.093
-19.739
-16.164
-17.886
-14.293
-13.128
-11.325
-9.915
-13.949
-17.498
-9.549
-6.444
-13.922
-14.349
-18.427
-11.022
-16.183
-12.365
-9.942
-15.032
-13.304
-15.674
-15.034
-16.492
-13.021
-15.302
-12.371
-18.668
-14.821
-15.922
-12.202
-13.482
-13.121
-16.342
-14.616
-17.446
-12.006
-13.493
-10.465
-15.36
-14.97
-16.476
-15.092
-8.678
-12.404
-10.69
-15.819
-12.977
-14.46
-12.112
-11.304
-10.042
-15.039
-9.837
-14.191
-8.087
-10.472
-9.489
-11.479
-16.109
-12.532
-13.504
-12.249
-11.156
-14.133
-10.136
-13.293
-9.116
-13.87
-15.217
-13.746
-13.734
-11.014
-15.488
-15.351
-18.18
-15.694
-17.07
-11.913
-14.65
-13.596
-12.789
-16.41
-14.072
-11.061
-11.714
-14.212
-15.598
-10.572
-10.644
-13.669
-11.267
-11.563
-13.164
-10.19
-11.423
-16.647
-10.934
-16.909
-14.644
-4.512
-9.374
-12.239
-9.36
-13.246
-7.491
-6.227
-9.198
-9.848
-8.489
-8.71
-13.677
-10.035
-10.727
-11.767
-9.654
-10.596
-15.333
-12.166
-7.815
-12.185
-7.121
-7.88
-9.259
-12.947
-10.1
-12.002
-7.818
-13.198
-12.782
-13.557
-12.141
-10.593
-10.286
-16.72
-17.105
-10.149
-13.118
-14.439
-14.443
-9.491
-12.088
-14.186
-16.383
-12.357
-14.077
-13.21
-12.901
-9.828
-13.641
-12.924
-13.315
-11.637
-13.486
-13.867
-9.708
-8.998
-10.825
-11.621
-7.502
-13.574
-12.012
-13.168
-10.669
-9.536
-13.179
-13.016
-10.501
-11.751
-12.108
-9.702
-11.196
-6.485
-9.583
-10.99
-12.085
-11.353
-10.25
-6.508
-10.506
-10.972
-9.187
-13.835
-15.361
-8.961
-10.662
-9.219
-13.632
-9.227
-11.953
-8.991
-11.231
-9.054
-12.864
-9.844
-11.186
-6.497
-10.845
-6.664
-10.206
-10.005
-12.537
-6.788
-8.975
-7.155
-8.931
-10.297
-10.212
-14.63
-11.839
-10.387
-7.57
-11.62
-13.518
-9.284
-8.947
-8.09
-13.422
-11.86
-3.978
-9.894
-10.585
