-15.344
-15.435
-13.065
-13.658
-13.642
-19.457
-15.252
-16.437
-17.686
-15.212
-17.851
-8.564
-16.867
-17.063
-14.832
-18.81
-13.912
-16.24
-18.684
-19.275
-15.13
-15.282
-15.748
-19.676
-13.292
-19.895
-19.483
-20.512
-18.81
-13.761
-20.804
-16.298
-16.602
-18.629
-17.608
-17.575
-19.579
-14.6
-14.19
-14.931
-11.935
-16.72
-10.242
-10.323
-14.109
-14.467
-18.453
-18.158
-18.02
-13.722
-15.944
-14.778
-18.289
-18.468
-13.925
-13.804
-15.481
-15.44
-11.716
-15.622
-14.084
-15.252
-20.389
-22.736
-13.32
-16.422
-11.398
-15.971
-16.26
-17.448
-13.714
-16.383
-14.028
-16.48
-17.72
-20.415
-14.556
-19.309
-22.694
-17.718
-11.108
-23.606
-15.607
-16.604
-20.646
-19.903
-16.059
-20.104
-21.679
-18.732
-18.894
-18.162
-12.695
-21.471
-15.784
-20.54
-20.106
-16.967
-23.516
-20.65
-21.237
-17.433
-19.311
-26.014
-21.072
-15.267
-16.719
-20.024
-18.679
-17.127
-19.694
-16.534
-20.334
-20.435
-18.101
-20.557
-25.231
-22.512
-18.842
-20.417
-24.586
-21.473
-19.564
-18.921
-17.966
-20.095
-18.87
-14.93
-20.394
-12.909
-18.372
-10.86
-19.197
-21.559
-19.947
-23.159
-14.797
-22.028
-20.003
-19.711
-13.438
-18.223
-17.724
-13.199
-14.059
-14.618
-16.383
-15.623
-10.054
-15.598
-20.713
-13.754
-17.5
-10.05
-20.362
-16.419
-13.673
-14.536
-18.4
-15.95
-21.674
-16.739
-15.781
-15.615
-21.372
-19.26
-20.712
-23.132
-16.818
-15.334
-20.996
-19.077
-16.552
-20.598
-22.115
-19.029
-19.545
-14.537
-6.228
-18.526
-16.452
-18.923
-14.969
-17.707
-18.258
-15.259
78.663
-13.234
-21.375
-20.61
-20.538
-13.325
-15.952
-14.665
-20.183
-23.072
-20.677
-13.291
-19.614
-20.786
-14.615
-10.835
-11.755
-15.126
-20.217
-17.825
-16.576
-11.249
-7.166
-13.656
-19.563
-13.676
-15.485
-15.025
-9.646
-18.544
-18.144
-16.73
-17.939
-17.881
-18.285
-15.958
-15.606
-10.199
-19.135
-15.387
-12.857
-16.844
-18.532
-6.969
-11.583
-17.159
-21.75
-17.568
-18.525
-15.352
-14.632
-19.583
-15.068
-21.332
-20.142
-14.871
-18.544
-16.727
-12.075
-16.384
-15.52
-15.267
-15.853
-13.713
-16.939
-14.61
-18.811
-13.039
-18.134
-21.302
-19.983
-14.179
-14.467
-16.165
-16.581
-19.543
-13.288
-11.677
-16.611
-18.172
-17.586
-11.407
-13.832
-14.087
-18.132
-13.759
-17.364
-16.353
-17.148
-15.127
-19.805
-18.503
-17.535
-19.874
-13.771
-13.094
-15.466
-12.235
-16.255
-21.749
-17.905
-15.222
-16.073
-17.96
-21.283
-16.878
-14.812
-14.213
-11.244
-12.822
-9.173
-12.215
-14.094
-19.116
-14.296
-12.537
-13.8
-13.506
-15.691
-12.964
-16.227
-17.154
-16.69
-15.868
-12.828
-16.628
-17.302
-17.294
-14.541
-18.186
-16.131
-17.563
-18.155
-13.174
-14.643
-19.049
-16.023
-18.382
-17.772
-14.12
-21.188
-18.967
-19.24
-16.636
-21.32
-18.199
-16.993
-17.29
-18.395
-11.447
-14.71
-19.839
-11.522
-19.241
-15.161
-18.958
-17.33
-17.784
-15.31
-18.539
-12.699
-17.129
-22.177
-20.005
-15.45
-10.645
-19.174
-19.899
-16.548
-14.843
-21.465
-16.988
-16.034
-18.468
-17.144
-12.747
-16.717
-17.801
-16.04
-16.53
-18.501
-18.429
-20.364
-16.788
-19.648
-19.625
-9.483
-13.846
-16.056
-19.881
-22.736
-16.213
-21.302
-13.569
-8.761
-14.028
-20.97
-17.664
-13.582
-14.589
-17.61
-13.88
-15.557
-15.144
-15.721
-16.234
-15.42
-22.035
-20.519
-11.627
-18.139
-19.916
-22.141
-20.078
-20.304
-10.572
-14.65
-19.732
-14.593
-14.815
-11.652
-18.013
-18.357
-17.866
-15.574
-16.423
-16.675
-13.039
-13.442
-17.599
-18.578
-20.699
-21.006
-17.906
-16.718
-16.84
-17.945
-19.44
-17.173
-15.48
-21.364
-18.222
-17.426
-14.289
-19.963
-16.535
-17.696
-17.533
-16.364
-19.858
-22.388
-18.042
-17.852
-17.265
-21.774
-18.627
-21.593
-15.518
-18.223
-14.294
-16.951
-16.703
-19.361
-17.5
-17.337
-20.272
-9.664
-17.484
-15.053
-20.107
-26.139
-13.644
-8.91
-15.874
-15.153
-20.917
-23.216
-16.104
-15.139
-14.894
-20.509
-17.099
-19.991
-20.886
-15.362
-18.613
-20.086
-17.184
-17.623
-16.25
-18.474
-16.732
-11.361
-21.755
-20.892
-14.833
-13.444
-19.614
-19.206
-16.726
-19.227
-22.962
-18.3
-21.181
-20.339
-16.69
-18.2
-17.138
-15.458
-16.771
-19.906
-13.361
-22.127
-13.857
-13.523
