-202.943
-243.56
-236.293
-267.844
-265.275
-298.177
-271.388
-75.542
-129.916
-128.921
-209.936
2.117
-143.883
-222.697
-237.011
-263.059
-249.05
-228.85
-279.004
-260.795
-334.782
-339.43
-324.702
-341.342
-394.161
-338.723
-328.836
-340.987
-288.369
-340.185
-395.062
-367.311
-347.944
-267.836
-312.391
-344.067
-321.132
-299.158
-325.45
-294.833
-316.76
-322.881
-341.602
-277.595
-262.426
-282.32
-315.925
-325.057
-333.4
-338.984
-315.828
-308.995
-300.423
-341.878
-349.202
-367.512
-305.643
-241.64
-339.625
-289.068
-357.947
-354.816
-400.855
-377.439
-364.391
-360.263
-322.728
-290.238
-326.468
-310.786
-236.982
-316.718
-259.445
-322.044
-335.036
-373.319
-329.155
-296.103
-307.631
-293.343
-256.631
-179.303
-270.615
-290.33
-312.01
-267.525
-223.127
-294.334
-383.526
-384.372
-385.866
-342.396
-292.534
-356.531
-339.928
-345.167
-345.911
-388.428
-250.114
-282.456
-266.728
-212.956
-239.742
-262.295
-263.153
-269.714
-252.741
-246.837
-234.512
-247.681
-268.807
-255.475
-231.667
-256.431
-269.935
-315.491
-332.815
-267.453
-310.377
-300.443
-218.622
-285.423
-301.163
-283.875
-335.971
-374.179
-338.15
-308.361
-336.468
-351.256
-396.951
-323.52
-335.924
-359.072
-291.551
-317.381
-338.681
-319.803
-311.877
-296.568
-271.645
-292.66
-277.055
-272.58
-273.386
-271.537
-306.666
-279.336
-271.216
-265.099
-319.477
-361.428
-353.76
-295.079
-361.661
-396.224
-323.153
-291.065
-323.342
-331.288
-313.944
-371.443
-394.243
-405.287
-337.788
-380.694
-401.26
-330.222
-301.735
-336.555
-362.135
-353.56
-364.968
-291.754
-303.523
-319.089
-343.172
-347.058
-333.188
-318.794
-327.343
-291.404
-298.618
-293.009
-363.778
-351.123
-330.304
-326.79
-321.905
-301.379
-340.655
-317.339
-315.592
-336.828
-330.229
-365.803
-346.275
-288.608
-280.15
-259.575
-322.951
-325.321
-313.633
-288.868
-290.16
-351.803
-328.254
-314.184
-296.19
-307.401
-275.103
-293.112
-357.529
-307.33
-312.626
-310.054
-320.322
-316.147
-373.582
-350.983
-380.216
-406.277
-392.862
-350.662
-308.341
-345.887
-345.637
-342.834
-341.631
-308.561
-354.923
-318.429
-331.804
-325.689
-331.286
-301.386
-258.986
-370.122
-301.545
-310.608
-380.485
-336.585
-346.886
-297.85
-294.272
-316.488
-313.259
-303.329
-339.902
-295.803
-387.816
-299.287
-367.732
-350.785
-375.142
-333.032
-342.893
-303.764
-295.889
-288.743
-390.583
-242.833
-260.592
-254.923
-277.671
-279.942
-285.485
-393.058
-361.12
-339.717
-316.126
-276.196
-286.644
-226.941
-344.059
-305.251
-355.324
-348.446
-280.938
-326.844
-344.428
-329.998
-300.703
-322.962
-303.341
-281.618
-318.059
-330.399
-333.746
-322.501
-253.893
-288.179
-241.857
-281.05
-247.494
-317.543
-261.526
-293.843
-258.629
-327.813
-261.7
-235.281
-260.66
-326.535
-324.165
-339.726
-321.016
-406.909
-330.169
-352.162
-327.006
-345.153
-453.756
-372.234
-435.631
-301.172
-371.999
-359.443
-287.21
-246.966
-296.172
-323.416
-296.043
-337.138
-311.076
-241.813
-333.637
-272.322
-116.453
-322.641
-317.571
-430.824
-328.044
-354.228
-377.242
-322.814
-342.315
-419.525
-372.41
-365.426
-410.664
-395.605
-360.675
-399.934
-427.138
-406.602
-418.932
-367.456
-388.052
-430.963
-415.971
-393.649
-409.801
-401.07
-357.094
-363.46
-354.902
-349.627
-370.074
-394.292
-337.441
-381.786
-398.598
-354.665
-340.785
-382.368
-354.627
-321.795
-374.443
-347.015
-372.896
-396.551
-397.986
-457.172
-417.538
-414.138
-422.827
-422.813
-390.805
-382.496
-409.488
-360.538
-398.134
-385.985
-376.784
-341.368
-316.034
-372.628
-421.933
-411.784
-415.139
-394.769
-392.56
-455.655
-383.363
-405.679
-403.218
-421.077
-414.105
-378.931
-361.868
-375.545
-373.726
-397.275
-415.693
-404.813
-325.6
-417.788
-429.635
-462.629
-425.066
-443.415
-423.27
-347.576
-417.342
-407.995
-415.88
-408.771
-405.995
-400.508
-435.715
-412.21
-417.653
-439.691
-413.156
-457.834
-386.338
-426.583
-407.362
-424.006
-444.467
-505.444
-404.732
-420.033
-416.54
-411.412
-421.166
-411.127
-356.955
-350.711
-306.276
-292.26
-445.403
-414.326
-359.395
-351.039
-345.208
-306.287
-365.804
-450.982
-360.511
-396.364
-350.063
-299.96
-360.132
-375.005
-445.192
-490.49
-455.387
-448.988
-446.784
-480.663
-466.66
-454.139
-470.472
-403.319
-483.494
-467.097
-426.163
-437.315
-431.531
-416.754
-415.744
-445.32
-412.956
-372.372
-437.859
-392.24
-415.154
-407.677
-467.159
-503.868
-532.069
-488.497
-420.413
-428.545
-455.448
-486.904
-473.243
-534.06
-529.953
-576.985
-542.128
-576.598
-536.259
-449.29
-515.073
-516.629
-523.611
-529.816
-515.504
