-0.184
-0.044
-0.058
-0.047
-0.143
-0.125
-0.221
-0.112
-0.184
-0.143
-0.18
-0.151
-0.069
-0.174
-0.212
-0.066
-0.239
-0.225
-0.185
-0.268
-0.309
-0.154
-0.235
-0.234
-0.246
-0.265
-0.217
-0.321
-0.217
-0.216
-0.08
-0.172
-0.112
-0.2
-0.218
-0.23
-0.184
-0.155
-0.277
-0.229
-0.226
-0.179
-0.236
-0.26
-0.182
-0.117
-0.215
-0.258
-0.327
-0.181
-0.125
-0.3
-0.239
-0.255
-0.316
-0.352
-0.207
-0.256
-0.245
-0.192
-0.224
-0.27
-0.257
-0.197
-0.213
-0.288
-0.38
-0.234
-0.194
-0.275
-0.242
-0.165
-0.181
-0.152
-0.295
-0.194
-0.275
-0.221
-0.29
-0.168
-0.216
-0.18
-0.294
-0.338
-0.254
-0.221
-0.191
-0.239
-0.176
-0.131
-0.27
-0.268
-0.12
-0.236
-0.201
-0.218
-0.313
-0.353
-0.113
-0.262
-0.325
-0.393
-0.207
-0.199
-0.161
-0.167
-0.094
-0.075
-0.093
-0.166
-0.172
-0.27
-0.16
-0.053
-0.212
-0.256
-0.15
-0.213
-0.234
-0.287
-0.186
-0.162
-0.111
-0.294
-0.128
-0.231
-0.279
-0.198
-0.254
-0.173
-0.133
-0.062
-0.186
-0.212
-0.27
-0.279
-0.181
-0.185
-0.141
-0.161
-0.224
-0.173
-0.152
-0.151
-0.095
-0.132
-0.232
-0.215
-0.252
-0.235
-0.246
-0.262
-0.269
-0.203
-0.286
-0.262
-0.31
-0.288
-0.376
-0.414
-0.129
-0.202
-0.242
-0.221
-0.245
-0.21
-0.302
-0.242
-0.242
-0.202
-0.265
-0.324
-0.249
-0.26
-0.369
-0.258
-0.348
-0.242
-0.221
-0.262
-0.232
-0.267
-0.241
-0.316
-0.205
-0.174
-0.281
-0.221
-0.224
-0.299
-0.158
-0.157
-0.102
-0.11
-0.061
-0.204
-0.151
-0.008
-0.213
-0.251
-0.185
-0.29
-0.203
-0.331
-0.163
-0.223
-0.204
-0.18
-0.188
-0.18
-0.17
-0.31
-0.24
-0.238
-0.213
-0.195
-0.253
-0.23
-0.232
-0.172
-0.248
-0.063
-0.177
-0.18
-0.22
-0.231
-0.176
-0.311
-0.194
-0.145
-0.156
-0.226
-0.061
-0.262
-0.191
-0.276
-0.141
-0.239
-0.209
-0.176
-0.178
-0.227
-0.215
-0.181
-0.206
-0.224
-0.107
-0.258
-0.163
-0.24
-0.244
-0.221
-0.276
-0.212
-0.273
-0.14
-0.253
-0.185
-0.237
-0.256
-0.247
-0.136
-0.08
-0.175
-0.067
-0.29
-0.092
-0.122
-0.157
-0.154
-0.233
-0.223
-0.287
-0.084
-0.215
-0.115
-0.32
-0.142
-0.211
-0.192
-0.239
-0.15
-0.188
-0.201
-0.225
-0.151
-0.219
-0.294
-0.246
-0.205
-0.163
-0.188
-0.153
-0.208
-0.088
-0.234
-0.156
-0.165
-0.256
-0.253
-0.057
-0.07
-0.147
-0.096
-0.196
-0.133
-0.197
-0.226
-0.271
-0.194
-0.17
-0.138
-0.121
-0.126
-0.19
-0.154
-0.135
-0.203
-0.232
-0.239
-0.001
-0.135
-0.139
-0.114
-0.225
-0.192
-0.128
-0.095
-0.09
-0.135
-0.106
-0.13
-0.187
-0.104
-0.298
-0.19
-0.162
-0.181
-0.273
-0.181
-0.277
-0.163
-0.173
-0.151
-0.267
-0.186
-0.117
-0.165
-0.192
-0.127
-0.294
-0.249
-0.323
-0.131
-0.152
-0.163
-0.055
-0.102
-0.108
-0.222
-0.093
-0.204
-0.103
-0.214
-0.325
-0.192
-0.159
-0.203
-0.232
-0.279
-0.148
-0.174
-0.083
-0.259
-0.205
-0.186
-0.19
-0.216
-0.294
-0.162
-0.301
-0.099
-0.177
-0.16
-0.138
-0.155
-0.048
-0.068
-0.2
0.016
-0.111
-0.23
-0.18
-0.134
-0.137
-0.165
-0.089
-0.225
-0.223
-0.19
0.001
-0.193
-0.093
-0.121
-0.088
-0.097
-0.147
-0.165
-0.168
-0.162
-0.216
-0.258
-0.128
-0.26
-0.278
-0.199
-0.089
-0.284
-0.269
-0.191
-0.235
-0.153
-0.303
-0.155
-0.179
-0.353
-0.234
-0.16
-0.158
-0.189
-0.147
-0.22
-0.279
-0.186
-0.18
-0.145
-0.212
-0.104
-0.14
-0.249
-0.248
-0.259
-0.274
-0.172
-0.119
-0.232
-0.264
-0.252
-0.203
-0.201
-0.183
-0.154
-0.146
-0.078
-0.153
-0.187
-0.261
-0.135
-0.034
-0.202
-0.161
-0.068
-0.167
-0.27
-0.273
-0.152
-0.193
-0.107
-0.23
-0.178
-0.276
-0.224
-0.332
-0.167
-0.061
-0.284
-0.187
-0.178
-0.196
-0.24
-0.262
-0.135
-0.113
-0.225
-0.173
-0.144
-0.246
-0.292
-0.22
-0.175
-0.239
-0.172
-0.122
-0.131
-0.24
-0.168
-0.209
-0.102
-0.242
-0.072
-0.233
