-1.349
-1.98
-0.94
-1.464
-1.006
-1.724
-0.51
-1.3
-1.174
-1.244
-0.696
-0.5
-0.2
-1.253
-0.833
-1.436
-0.945
-0.915
-1.174
-0.963
-2.0
-0.897
-1.648
-1.277
-1.83
-0.463
-1.994
-1.47
-1.599
-1.825
-1.03
-1.513
-2.055
-1.177
-2.396
-2.098
-1.472
-0.773
-0.633
-1.461
-0.671
-1.774
-0.894
-1.243
-1.392
-0.709
-1.277
-1.128
-1.338
-1.649
-1.043
-0.711
-0.938
-1.004
-0.586
-1.675
-1.569
-1.602
-1.552
-1.452
-1.085
-1.982
-0.833
-1.333
-1.406
-1.587
-1.861
-1.343
-1.364
-1.711
-1.205
-1.614
-1.163
-1.968
-1.531
-1.897
-1.282
-1.886
-2.02
-1.711
-1.354
-1.803
-1.522
-1.664
-1.975
-2.433
-2.007
-1.9
-1.844
-1.622
-1.76
-1.871
-0.637
-1.696
-1.121
-1.2
-2.046
-1.934
-1.516
-2.095
-1.824
-1.542
-1.155
-1.907
-1.79
-1.803
-1.359
-1.289
-1.551
-0.987
-1.571
-2.027
-1.837
-2.016
-2.052
-1.386
-1.689
-0.835
-1.27
-1.504
-1.573
-1.812
-1.535
-1.88
-1.955
-2.119
-1.248
-1.451
-1.946
-1.663
-1.187
-0.818
-1.879
-1.345
-2.114
-1.538
-0.923
-1.366
-1.407
-1.575
-1.533
-1.682
-1.792
-1.538
-1.236
-1.317
-2.091
-1.566
-1.274
-1.381
-1.436
-1.68
-1.776
-1.717
-1.946
-1.668
-1.578
-1.049
-2.104
-1.699
-2.066
-1.516
-1.514
-1.484
-1.237
-2.249
-1.964
-1.378
-1.653
-1.832
-1.893
-1.96
-1.643
-1.692
-1.6
-1.874
-2.096
-2.058
-1.11
-1.892
-1.769
-1.183
-2.026
-1.553
-1.214
-1.524
-1.677
-2.123
-2.258
-1.88
-2.158
-1.522
-1.887
-0.797
-1.383
-1.541
-1.679
-2.065
-1.651
-1.971
-2.531
-1.988
-2.173
-2.19
-1.809
-1.994
-2.082
-1.711
-1.638
-1.785
-2.561
-1.432
-1.743
-1.167
-1.912
-1.707
-1.949
-1.564
-1.879
-1.801
-1.183
-1.915
-2.226
-1.35
-1.726
-1.381
-1.626
-1.6
-1.305
-1.104
-1.26
-1.709
-1.928
-1.558
-1.827
-1.623
-1.777
-1.977
-1.8
-1.429
-1.345
-2.195
-1.522
-1.675
-1.75
-1.821
-1.654
-2.427
-1.279
-1.516
-1.431
-1.605
-1.517
-1.303
-2.031
-1.447
-1.826
-1.701
-1.625
-2.118
-1.661
-1.493
-0.606
-1.517
-1.144
-1.088
-1.959
-1.12
-1.691
-1.934
-1.953
-1.897
-1.804
-1.982
-1.645
-1.535
-1.765
-2.025
-2.098
-1.445
-1.365
-1.744
-1.346
-1.604
-1.346
-1.349
-1.892
-1.681
-1.604
-1.687
-1.43
-1.251
-1.85
-1.704
-1.68
-1.144
-1.386
-1.05
-1.276
-1.503
-1.597
-1.261
-1.186
-1.302
-1.28
-1.23
-1.038
-1.727
-1.957
-1.422
-0.722
-1.362
-1.268
-1.096
-1.406
-0.914
-1.315
-1.553
-1.379
-1.071
-1.4
-1.279
-1.146
-0.45
-1.655
-1.105
-1.195
-0.431
-1.567
-1.488
-1.563
-1.204
-0.947
-1.026
-1.455
-1.379
-1.324
-1.204
-1.698
-0.846
-1.557
-1.074
-1.572
-1.429
-1.012
-1.345
-0.43
-1.664
-1.312
-1.09
-1.395
-1.599
-1.348
-1.684
-1.057
-1.276
-1.544
-1.344
-1.611
-1.583
-1.361
-1.361
-1.448
-1.783
-1.553
-1.422
-0.958
-1.491
-1.455
-1.489
-1.249
-1.989
-1.336
-2.009
-1.503
-1.085
-1.494
-1.097
-1.4
-1.874
-1.982
-0.699
-1.477
-1.462
-1.194
-1.309
-1.261
-1.554
-1.583
-0.705
-1.211
-1.155
-1.363
-1.542
-0.875
-0.669
-0.919
-1.243
-1.687
-1.505
-1.766
-1.465
-0.627
-0.783
-1.444
-1.329
-1.292
-1.206
-1.362
-1.57
-1.102
-1.72
-2.028
-0.812
-1.118
-0.972
-1.512
-0.953
-1.125
-1.15
-1.635
-0.834
-1.125
-1.48
-1.491
-0.871
-1.529
-1.513
-1.278
-0.764
-1.391
-1.459
-0.737
-0.847
-1.203
-0.658
-1.544
-1.561
-1.144
-1.273
-0.919
-1.633
-1.527
-0.391
-0.579
-1.825
-0.821
-0.998
-1.27
-1.358
-0.662
-0.745
-1.329
-1.065
-1.234
-1.195
-1.268
-1.028
-0.957
-0.679
-1.136
-1.201
-1.332
-1.117
-0.903
-1.257
-1.134
-1.465
-1.263
-0.929
-0.778
-1.632
-0.884
-1.588
-1.218
-1.135
-0.884
-1.286
-0.503
-1.48
-0.836
-0.851
-0.935
-1.063
-1.577
-1.345
-0.189
-0.858
-0.993
-1.876
-1.185
-0.885
-1.029
-2.039
-1.0
-1.165
-1.055
-1.297
-1.906
-1.273
-1.793
