-56.77
-64.01
-59.17
-57.65
-61.67
-64.55
-57.95
-61.6
-59.93
-58.31
-64.66
-55.73
-52.48
-63.77
-57.69
-61.74
-52.83
-68.7
-69.11
-72.14
-69.51
-59.62
-60.9
-64.46
-75.67
-67.82
-64.2
-69.96
-70.92
-74.69
-74.5
-69.92
-62.79
-57.18
-72.17
-69.68
-61.91
-54.23
-63.64
-57.95
-56.81
-54.19
-65.26
-58.91
-58.9
-60.81
-61.16
-62.28
-51.56
-52.97
-56.37
-55.62
-63.11
-62.33
-55.54
-71.77
-57.48
-65.0
-60.1
-61.59
-66.81
-61.43
-69.56
-77.82
-66.52
-65.32
-69.87
-67.57
-65.17
-66.97
-68.81
-61.44
-65.83
-73.48
-69.3
-74.62
-65.27
-57.83
-72.72
-71.44
-63.68
-78.18
-65.97
-65.51
-73.09
-72.48
-72.1
-73.04
-77.16
-72.06
-73.11
-71.92
-66.51
-77.47
-65.08
-72.86
-80.54
-73.29
-68.42
-67.89
-72.85
-63.08
-68.17
-67.84
-66.88
-68.49
-63.21
-67.64
-66.76
-60.23
-65.2
-65.29
-67.04
-63.39
-70.87
-69.32
-70.27
-74.89
-74.49
-71.2
-71.77
-68.73
-65.19
-64.43
-72.68
-71.27
-68.34
-70.4
-72.39
-69.51
-73.0
-66.01
-66.12
-64.66
-60.77
-65.22
-63.47
-68.39
-66.3
-68.94
-60.68
-63.15
-63.78
-66.52
-61.19
-61.61
-70.91
-61.95
-57.38
-53.44
-64.81
-66.82
-67.13
-59.4
-65.29
-79.41
-65.58
-65.41
-61.84
-67.99
-64.32
-61.19
-61.54
-75.21
-57.12
-67.67
-76.94
-67.86
-62.78
-64.66
-65.17
-61.77
-68.79
-59.96
-64.4
-60.95
-68.6
-70.17
-72.55
-67.34
-65.57
-66.89
-59.46
-60.04
-66.76
-73.36
-70.78
-71.55
-71.45
-68.24
-72.62
-65.93
-67.74
-58.84
-53.49
-66.17
-67.13
-58.16
-63.52
-63.26
-61.44
-73.61
-71.01
-64.63
-66.47
-68.3
-67.27
-59.39
-62.96
-56.42
-64.59
-62.02
-71.15
-56.83
-59.26
-63.33
-60.3
-70.97
-72.95
-69.94
-70.59
-69.32
-76.47
-65.05
-64.99
-63.03
-61.81
-66.13
-61.55
-61.29
-63.44
-61.32
-63.56
-64.13
-59.74
-56.0
-57.14
-69.83
-61.4
-60.42
-67.26
-66.02
-61.13
-62.75
-58.67
-61.76
-58.56
-60.59
-60.74
-60.02
-59.85
-63.77
-68.95
-67.12
-67.2
-66.68
-73.39
-60.18
-61.3
-52.6
-71.63
-56.32
-60.02
-57.11
-56.35
-59.98
-60.12
-69.57
-68.46
-67.66
-65.36
-60.48
-65.17
-55.51
-63.42
-69.01
-67.36
-68.96
-62.69
-64.91
-73.27
-61.55
-61.03
-64.66
-65.83
-64.14
-62.91
-66.62
-59.8
-62.1
-57.11
-54.44
-55.96
-56.41
-48.44
-48.91
-60.72
-56.51
-54.28
-58.77
-60.21
-54.72
-53.7
-60.64
-58.26
-59.8
-64.8
-63.65
-65.52
-62.54
-61.54
-63.86
-70.47
-60.98
-66.09
-63.95
-63.33
-58.24
-61.13
-58.79
-59.78
-70.38
-66.52
-65.37
-67.02
-62.63
-67.13
-66.01
-73.95
-68.29
-57.82
-71.53
-61.17
-69.57
-77.41
-67.17
-66.1
-77.3
-74.01
-72.91
-79.16
-74.61
-73.16
-72.83
-72.07
-77.69
-73.43
-71.41
-69.6
-74.73
-79.81
-78.85
-81.06
-75.49
-65.75
-69.45
-67.78
-62.04
-73.6
-80.93
-76.28
-71.92
-70.74
-72.3
-71.14
-69.25
-72.62
-66.42
-71.78
-74.94
-77.3
-74.31
-67.02
-80.01
-68.4
-70.95
-76.0
-72.21
-68.4
-76.56
-73.39
-64.79
-77.31
-70.12
-73.32
-57.74
-71.53
-71.29
-76.65
-69.88
-75.39
-75.26
-76.93
-72.04
-73.54
-74.58
-74.97
-82.49
-78.16
-73.67
-73.83
-73.07
-71.55
-68.5
-79.34
-75.33
-72.87
-76.93
-85.16
-78.05
-72.27
-73.51
-77.58
-69.99
-74.52
-82.05
-63.92
-75.55
-57.12
-73.98
-78.3
-67.86
-66.95
-78.09
-75.09
-77.91
-78.54
-75.57
-76.31
-72.02
-71.8
-78.08
-74.6
-73.79
-76.48
-73.06
-76.54
-79.06
-66.12
-67.12
-65.55
-73.98
-67.15
-71.01
-62.92
-63.75
-63.54
-67.02
-74.88
-81.16
-71.17
-71.4
-62.61
-65.65
-72.26
-70.77
-74.7
-73.78
-70.88
-77.72
-74.14
-69.61
-79.09
-70.75
-75.19
-76.89
-80.52
-73.59
-70.56
-75.84
-76.51
-72.27
-72.25
-82.8
-74.61
-71.42
-70.64
-72.59
-79.71
-73.48
-70.98
-78.97
-73.26
-72.72
-73.88
-70.45
-78.25
-79.08
-79.1
-85.27
-80.42
-74.6
-89.69
-80.51
-79.71
-70.38
-73.86
-79.48
-76.04
-75.15
-79.32
