-1.523
-2.763
-2.794
-2.616
-2.232
-2.04
-3.55
-3.263
-1.525
-5.288
-5.293
-0.449
-1.47
-6.718
-3.943
-4.792
-4.914
-6.244
-4.651
-7.225
-4.093
-4.35
-5.894
-4.58
-3.953
-2.826
-7.56
-5.404
-5.305
-3.409
-7.028
-6.874
-2.597
-4.695
-6.59
-6.728
-5.272
-6.539
-4.235
-7.54
-6.365
-7.442
-7.688
-5.799
-5.446
-7.193
-6.272
-6.1
-5.052
-6.862
-7.257
-2.294
-4.084
-5.089
-6.597
-1.632
-2.397
-6.071
-8.022
-2.709
-4.653
-5.908
-7.591
-6.665
-5.412
-7.069
-5.398
-6.751
-5.889
-7.198
-6.033
-6.19
-5.646
-3.359
-4.445
-4.797
-3.955
-4.609
-2.787
-8.456
-3.739
-2.06
-2.634
-1.676
-4.984
-2.187
-6.345
-2.737
-5.634
-5.746
-5.402
-4.42
-1.858
-5.257
-4.848
-3.333
-4.696
-5.024
-5.676
-0.351
-0.054
-4.064
-1.002
-1.771
-2.938
-0.148
-4.264
-0.114
-7.573
-3.721
-3.433
-2.428
-0.463
-4.278
-4.778
-3.844
-2.525
-5.276
-4.127
-3.612
-2.54
-4.146
-2.562
-2.795
-5.813
-6.77
-3.976
-4.594
-3.329
-6.768
-5.195
-3.654
-4.077
-5.921
-3.272
-2.234
-2.338
1.401
1.039
-0.346
0.842
-2.753
-6.562
-6.686
-2.66
-4.727
-0.113
-5.792
-0.885
-3.162
-5.177
-6.714
-4.697
-4.227
-4.884
-0.792
-5.636
-0.473
0.061
-5.423
-5.056
-3.585
-2.851
-2.327
-4.544
-4.866
-2.455
-1.972
-4.232
-0.991
-3.744
-2.216
-3.782
-3.957
-2.694
-5.716
-5.179
-1.686
-3.22
-2.077
-0.623
-0.357
-1.207
-4.246
-2.467
-5.149
-1.524
-1.364
-1.514
-2.914
-2.618
-4.491
-2.263
-3.19
-0.278
-2.613
-0.411
-0.699
-1.429
-4.234
-0.803
-4.003
-1.591
-2.936
-1.105
0.98
0.408
-2.907
-1.768
-4.569
-2.206
-1.448
-3.044
-1.981
-2.38
0.278
-2.256
-2.09
-6.185
-0.302
-1.41
-2.492
0.124
-2.98
0.485
-2.01
-2.833
-3.289
-0.432
-0.316
-2.277
-1.056
-2.179
-5.309
-1.003
-0.932
-2.455
-5.061
-4.511
-3.012
-4.854
-3.792
-5.294
-2.983
-5.229
-3.058
-4.247
-1.944
-3.571
-2.023
-3.278
-3.747
-4.06
-5.321
-5.211
-5.887
-3.672
-4.674
-3.245
-3.536
-1.679
-4.006
-4.007
-1.027
-4.626
-1.674
-4.705
-4.332
-5.219
-3.303
-3.57
-5.539
-4.126
0.214
-4.081
-3.687
1.087
-3.718
-1.684
-3.394
-0.765
-2.755
-2.347
-3.911
-3.116
-3.619
-6.177
-4.45
-6.152
-4.862
0.379
-3.185
-4.498
-2.311
-3.259
-4.837
-3.128
-4.305
-1.405
-2.233
-1.791
-4.279
-2.654
-4.083
-4.623
-2.158
-3.691
-3.227
-2.905
-1.555
-0.197
-2.982
-3.303
-1.175
-2.256
-0.61
-0.547
-2.882
-4.97
-3.862
-2.201
-0.023
-3.357
-4.511
-4.17
-3.691
-0.786
-4.092
-3.146
-3.602
-3.144
-3.886
-5.365
-6.983
-6.317
-5.769
-6.51
-7.684
-10.184
-6.165
-8.821
-8.098
-6.448
-5.562
-8.552
-6.511
-7.335
-5.478
-7.3
-7.969
-7.515
-5.465
-7.492
-7.578
-5.551
-7.867
-8.419
-8.404
-7.32
-8.465
-5.358
-6.316
-9.451
-9.05
-6.958
-6.047
-7.005
-7.581
-7.525
-9.444
-7.985
-7.023
-7.589
-6.652
-4.343
-7.134
-6.049
-7.202
-4.3
-5.115
-5.303
-8.208
-7.975
-8.683
-6.359
-6.556
-5.008
-5.513
-7.065
-7.801
-7.822
-7.671
-7.02
-7.628
-7.397
-7.746
-8.867
-7.525
-7.821
-6.743
-7.065
-6.441
-7.682
-7.524
-6.718
-5.989
-8.185
-3.737
-6.488
-5.613
-4.716
-7.364
-5.288
-6.613
-5.361
-5.741
-6.143
-5.639
-4.614
-6.011
-5.374
-6.65
-6.948
-6.683
-6.057
-7.16
-6.445
-3.465
-4.579
-4.888
-8.067
-6.929
-7.071
-6.505
-5.051
-7.764
-7.906
-7.267
-6.223
-6.675
-4.996
-3.371
-7.239
-6.233
-7.939
-5.879
-5.056
-4.658
-9.715
-5.075
-6.676
-7.865
-6.78
-8.098
-8.955
-7.747
-7.762
-6.738
-8.743
-7.711
-8.756
-7.032
-7.507
-7.24
-8.747
-8.319
-6.561
-7.678
-8.208
-2.234
-6.625
-7.751
-7.03
-7.769
-6.605
-6.68
-4.292
-5.21
-5.462
-8.32
-8.077
-9.334
-9.343
-6.553
-6.337
-5.428
-8.034
-8.274
-7.185
-7.743
-6.261
-6.24
-7.739
-7.708
-7.714
-6.741
-5.782
-7.995
-6.972
-6.365
-7.018
