-386.278
-402.265
-396.075
-409.404
-396.394
-424.883
-399.121
-406.114
-399.651
-367.061
-453.117
-374.474
-362.09
-402.426
-391.419
-440.676
-427.661
-429.36
-440.635
-422.471
-450.782
-461.442
-447.963
-472.639
-541.184
-493.059
-469.246
-495.115
-470.664
-481.106
-504.91
-514.654
-496.797
-437.268
-498.056
-530.071
-462.799
-478.201
-460.921
-443.635
-486.067
-473.705
-483.177
-485.998
-407.455
-464.594
-453.021
-485.896
-455.893
-491.077
-463.96
-442.882
-462.898
-504.088
-483.73
-491.417
-499.514
-448.262
-482.695
-430.125
-464.345
-471.847
-541.452
-534.827
-491.279
-511.159
-488.719
-490.902
-492.854
-473.498
-441.389
-473.481
-466.491
-468.58
-474.815
-464.347
-501.384
-488.127
-498.065
-496.772
-431.336
-533.647
-505.912
-461.885
-494.011
-481.724
-486.894
-508.957
-515.107
-533.786
-538.578
-469.78
-452.608
-491.856
-483.739
-474.987
-483.446
-532.97
-417.654
-441.6
-443.119
-393.342
-424.391
-443.538
-431.755
-452.102
-419.975
-435.472
-416.751
-423.637
-434.5
-456.855
-448.118
-414.166
-433.561
-473.635
-455.752
-407.341
-461.984
-479.268
-449.616
-453.511
-456.909
-439.151
-475.902
-492.65
-475.062
-460.687
-437.355
-438.448
-497.496
-444.112
-454.184
-471.105
-423.729
-449.456
-435.362
-441.287
-422.538
-433.336
-403.072
-450.983
-417.3
-425.778
-434.175
-422.823
-425.508
-412.404
-436.514
-426.958
-450.407
-483.928
-467.376
-414.113
-482.974
-500.694
-460.503
-447.361
-456.253
-446.309
-454.715
-487.386
-473.842
-525.874
-475.991
-516.662
-525.017
-459.186
-429.746
-465.084
-492.305
-457.944
-460.871
-425.733
-435.892
-456.503
-449.671
-464.878
-441.409
-497.421
-443.042
-440.951
-423.836
-425.299
-479.836
-466.623
-491.622
-479.447
-486.139
-453.599
-472.467
-479.697
-467.996
-439.199
-471.589
-482.76
-464.206
-469.047
-460.155
-444.342
-444.964
-466.984
-472.256
-446.65
-436.394
-490.534
-469.964
-452.309
-408.774
-459.706
-425.133
-426.371
-491.605
-450.008
-441.681
-460.524
-443.206
-446.464
-488.392
-475.232
-508.058
-469.776
-494.606
-418.735
-421.268
-416.871
-431.062
-464.973
-438.819
-438.998
-426.453
-440.264
-441.825
-432.794
-436.614
-433.764
-403.064
-482.221
-419.401
-430.653
-451.119
-439.146
-446.842
-413.575
-414.796
-415.112
-391.183
-392.833
-423.431
-408.754
-452.98
-424.906
-461.15
-437.169
-464.344
-472.352
-429.856
-448.246
-447.761
-432.664
-472.682
-392.482
-396.727
-407.299
-438.557
-425.87
-421.765
-493.18
-444.529
-464.279
-406.651
-424.015
-437.535
-387.228
-459.325
-481.451
-475.287
-468.83
-439.11
-417.85
-430.87
-434.162
-363.305
-442.148
-430.254
-428.358
-428.183
-495.151
-436.165
-432.981
-403.924
-408.395
-377.413
-367.165
-394.925
-450.877
-421.123
-409.942
-416.758
-439.056
-414.235
-398.164
-417.665
-456.374
-436.016
-435.457
-456.628
-491.122
-451.799
-468.538
-467.496
-436.9
-504.249
-479.688
-533.638
-408.54
-458.585
-476.431
-406.1
-418.186
-444.607
-459.63
-438.871
-453.479
-434.864
-403.38
-492.969
-427.655
-448.938
-452.276
-449.271
-519.398
-470.298
-509.683
-522.305
-485.928
-484.377
-522.928
-502.55
-465.83
-527.339
-531.745
-514.31
-546.978
-534.38
-527.186
-536.292
-520.594
-533.528
-510.598
-522.549
-531.893
-521.458
-501.91
-524.695
-483.216
-511.37
-510.492
-505.261
-501.074
-493.037
-495.95
-547.325
-517.395
-484.303
-496.92
-494.126
-443.478
-488.55
-513.824
-518.583
-532.267
-531.324
-566.122
-499.528
-559.851
-573.637
-530.549
-522.283
-527.75
-530.635
-480.506
-504.261
-534.304
-533.689
-489.782
-522.918
-540.299
-542.125
-591.724
-552.124
-532.405
-552.014
-570.365
-500.637
-522.829
-538.111
-523.025
-535.245
-508.715
-502.576
-544.055
-536.255
-526.182
-534.321
-543.111
-506.789
-537.438
-540.222
-532.822
-551.151
-546.6
-530.678
-498.321
-546.021
-522.27
-541.191
-539.566
-515.584
-532.007
-531.615
-534.229
-538.876
-521.358
-486.655
-500.901
-473.629
-544.992
-511.437
-542.442
-553.893
-542.961
-523.044
-540.3
-518.965
-474.362
-521.062
-521.743
-506.073
-493.566
-464.661
-474.144
-513.68
-517.989
-522.231
-500.819
-502.776
-479.784
-501.424
-534.199
-523.008
-504.735
-472.376
-434.159
-475.852
-514.212
-517.294
-547.993
-546.526
-538.368
-535.13
-565.958
-586.366
-564.534
-578.515
-533.05
-559.24
-566.05
-544.173
-556.653
-509.383
-536.519
-531.315
-563.995
-551.623
-518.107
-529.863
-517.359
-524.148
-506.624
-555.269
-589.261
-599.077
-568.236
-521.922
-545.036
-579.806
-571.792
-559.361
-576.175
-583.081
-621.301
-582.119
-608.769
-613.257
-537.092
-586.777
-538.698
-576.568
-584.728
-576.213
