-16.124
-17.035
-14.783
-16.333
-14.914
-18.922
-13.146
-19.7
-14.643
-18.113
-18.083
-14.189
-17.671
-18.914
-14.59
-15.904
-18.119
-14.823
-13.842
-14.884
-11.32
-16.28
-15.843
-11.371
-17.432
-13.634
-13.441
-11.859
-18.174
-21.698
-17.392
-11.39
-12.255
-15.919
-19.423
-16.661
-14.592
-17.159
-16.039
-11.889
-18.99
-13.787
-11.073
-22.449
-14.488
-20.398
-21.785
-23.615
-16.271
-15.605
-16.963
-21.823
-14.274
-16.703
-17.148
-14.76
-12.688
-17.121
-20.532
-9.217
-15.089
-17.604
-20.366
-14.759
-18.477
-15.877
-18.379
-18.608
-18.135
-16.167
-17.09
-23.11
-16.98
-11.612
-19.227
-14.382
-19.269
-24.221
-18.257
-17.409
-16.86
-20.916
-20.274
-9.878
-18.226
-15.256
-18.354
-15.106
-13.326
-18.365
-18.702
-13.793
-19.276
-12.78
-15.424
-18.601
-15.14
-15.644
-12.017
-16.139
-17.714
-18.715
-13.064
-15.815
-19.697
-18.111
-15.706
-17.826
-16.738
-17.738
-9.686
-14.088
-16.214
-11.249
-15.702
-17.646
-16.585
-15.395
-16.637
-12.689
-16.992
-20.125
-15.341
-16.417
-13.826
-18.755
-16.966
-19.177
-20.148
-17.151
-12.178
-19.615
-13.625
-14.189
-19.545
-15.372
-13.995
-17.923
-19.691
-18.018
-17.505
-17.174
-21.937
-20.962
-15.715
-11.98
-12.268
-14.272
-17.975
-19.696
-16.516
-16.748
-20.288
-16.292
-16.681
-15.226
-10.876
-18.748
-12.364
-9.569
-19.27
-14.437
-17.888
-16.042
-17.677
-15.012
-13.837
-19.191
-17.174
-18.132
-16.063
-13.524
-14.001
-18.001
-18.853
-17.436
-18.176
-16.456
-16.701
-13.923
-12.994
-12.779
-15.259
-15.228
-17.965
-16.741
-16.93
-12.568
-8.03
-15.281
-13.828
-22.165
-13.162
-16.006
-14.884
-13.197
-18.636
-15.908
-13.37
-20.057
-10.083
-17.069
-18.776
-17.795
-11.423
-19.595
-13.966
-18.92
-10.334
-14.425
-11.171
-9.98
-17.384
-16.857
-16.928
-18.003
-20.498
-13.581
-13.687
-22.241
-19.758
-18.773
-19.07
-16.577
-20.537
-16.791
-20.748
-17.967
-19.252
-14.312
-14.882
-17.855
-17.634
-17.734
-16.686
-16.332
-21.298
-20.019
-16.087
-17.721
-17.893
-17.91
-18.686
-16.733
-21.575
-18.746
-21.126
-14.846
-19.21
-16.776
-13.613
-16.608
-17.09
-18.994
-18.818
-14.253
-17.147
-15.053
-17.518
-15.741
-13.79
-19.344
-18.965
-20.685
-13.416
-19.74
-14.19
-13.455
-14.411
-18.194
-14.842
-9.298
-19.698
-14.311
-18.876
-14.598
-18.268
-17.729
-20.576
-15.113
-13.94
-17.062
-15.243
-16.359
-14.916
-8.601
-12.343
-14.664
-14.571
-15.468
-17.904
-12.805
-22.583
-16.441
-17.53
-23.571
-19.252
-11.256
-19.178
-19.513
-20.473
-19.626
-10.233
-21.444
-15.201
-20.398
-17.943
-20.092
-18.666
-21.599
-23.137
-19.947
-14.534
-18.908
-15.425
-19.692
-22.692
-21.303
-17.982
-21.432
-18.778
-14.284
-14.163
-18.779
-19.15
-16.571
-18.224
-20.792
-18.098
-14.248
-12.965
-13.277
-16.202
-14.227
-15.725
-16.742
-17.392
-13.528
-14.304
-15.058
-19.393
-16.255
-20.738
-22.843
-18.203
-17.478
-22.058
-16.198
-21.4
-16.692
-19.04
-15.411
-20.912
-19.109
-9.871
-18.967
-20.761
-17.622
-18.334
-16.222
-15.284
-20.948
-17.657
-12.427
-11.861
-20.085
-19.194
-24.425
-14.998
-19.91
-20.857
-18.189
-13.354
-13.308
-21.702
-15.29
-19.028
-14.569
-15.82
-14.844
-18.32
-16.745
-15.823
-19.485
-20.952
-16.879
-22.531
-21.792
-20.945
-22.53
-18.072
-16.628
-16.565
-21.095
-13.275
-15.905
-20.503
-21.407
-20.904
-24.572
-19.037
-21.963
-16.191
-22.496
-23.989
-19.565
-19.266
-15.67
-18.788
-15.683
-18.392
-18.765
-15.201
-20.761
-19.25
-18.626
-14.214
-11.922
-11.891
-19.523
-15.878
-20.107
-14.028
-17.308
-17.939
-14.767
-16.383
-17.758
-17.737
-16.073
-17.532
-17.895
-18.262
-13.607
-19.657
-18.291
-14.838
-12.801
-19.949
-14.057
-12.093
-16.419
-14.847
-17.015
-19.153
-14.074
-15.118
-15.307
-14.291
-14.624
-19.076
-16.422
-18.997
-14.958
-17.2
-18.159
-15.227
-12.816
-13.72
-15.667
-19.214
-13.049
-20.449
-18.304
-18.716
-15.891
-12.721
-18.157
-21.006
-14.164
-9.546
-14.559
-13.12
-7.185
-12.572
-13.997
-17.825
-12.871
-16.682
-15.466
-19.019
-16.039
-16.472
-16.214
-13.372
-12.007
-18.148
-15.702
-15.914
-10.187
-9.233
-17.96
-13.513
-19.356
-8.908
-15.07
-14.694
-16.742
-9.952
-12.115
-12.278
