-0.272
-0.176
-0.303
-0.226
-0.35
-0.296
-0.134
-0.142
-0.163
-0.239
-0.133
-0.303
-0.237
-0.151
-0.295
-0.256
-0.244
-0.335
-0.233
-0.176
-0.267
-0.319
-0.223
-0.263
-0.202
-0.196
-0.293
-0.268
-0.211
-0.302
-0.228
-0.243
-0.27
-0.249
-0.303
-0.248
-0.233
-0.222
-0.329
-0.199
-0.373
-0.232
-0.242
-0.237
-0.247
-0.258
-0.202
-0.282
-0.078
-0.165
-0.12
-0.264
-0.288
-0.123
-0.326
-0.234
-0.171
-0.19
-0.291
-0.266
-0.253
-0.223
-0.192
-0.244
-0.178
-0.19
-0.171
-0.193
-0.127
-0.184
-0.18
-0.195
-0.103
-0.171
-0.246
-0.155
-0.152
-0.088
-0.095
-0.16
-0.152
-0.126
-0.15
-0.151
-0.142
-0.216
-0.211
-0.176
-0.23
-0.2
-0.129
-0.156
-0.183
-0.203
-0.073
-0.191
-0.227
-0.249
-0.134
-0.099
-0.101
-0.058
-0.21
-0.213
-0.256
-0.134
-0.162
-0.122
-0.3
-0.123
-0.114
-0.101
-0.123
-0.176
-0.122
-0.239
-0.149
-0.159
-0.252
-0.175
-0.267
-0.237
-0.22
-0.217
-0.192
-0.242
-0.244
-0.278
-0.235
-0.194
-0.156
-0.14
-0.187
-0.12
-0.221
-0.285
-0.17
-0.178
-0.206
-0.085
-0.205
-0.262
-0.172
-0.172
-0.221
-0.137
-0.177
-0.14
-0.268
-0.281
-0.189
-0.141
-0.165
-0.163
-0.135
-0.341
-0.177
-0.206
-0.234
-0.216
-0.207
-0.189
-0.284
-0.263
-0.191
-0.154
-0.205
-0.168
-0.115
-0.273
-0.155
-0.091
-0.242
-0.174
-0.23
-0.211
-0.229
-0.248
-0.045
-0.267
-0.054
-0.169
-0.179
-0.223
-0.13
-0.081
-0.14
-0.143
-0.039
-0.181
-0.188
-0.203
-0.251
-0.182
-0.139
-0.175
-0.229
-0.152
-0.219
-0.211
-0.137
-0.101
-0.148
-0.169
-0.16
-0.21
-0.204
-0.287
-0.207
-0.152
-0.166
-0.09
-0.17
-0.172
-0.202
-0.167
-0.082
-0.265
-0.265
-0.16
-0.157
-0.194
-0.237
-0.225
-0.327
-0.202
-0.073
-0.226
-0.193
-0.257
-0.141
-0.183
-0.201
-0.264
-0.116
-0.201
-0.191
-0.228
-0.205
-0.2
-0.122
-0.249
-0.234
-0.172
-0.179
-0.217
-0.247
-0.206
-0.218
-0.127
-0.163
-0.145
-0.24
-0.178
-0.167
-0.225
-0.119
-0.186
-0.216
-0.189
-0.192
-0.144
-0.169
-0.11
-0.146
-0.164
-0.303
-0.173
-0.194
-0.235
-0.07
-0.157
-0.092
-0.157
-0.106
-0.191
-0.183
-0.173
-0.075
-0.093
-0.144
-0.091
-0.131
-0.142
-0.206
-0.165
-0.198
-0.26
-0.185
-0.333
-0.156
-0.276
-0.23
-0.187
-0.207
-0.266
-0.196
-0.092
-0.134
-0.036
-0.115
-0.231
-0.16
-0.219
-0.208
-0.23
-0.166
-0.187
-0.293
-0.238
-0.169
-0.143
-0.146
-0.171
-0.186
-0.2
-0.246
-0.149
-0.235
-0.237
-0.143
-0.181
-0.206
-0.244
-0.119
-0.271
-0.249
-0.199
-0.222
-0.186
-0.112
-0.236
-0.192
-0.181
-0.234
-0.27
-0.184
-0.173
-0.241
-0.35
-0.199
-0.163
-0.172
-0.194
-0.236
-0.119
-0.202
-0.125
-0.227
-0.199
-0.151
-0.178
-0.275
-0.05
-0.186
-0.015
-0.056
-0.142
-0.143
-0.195
-0.162
-0.252
-0.268
-0.151
-0.167
-0.194
-0.209
-0.292
-0.215
-0.277
-0.222
-0.256
-0.168
-0.138
-0.268
-0.149
-0.099
-0.206
-0.252
-0.282
-0.225
-0.23
-0.2
-0.097
-0.187
-0.274
-0.202
-0.303
-0.264
-0.265
-0.21
-0.226
-0.227
-0.166
-0.231
-0.121
-0.263
-0.223
-0.307
-0.232
-0.277
-0.184
-0.292
-0.266
-0.338
-0.328
-0.366
-0.31
-0.307
-0.268
-0.316
-0.277
-0.32
-0.162
-0.209
-0.202
-0.192
-0.352
-0.349
-0.316
-0.285
-0.084
-0.175
-0.287
-0.273
-0.251
-0.356
-0.417
-0.301
-0.255
-0.315
-0.359
-0.422
-0.304
-0.339
-0.331
-0.225
-0.371
-0.243
-0.321
-0.311
-0.288
-0.373
-0.413
-0.409
-0.28
-0.243
-0.355
-0.267
-0.274
-0.236
-0.22
-0.141
-0.178
-0.12
-0.213
-0.19
-0.129
-0.239
-0.357
-0.279
-0.275
-0.232
-0.27
-0.244
-0.221
-0.254
-0.207
-0.301
-0.248
-0.177
-0.353
-0.225
-0.304
-0.282
-0.255
-0.326
-0.209
-0.24
-0.274
-0.296
-0.292
-0.255
-0.321
-0.369
-0.198
-0.32
-0.321
-0.293
-0.342
-0.285
-0.433
-0.281
-0.333
-0.288
-0.317
-0.198
-0.341
-0.283
-0.358
-0.319
