-528.725
-518.196
-462.349
-474.47
-502.936
-524.769
-491.263
-450.306
-464.769
-478.665
-499.749
-506.365
-503.811
-504.36
-476.282
-513.726
-438.4
-452.671
-465.491
-463.476
-472.855
-511.024
-467.112
-500.342
-479.299
-500.107
-500.89
-472.01
-510.279
-487.259
-502.866
-466.282
-451.488
-422.398
-503.622
-470.809
-461.413
-484.596
-478.183
-557.937
-464.976
-509.185
-477.68
-525.709
-504.27
-488.208
-502.788
-573.007
-513.992
-534.968
-520.617
-511.513
-509.82
-540.01
-473.874
-517.798
-518.002
-494.841
-500.065
-496.218
-474.613
-473.492
-531.014
-503.358
-497.511
-475.335
-512.269
-471.511
-508.484
-511.658
-559.798
-525.92
-503.577
-442.47
-480.471
-464.998
-415.166
-474.171
-473.831
-460.778
-495.291
-508.083
-468.569
-493.98
-464.281
-519.307
-461.3
-496.439
-489.744
-506.547
-495.689
-454.037
-507.952
-512.578
-496.783
-510.982
-489.372
-504.997
-472.792
-492.197
-484.47
-511.522
-467.982
-481.537
-451.282
-533.884
-474.836
-512.611
-501.788
-473.663
-498.974
-464.736
-448.643
-485.087
-442.954
-464.855
-530.641
-504.3
-509.444
-500.221
-460.16
-494.012
-529.214
-454.233
-506.599
-519.389
-538.276
-509.619
-471.389
-430.265
-512.66
-473.173
-530.2
-506.677
-527.434
-517.22
-519.116
-536.87
-469.011
-517.503
-476.979
-490.437
-515.657
-495.173
-481.045
-438.848
-494.155
-529.346
-457.178
-458.177
-471.752
-496.117
-498.595
-499.751
-483.124
-480.08
-493.448
-535.674
-529.319
-532.972
-480.113
-482.674
-484.792
-514.375
-471.941
-492.567
-486.216
-473.907
-485.365
-495.318
-518.709
-518.427
-521.051
-526.365
-503.178
-502.305
-513.687
-522.103
-521.994
-482.268
-465.855
-458.348
-425.848
-527.81
-488.345
-465.794
-470.342
-495.299
-531.459
-482.936
-523.987
-464.6
-515.79
-531.411
-511.975
-490.925
-458.611
-469.562
-470.819
-470.617
-446.951
-497.414
-506.706
-536.707
-531.81
-501.335
-508.036
-463.182
-443.327
-519.612
-455.177
-514.56
-534.865
-538.731
-517.806
-534.023
-489.873
-523.416
-550.023
-499.93
-455.329
-507.487
-530.206
-523.955
-563.292
-484.04
-503.287
-541.078
-533.87
-473.13
-488.704
-514.547
-515.407
-536.986
-569.264
-549.289
-481.696
-528.055
-522.592
-494.193
-471.997
-458.118
-479.958
-506.786
-483.247
-423.229
-460.752
-479.559
-463.307
-428.268
-441.406
-468.118
-483.158
-479.476
-480.437
-494.181
-457.791
-440.71
-445.721
-447.595
-441.143
-472.365
-444.615
-474.335
-485.763
-479.166
-474.828
-450.131
-453.995
-459.193
-500.153
-451.768
-443.157
-462.597
-449.305
-485.631
-514.763
-496.17
-499.833
-472.096
-438.079
-468.567
-423.23
-459.811
-510.874
-512.741
-579.108
-505.889
-575.102
-517.571
-569.823
-579.553
-562.208
-567.761
-603.604
-565.835
-512.008
-500.369
-553.606
-496.899
-499.768
-523.295
-572.668
-498.17
-454.091
-442.276
-472.534
-509.13
-510.732
-513.098
-508.361
-501.279
-529.302
-510.883
-437.391
-506.651
-472.729
-497.739
-505.849
-404.502
-441.522
-471.617
-459.078
-478.85
-460.727
-468.211
-473.297
-460.708
-479.247
-466.253
-479.692
-429.113
-433.063
-438.877
-460.398
-457.732
-455.046
-458.027
-496.241
-468.309
-456.125
-493.008
-453.17
-460.791
-499.53
-447.973
-487.836
-510.453
-464.115
-441.948
-495.084
-468.075
-472.103
-477.569
-460.224
-445.414
-442.292
-493.87
-439.397
-479.154
-473.963
-451.6
-408.415
-431.301
-453.659
-505.577
-492.599
-473.298
-517.828
-493.127
-493.233
-480.101
-461.8
-428.852
-446.494
-406.917
-397.966
-409.693
-406.757
-423.128
-425.973
-409.664
-384.234
-412.389
-388.21
-410.431
-405.484
-415.939
-410.494
-439.343
-410.703
-426.671
-463.874
-415.065
-417.041
-433.395
-439.392
-425.04
-429.378
-453.142
-468.734
-400.217
-451.984
-474.606
-463.141
-469.452
-451.99
-427.204
-438.84
-468.586
-494.15
-441.677
-497.497
-489.229
-462.009
-451.103
-481.137
-491.003
-473.781
-433.201
-429.644
-446.258
-410.558
-388.971
-439.185
-488.788
-464.632
-441.982
-415.749
-420.623
-437.968
-413.044
-380.621
-371.614
-456.76
-431.854
-442.625
-416.288
-396.161
-426.424
-423.419
-427.629
-406.21
-526.364
-464.657
-472.449
-407.896
-492.138
-363.022
-405.565
-400.101
-392.134
-413.846
-442.232
-422.292
-429.938
-415.142
-425.431
-447.111
-446.282
-456.636
-495.07
-453.967
-450.106
-490.369
-477.044
-464.12
-452.103
-488.315
-426.45
-449.345
-460.811
-414.071
-418.914
-449.913
-430.628
-402.377
-449.376
-436.686
-391.368
-410.434
-419.001
-431.145
-435.077
-424.207
-407.589
-378.106
-445.727
-434.14
-462.05
-434.018
-440.77
-456.469
-433.1
-429.218
-414.725
-444.082
-392.253
-452.336
-456.293
-394.892
