-2.002
-2.284
-2.13
-2.813
-2.809
-3.436
-2.201
-1.695
-2.434
-2.36
-2.508
-3.046
-3.088
-2.535
-3.212
-2.839
-3.487
-3.083
-2.126
-2.915
-2.231
-2.588
-3.167
-2.049
-2.598
-3.216
-2.562
-2.219
-3.1
-2.191
-2.278
-1.884
-2.894
-1.55
-2.406
-2.202
-2.339
-2.077
-1.585
-1.974
-2.039
-1.719
-2.455
-2.061
-2.029
-2.421
-1.988
-3.537
-2.87
-3.537
-1.908
-2.25
-2.386
-2.326
-3.258
-2.813
-3.525
-2.728
-2.56
-2.123
-2.786
-3.052
-2.986
-2.72
-3.12
-2.974
-3.572
-2.323
-2.318
-2.377
-2.688
-3.064
-2.54
-2.199
-2.798
-2.525
-2.647
-2.173
-3.307
-2.779
-2.561
-2.718
-2.648
-2.277
-2.132
-3.513
-3.214
-2.362
-2.391
-2.795
-2.345
-2.39
-3.246
-2.997
-2.884
-2.739
-2.533
-3.022
-3.328
-2.757
-3.215
-3.208
-2.733
-2.725
-2.658
-2.607
-2.785
-2.679
-2.624
-3.252
-3.052
-2.202
-2.685
-3.081
-3.077
-2.47
-2.203
-2.522
-3.415
-2.918
-3.0
-3.285
-2.466
-2.889
-2.423
-3.224
-3.037
-3.533
-3.161
-3.128
-3.465
-3.095
-2.909
-2.664
-3.231
-2.51
-2.541
-2.465
-2.491
-2.82
-2.784
-3.201
-3.154
-3.061
-3.352
-2.249
-2.566
-2.715
-3.541
-3.214
-2.973
-2.864
-2.83
-3.107
-2.912
-2.846
-3.262
-2.669
-2.531
-2.638
-2.91
-2.271
-3.102
-2.536
-2.743
-2.688
-2.627
-3.006
-2.789
-2.841
-2.928
-2.311
-3.612
-3.054
-3.083
-3.487
-2.914
-3.05
-3.176
-3.218
-2.351
-2.979
-2.448
-3.02
-2.7
-2.589
-2.696
-2.737
-2.215
-2.516
-2.427
-3.025
-2.553
-3.002
-2.894
-3.716
-2.645
-2.146
-2.422
-2.225
-1.724
-2.077
-2.476
-2.43
-2.401
-2.368
-1.909
-2.613
-2.359
-2.214
-2.638
-2.61
-2.767
-2.95
-3.214
-2.519
-2.549
-2.366
-3.228
-2.959
-2.537
-3.359
-2.77
-2.688
-2.102
-2.242
-2.541
-2.418
-2.091
-2.805
-2.127
-1.984
-2.427
-2.036
-2.64
-3.665
-3.644
-2.756
-3.464
-2.742
-3.548
-3.172
-3.17
-3.019
-2.788
-3.153
-3.158
-2.771
-2.649
-2.746
-2.438
-2.91
-2.732
-3.336
-2.666
-2.552
-2.634
-2.648
-2.44
-2.427
-3.45
-3.18
-2.619
-2.791
-2.311
-2.7
-2.777
-1.803
-2.072
-2.152
-2.769
-2.429
-2.618
-2.394
-1.749
-2.447
-2.49
-2.08
-2.403
-1.969
-2.453
-3.082
-3.176
-3.487
-3.581
-2.604
-2.34
-2.71
-3.684
-2.683
-3.56
-2.363
-3.451
-3.754
-3.006
-3.079
-3.546
-2.983
-3.123
-3.226
-2.815
-2.173
-2.902
-3.317
-3.435
-3.205
-3.013
-3.335
-2.848
-2.575
-3.763
-2.903
-3.297
-3.361
-3.529
-3.154
-3.305
-3.687
-3.201
-3.505
-2.924
-3.396
-3.481
-2.894
-3.209
-2.77
-3.154
-2.975
-3.198
-2.784
-3.768
-3.087
-3.51
-2.91
-3.602
-3.055
-2.992
-2.698
-2.948
-2.803
-3.433
-3.232
-2.72
-2.356
-2.828
-3.025
-3.042
-2.4
-2.454
-2.42
-3.001
-2.81
-2.693
-2.454
-2.298
-1.676
-2.085
-2.368
-2.798
-2.508
-2.535
-2.446
-2.042
-2.35
-2.427
-2.749
-2.677
-2.921
-2.598
-3.068
-2.234
-2.901
-2.879
-2.383
-2.246
-3.167
-3.025
-2.15
-2.423
-2.503
-2.082
-2.874
-2.928
-2.44
-3.165
-3.127
-2.221
-2.546
-2.559
-2.492
-1.99
-2.849
-2.842
-2.733
-2.017
-2.928
-2.569
-2.859
-2.245
-3.256
-2.767
-2.466
-2.134
-1.759
-2.686
-2.093
-1.612
-2.288
-2.895
-2.031
-1.246
-1.976
-2.606
-2.941
-2.264
-2.357
-2.361
-3.382
-2.163
-2.822
-2.703
-1.676
-1.619
-2.513
-2.807
-2.158
-2.544
-1.985
-2.377
-1.758
-2.119
-1.109
-2.335
-1.93
-1.241
-1.976
-2.114
-1.417
-2.278
-2.212
-2.413
-2.24
-2.818
-2.064
-2.586
-1.995
-1.814
-1.965
-2.119
-1.817
-2.104
-1.902
-2.302
-2.128
-2.277
-2.619
-2.235
-2.269
-1.93
-2.286
-1.938
-1.848
-1.962
-1.883
-1.74
-1.785
-1.224
-1.743
-2.12
-1.716
-2.332
-1.718
-1.112
-0.721
-1.925
-1.381
-1.6
-1.585
-2.167
-1.819
-2.035
-1.157
-0.785
-1.583
-1.648
-1.514
-1.826
-2.036
-2.112
-1.801
-1.485
-1.447
-1.434
-1.713
-2.266
-2.07
-2.292
-1.988
-1.676
-1.438
-2.12
