-56.95
-51.25
-56.97
-64.11
-65.19
-56.32
-68.51
-58.51
-57.11
-69.21
-55.94
-67.87
-71.11
-64.48
-58.09
-57.88
-64.05
-65.48
-61.0
-71.79
-60.83
-64.38
-54.8
-66.19
-51.15
-59.38
-59.31
-47.94
-68.51
-71.81
-59.9
-50.33
-63.94
-58.29
-71.89
-66.85
-60.12
-60.06
-51.81
-65.64
-63.62
-60.22
-66.85
-62.51
-67.6
-72.99
-61.32
-62.25
-61.91
-58.85
-70.09
-67.9
-53.77
-66.0
-59.14
-65.62
-64.81
-61.53
-65.43
-60.87
-63.55
-59.41
-61.22
-70.95
-60.69
-68.94
-64.53
-68.12
-72.92
-72.87
-70.82
-65.59
-75.34
-65.2
-63.76
-63.46
-68.52
-65.89
-69.36
-64.75
-68.92
-71.07
-68.24
-69.94
-69.52
-63.35
-69.3
-71.14
-71.42
-71.0
-68.86
-62.43
-70.31
-76.25
-74.84
-71.86
-65.76
-61.44
-65.54
-60.59
-63.8
-60.05
-68.88
-71.75
-57.36
-61.17
-62.16
-69.16
-65.12
-73.15
-68.92
-57.28
-65.92
-67.95
-61.79
-65.51
-58.13
-60.96
-62.25
-62.44
-71.04
-69.71
-65.96
-72.85
-62.6
-69.1
-66.28
-74.72
-69.53
-74.0
-73.35
-67.1
-70.26
-67.35
-77.74
-69.43
-69.82
-61.7
-64.13
-63.94
-71.6
-71.53
-71.82
-62.91
-71.12
-59.96
-62.46
-64.25
-72.23
-72.01
-68.08
-67.63
-64.56
-72.3
-57.24
-66.58
-69.24
-70.1
-71.17
-59.65
-69.65
-66.34
-72.4
-66.05
-66.78
-62.33
-67.11
-60.23
-64.59
-69.29
-72.0
-67.18
-77.66
-68.34
-77.24
-63.39
-65.24
-61.32
-63.57
-63.45
-55.12
-62.54
-61.73
-58.53
-66.03
-68.61
-62.13
-67.93
-62.46
-70.55
-64.67
-71.35
-53.5
-64.0
-68.2
-62.53
-64.0
-56.45
-62.44
-58.14
-60.43
-60.49
-59.2
-58.48
-55.38
-57.27
-54.9
-61.36
-59.75
-60.57
-66.2
-55.46
-60.36
-64.32
-69.13
-69.93
-76.59
-68.63
-60.44
-65.77
-78.39
-64.38
-83.89
-71.26
-56.99
-64.6
-64.92
-72.13
-69.29
-68.37
-57.0
-61.36
-74.54
-60.95
-61.38
-66.7
-68.07
-67.1
-69.18
-62.97
-61.11
-70.64
-66.57
-67.07
-71.94
-62.45
-67.47
-71.52
-64.49
-67.55
-66.32
-64.59
-63.65
-61.38
-65.57
-52.63
-63.64
-62.28
-55.37
-49.36
-62.6
-67.68
-61.64
-64.82
-50.22
-58.97
-58.66
-61.66
-60.22
-51.41
-62.89
-49.3
-57.31
-61.42
-52.85
-52.17
-59.74
-60.89
-64.2
-62.14
-61.04
-64.69
-62.27
-60.26
-66.76
-75.42
-77.42
-70.64
-63.0
-80.57
-63.99
-72.78
-76.64
-77.35
-62.77
-82.39
-76.83
-66.52
-73.3
-68.85
-72.8
-72.29
-70.63
-68.14
-62.69
-66.66
-59.28
-66.74
-62.62
-71.05
-67.19
-66.05
-72.85
-65.36
-64.64
-74.6
-72.44
-74.79
-69.15
-66.61
-64.39
-68.24
-72.66
-64.44
-61.02
-58.65
-65.02
-61.96
-60.66
-60.11
-75.51
-65.94
-66.25
-58.81
-57.97
-61.32
-64.55
-61.34
-61.53
-63.75
-64.42
-69.61
-65.04
-70.28
-71.4
-59.8
-70.54
-74.55
-74.93
-63.45
-69.13
-71.04
-68.47
-68.34
-67.95
-64.26
-64.41
-66.98
-69.39
-65.21
-69.68
-63.4
-61.01
-51.81
-58.49
-59.66
-75.75
-75.99
-71.52
-67.64
-59.38
-68.63
-58.55
-55.06
-62.17
-55.34
-64.29
-52.63
-55.65
-58.41
-57.05
-57.16
-59.96
-63.25
-65.83
-55.13
-60.94
-68.42
-63.48
-69.56
-59.56
-60.53
-59.76
-68.09
-60.58
-56.71
-62.04
-67.74
-63.23
-70.17
-58.72
-62.64
-59.41
-44.38
-69.34
-41.98
-45.6
-65.0
-58.23
-70.38
-62.67
-59.52
-66.26
-55.2
-68.61
-57.48
-46.18
-38.64
-49.88
-38.64
-53.14
-57.85
-36.06
-59.08
-58.9
-53.55
-63.82
-54.46
-52.49
-40.89
-41.89
-37.17
-40.08
-59.16
-45.24
-59.19
-56.4
-40.89
-64.01
-54.77
-34.91
-45.12
-64.58
-70.49
-69.26
-47.73
-55.96
-59.88
-44.27
-56.08
-56.35
-60.62
-63.14
-61.28
-61.41
-52.85
-64.49
-66.83
-61.95
-63.0
-54.12
-59.14
-61.12
-55.54
-58.8
-62.31
-52.45
-54.16
-68.43
-60.49
-58.34
-52.47
-51.53
-61.84
-61.24
-58.9
-53.01
-55.78
-62.49
-51.47
-65.87
-49.61
-55.12
-60.31
-55.23
-55.3
-52.4
-54.88
-54.62
-51.56
-48.08
-53.98
-51.15
-56.65
-55.54
-55.63
-57.67
-60.51
-54.35
-58.18
-49.74
