-340.229
-338.167
-305.382
-346.873
-342.57
-340.771
-331.832
-302.51
-303.938
-343.992
-354.55
-364.976
-306.804
-313.176
-298.25
-338.727
-314.61
-347.258
-363.993
-368.709
-353.275
-371.84
-358.904
-394.053
-314.294
-361.402
-360.445
-330.617
-332.055
-368.302
-334.929
-298.8
-332.203
-295.167
-375.175
-327.552
-353.103
-334.045
-322.772
-390.126
-336.806
-361.166
-330.443
-370.023
-367.253
-358.689
-380.125
-399.392
-376.976
-381.099
-368.17
-369.486
-312.629
-376.209
-329.645
-317.398
-351.531
-353.638
-337.638
-354.348
-335.745
-305.873
-332.184
-343.942
-306.298
-320.715
-318.506
-335.022
-347.734
-376.895
-412.394
-360.26
-335.559
-331.775
-321.466
-307.082
-301.109
-301.684
-306.868
-293.123
-327.602
-341.847
-354.326
-334.446
-331.901
-352.115
-341.689
-343.523
-381.018
-354.036
-322.633
-260.041
-331.187
-365.985
-349.519
-333.733
-299.851
-342.027
-311.011
-327.779
-339.439
-307.475
-276.115
-353.579
-276.443
-306.876
-249.632
-374.582
-324.788
-309.0
-365.387
-287.134
-292.382
-281.856
-266.815
-309.542
-338.749
-321.255
-339.113
-345.746
-324.008
-348.604
-350.437
-284.15
-312.108
-325.12
-365.256
-351.047
-306.506
-316.405
-351.626
-353.45
-347.226
-339.847
-307.804
-313.966
-327.373
-294.813
-270.817
-297.148
-331.421
-323.408
-298.01
-308.196
-306.377
-264.269
-244.088
-289.584
-258.465
-262.957
-256.68
-299.994
-284.952
-298.301
-270.824
-270.073
-314.623
-337.525
-309.836
-313.478
-287.002
-296.291
-312.286
-293.731
-261.384
-304.208
-297.297
-237.389
-311.79
-313.638
-326.763
-306.705
-317.498
-318.0
-332.882
-324.978
-287.521
-340.98
-348.338
-301.31
-232.485
-237.034
-207.357
-309.262
-294.087
-340.462
-303.495
-335.379
-349.997
-332.1
-350.715
-302.177
-311.824
-301.47
-335.96
-322.522
-312.398
-258.775
-270.419
-213.51
-243.57
-320.779
-348.741
-317.71
-327.894
-330.932
-314.632
-298.45
-334.943
-329.14
-311.928
-344.567
-320.261
-366.895
-339.591
-353.129
-272.503
-304.779
-360.587
-335.308
-380.951
-363.5
-390.835
-346.978
-340.573
-314.35
-293.499
-348.486
-356.593
-328.068
-338.505
-335.1
-324.592
-367.457
-337.862
-353.903
-317.153
-363.046
-344.254
-325.518
-285.669
-305.957
-310.418
-292.369
-309.865
-263.39
-282.832
-290.445
-274.175
-234.72
-283.367
-292.921
-285.154
-305.05
-282.054
-292.983
-315.999
-232.236
-239.585
-225.344
-239.905
-272.541
-243.239
-275.209
-260.428
-299.615
-275.813
-263.16
-273.075
-274.627
-320.185
-325.016
-281.872
-309.716
-289.567
-311.065
-327.345
-317.516
-297.983
-313.099
-314.901
-266.844
-318.918
-314.259
-341.665
-376.318
-468.686
-417.183
-476.575
-485.635
-485.149
-487.392
-471.188
-450.586
-457.773
-461.191
-431.289
-381.275
-421.936
-392.536
-394.046
-465.907
-421.118
-350.467
-362.562
-341.863
-291.737
-346.369
-380.34
-384.193
-398.399
-353.035
-372.614
-354.796
-309.955
-380.025
-361.601
-394.68
-370.312
-274.337
-279.394
-290.299
-340.747
-321.336
-301.134
-323.55
-294.932
-310.726
-331.023
-311.956
-353.934
-319.753
-298.142
-282.764
-318.427
-311.414
-352.352
-326.616
-309.228
-315.35
-317.88
-348.561
-296.528
-307.806
-378.307
-300.234
-320.007
-363.184
-328.501
-277.089
-354.816
-319.242
-327.844
-301.519
-277.601
-283.958
-271.002
-307.216
-312.508
-327.437
-340.161
-332.116
-274.89
-252.049
-308.697
-352.155
-306.793
-339.578
-313.441
-343.591
-339.023
-329.677
-320.237
-260.791
-292.46
-213.259
-239.219
-213.679
-236.48
-249.805
-255.574
-208.626
-193.571
-189.958
-232.686
-230.479
-221.221
-218.964
-222.231
-238.597
-227.318
-222.414
-229.349
-262.059
-186.594
-273.244
-267.526
-238.993
-246.059
-245.498
-265.914
-199.115
-229.465
-242.172
-284.099
-247.129
-276.046
-258.777
-299.59
-301.709
-298.719
-267.824
-346.295
-347.732
-326.942
-265.668
-286.641
-284.039
-267.231
-290.35
-306.806
-300.584
-264.186
-275.745
-270.244
-314.914
-286.631
-260.513
-266.714
-222.041
-251.694
-233.185
-196.98
-200.043
-244.648
-262.764
-262.635
-235.631
-202.052
-221.485
-243.814
-277.478
-260.09
-321.08
-346.504
-316.589
-267.819
-291.446
-235.003
-236.332
-235.311
-225.971
-298.502
-317.077
-257.991
-285.425
-284.394
-295.011
-280.35
-285.962
-296.601
-344.447
-340.463
-302.057
-309.07
-322.141
-283.881
-281.327
-318.171
-264.765
-305.813
-267.856
-265.169
-288.826
-318.917
-280.452
-259.032
-276.563
-303.535
-249.354
-294.938
-249.101
-275.312
-272.259
-246.751
-237.619
-193.969
-277.789
-266.568
-304.3
-259.768
-308.224
-274.681
-275.942
-291.854
-292.264
-303.15
-278.512
-285.251
-295.267
-231.447
