-4.422
-4.852
-6.776
-8.048
-6.135
-6.067
-4.458
-3.347
-6.017
-7.02
-6.075
-5.873
-5.034
-5.869
-7.054
-6.992
-6.478
-6.45
-8.217
-7.417
-4.313
-5.058
-5.356
-7.268
-8.646
-6.399
-7.734
-6.362
-7.067
-4.395
-8.089
-6.416
-9.236
-8.6
-8.134
-5.281
-4.839
-4.941
-3.473
-5.624
-5.326
-5.427
-7.285
-4.886
-7.455
-5.343
-8.177
-5.322
-8.352
-10.326
-6.482
-7.774
-5.772
-6.635
-9.133
-7.178
-9.7
-9.253
-7.87
-3.913
-8.672
-8.151
-4.663
-5.049
-3.495
-6.906
-4.239
-6.125
-5.895
-3.413
-5.136
-4.11
-7.628
-6.479
-6.659
-3.687
-6.146
-5.319
-7.258
-9.847
-9.645
-7.176
-5.164
-7.8
-4.666
-9.531
-6.767
-6.646
-7.203
-6.147
-6.98
-8.09
-7.394
-6.069
-6.647
-5.921
-7.209
-4.63
-6.53
-10.089
-9.117
-7.781
-5.498
-6.412
-4.959
-4.77
-9.339
-5.826
-6.27
-6.874
-8.189
-4.762
-3.989
-3.53
-1.629
-3.566
-6.395
-4.434
-5.874
-8.781
-4.252
-6.079
-6.386
-4.511
-5.628
-7.075
-5.73
-6.735
-5.45
-7.176
-7.994
-8.424
-9.415
-6.168
-7.339
-8.538
-8.896
-8.423
-9.676
-5.165
-7.742
-5.974
-4.87
-2.997
-4.724
-7.273
-8.025
-6.135
-3.605
-6.16
-4.999
-7.233
-7.279
-5.095
-3.949
-6.701
-4.688
-5.961
-6.556
-3.848
-4.784
-3.235
-5.354
-2.922
-4.434
-3.13
-5.459
-3.739
-3.299
-5.639
-5.514
-5.145
-3.954
-9.061
-6.685
-7.707
-4.227
-6.005
-6.164
-6.754
-4.443
-4.078
-3.11
-5.369
-6.94
-4.982
-5.587
-7.329
-6.124
-5.537
-6.191
-5.184
-10.847
-5.232
-7.444
-3.613
-4.709
-3.789
-5.92
-4.158
-5.558
-6.71
-6.672
-4.624
-5.075
-4.509
-3.677
-5.287
-5.712
-6.787
-4.612
-7.134
-8.311
-6.848
-6.565
-5.01
-4.56
-6.582
-5.031
-4.505
-2.517
-7.619
-3.569
-5.045
-6.615
-4.255
-3.399
-6.01
-3.842
-5.765
-5.716
-4.976
-3.433
-6.738
-4.737
-7.886
-6.596
-5.864
-7.506
-9.095
-6.378
-6.154
-6.174
-4.868
-4.763
-5.791
-4.392
-6.996
-8.044
-6.061
-5.598
-8.436
-5.591
-5.22
-4.645
-6.563
-3.34
-4.124
-3.972
-5.282
-4.298
-8.059
-4.854
-5.45
-4.743
-6.441
-4.172
-4.683
-2.947
-7.28
-2.468
-3.958
-4.621
-3.975
-2.372
-4.882
-4.463
-5.199
-4.285
-3.607
-4.813
-5.482
-6.648
-8.756
-5.609
-9.122
-7.725
-7.731
-9.891
-5.878
-9.618
-9.041
-7.099
-9.005
-8.844
-8.271
-8.633
-8.114
-5.213
-7.506
-7.25
-6.0
-6.884
-6.847
-7.917
-6.963
-8.226
-5.436
-6.112
-4.333
-6.675
-4.334
-7.094
-4.636
-4.861
-6.371
-6.455
-4.923
-6.847
-5.316
-4.55
-4.887
-6.219
-5.447
-4.17
-2.933
-3.691
-5.886
-5.13
-3.828
-5.549
-3.683
-6.123
-4.027
-4.153
-6.682
-4.798
-4.876
-6.078
-4.439
-3.432
-7.637
-5.801
-6.113
-5.016
-5.267
-4.451
-5.038
-3.759
-2.875
-4.686
-7.309
-3.199
-3.542
-1.867
-5.285
-2.957
0.023
-2.766
-2.265
-3.379
-3.532
-3.898
-2.667
-1.429
-1.242
-2.312
-0.777
-4.915
-1.598
-1.44
-5.918
-3.845
-3.11
1.043
-0.219
1.28
1.285
-2.516
-5.349
0.594
-1.067
-1.034
-0.231
-2.82
-0.444
-0.09
-0.014
-1.317
1.472
1.894
-5.57
-3.631
-3.578
-1.729
-0.939
-2.44
-0.462
-1.096
-0.608
0.07
-1.28
-0.466
-3.133
-0.637
-0.549
-0.012
-4.227
-3.142
-1.626
-1.8
1.016
-4.127
-2.514
-2.515
2.223
-1.251
-0.541
-1.831
1.411
-4.178
-4.653
2.307
-1.427
1.523
-2.988
-2.376
0.19
-0.749
2.282
-2.335
-2.239
1.266
-1.83
-1.967
1.328
1.961
-0.92
-2.983
2.608
-2.517
-0.503
-3.761
-1.798
-5.828
-4.611
-4.611
-5.341
0.042
-2.563
-1.42
-2.157
-0.854
-1.568
-1.974
-1.978
-1.404
-2.589
-3.013
-4.849
-0.602
-3.049
-3.176
-5.213
-3.575
-4.866
-3.82
-3.084
-3.017
-1.59
-4.379
-5.716
-5.845
-1.199
-5.479
-0.824
-3.953
-3.376
-2.284
-4.101
-5.461
-6.018
-0.101
-4.297
-1.723
-3.024
-3.952
-2.91
-4.323
-1.932
-2.431
-4.044
-3.054
-1.033
-0.947
-1.078
0.452
-1.435
-4.222
-5.359
-4.682
