-409.056
-372.927
-388.005
-427.706
-402.148
-362.141
-322.531
-383.811
-337.404
-364.829
-363.781
-358.582
-371.925
-402.625
-429.247
-421.152
-433.241
-424.734
-443.772
-382.86
-363.515
-437.303
-426.306
-376.75
-374.511
-399.183
-372.782
-381.516
-364.169
-343.618
-340.817
-325.071
-338.812
-354.465
-367.755
-374.214
-354.445
-376.793
-340.852
-276.189
-319.883
-258.978
-295.52
-328.954
-309.839
-295.471
-314.889
-294.464
-294.884
-316.451
-323.883
-324.434
-343.936
-322.887
-314.512
-335.736
-297.978
-361.215
-354.506
-320.394
-349.493
-322.166
-316.114
-364.007
-369.865
-357.829
-354.166
-345.451
-373.846
-358.165
-378.793
-335.444
-390.565
-310.666
-349.671
-329.361
-362.096
-348.347
-344.482
-364.643
-359.999
-322.562
-355.342
-327.363
-344.345
-345.533
-430.201
-356.12
-364.437
-335.762
-327.344
-305.664
-307.003
-327.493
-268.418
-357.109
-305.611
-306.477
-290.172
-289.432
-307.057
-302.739
-323.651
-292.548
-282.074
-296.546
-300.127
-352.708
-331.242
-310.404
-326.395
-315.818
-306.4
-335.617
-323.278
-334.141
-339.127
-294.37
-358.751
-340.291
-375.569
-385.777
-392.685
-392.573
-387.892
-431.677
-480.009
-419.234
-509.678
-477.886
-461.669
-493.083
-470.377
-472.323
-454.174
-493.619
-420.535
-432.875
-421.803
-459.934
-478.59
-469.076
-483.675
-423.014
-454.379
-445.171
-450.203
-435.857
-450.814
-478.494
-515.834
-565.114
-513.173
-527.762
-485.041
-508.574
-526.891
-486.214
-485.395
-537.836
-487.371
-478.302
-464.801
-471.109
-506.809
-483.663
-451.522
-439.158
-492.352
-484.354
-470.596
-472.282
-514.02
-500.6
-435.657
-463.001
-518.802
-504.976
-457.387
-484.672
-478.997
-500.077
-440.504
-477.303
-492.639
-472.411
-453.6
-431.246
-463.081
-434.839
-452.835
-486.523
-413.411
-459.0
-420.107
-452.68
-440.752
-424.447
-466.719
-460.522
-530.467
-495.41
-452.424
-519.921
-448.66
-496.725
-467.121
-489.917
-412.01
-461.196
-463.05
-510.405
-467.914
-424.038
-440.155
-440.746
-470.957
-454.563
-444.029
-423.127
-415.191
-485.158
-467.064
-493.83
-447.782
-480.596
-464.59
-483.428
-474.427
-463.495
-507.423
-403.124
-423.581
-467.478
-477.184
-503.814
-512.199
-491.124
-509.624
-532.121
-535.15
-506.787
-525.469
-480.704
-493.692
-469.868
-499.377
-500.86
-464.906
-445.135
-449.247
-412.948
-419.689
-436.21
-432.268
-470.199
-464.844
-450.889
-396.987
-491.016
-481.021
-451.807
-418.459
-447.253
-417.496
-419.585
-415.524
-415.128
-404.03
-435.924
-425.423
-453.941
-388.833
-428.426
-407.429
-390.44
-433.541
-429.215
-413.136
-414.294
-416.648
-405.556
-395.242
-412.379
-378.028
-431.783
-432.542
-414.946
-414.812
-496.851
-413.724
-407.919
-463.217
-449.411
-427.181
-435.016
-405.386
-418.747
-405.816
-442.017
-448.533
-421.824
-396.307
-467.897
-463.774
-441.937
-414.651
-392.405
-449.815
-459.848
-451.895
-431.148
-436.384
-443.166
-444.58
-454.802
-460.096
-458.599
-431.912
-453.422
-417.862
-426.292
-437.987
-451.645
-422.353
-445.064
-427.765
-430.574
-483.781
-414.978
-413.964
-387.205
-378.916
-422.552
-446.205
-478.248
-437.62
-456.709
-473.395
-474.311
-457.709
-428.985
-477.178
-506.526
-460.97
-510.311
-476.409
-504.751
-537.393
-489.822
-471.735
-520.912
-510.495
-528.536
-480.794
-514.912
-527.258
-531.746
-556.497
-493.824
-446.215
-532.903
-506.346
-461.369
-497.555
-491.343
-488.834
-499.461
-506.147
-517.528
-523.617
-507.827
-528.387
-515.469
-556.501
-566.076
-499.6
-520.154
-518.76
-513.115
-500.718
-508.745
-530.242
-556.344
-504.254
-520.792
-503.691
-513.555
-515.025
-515.474
-507.851
-512.563
-531.614
-447.642
-508.619
-542.309
-544.628
-498.245
-497.392
-454.135
-491.758
-497.771
-534.043
-511.55
-468.087
-524.959
-507.269
-505.809
-526.734
-495.384
-495.307
-494.061
-513.859
-504.63
-496.563
-474.036
-463.269
-480.314
-499.986
-516.918
-480.251
-489.619
-498.97
-507.155
-491.414
-466.657
-451.272
-480.838
-486.897
-433.051
-432.266
-451.1
-464.91
-472.464
-445.275
-478.985
-518.678
-512.195
-481.59
-433.961
-462.336
-516.255
-506.443
-490.546
-473.742
-456.347
-493.363
-477.759
-493.719
-467.018
-459.865
-463.693
-441.989
-499.039
-391.587
-407.8
-459.826
-486.911
-486.85
-458.224
-468.303
-438.835
-448.709
-469.421
-486.044
-485.295
-484.006
-465.632
-505.216
-456.883
-442.689
-428.381
-497.812
-433.039
-452.273
-487.09
-477.368
-474.54
-439.312
-454.983
-463.059
-439.606
-503.358
-468.583
-497.225
-441.411
-490.41
-469.091
-500.418
-484.849
-481.868
-469.173
-461.598
-478.385
-478.931
-484.746
-488.365
-464.841
-464.039
-514.122
-502.139
