0.107
-0.314
-0.155
-0.46
-0.859
-1.386
-0.91
-0.128
-0.341
-0.148
-0.671
0.334
-0.275
-0.828
-1.093
-0.995
-1.479
-1.431
-0.564
-0.397
-1.005
-0.843
-1.084
-1.214
-0.367
-0.98
-0.861
-0.602
-0.664
-0.375
0.035
-0.307
-0.145
-0.55
-0.213
-0.161
-0.943
-0.512
-0.248
0.145
0.117
-0.042
-0.32
-0.278
-0.031
-0.087
0.334
-0.245
-0.689
-0.397
0.064
-0.233
-0.723
-0.389
0.083
-1.012
-0.982
-0.819
-0.063
-1.212
-1.035
-1.078
-0.975
-0.95
-0.977
-1.6
-1.917
-1.767
-1.532
-1.925
-1.429
-2.031
-1.222
-0.737
-1.146
-1.871
-2.207
-1.505
-1.118
-1.334
-1.052
-1.166
-1.383
-1.335
-1.567
-1.601
-1.006
-1.03
-1.529
-1.192
-1.124
-1.449
-1.457
-1.381
-1.216
-1.39
-1.663
-1.369
-1.685
-0.034
-0.877
-1.194
-0.877
-1.369
-1.259
-1.179
-1.29
-1.097
-1.744
-1.395
-0.948
-1.41
-1.23
-2.044
-1.602
-1.532
-0.731
-1.357
-0.988
-2.73
-1.613
-2.136
-1.762
-1.796
-1.818
-2.197
-2.325
-2.376
-2.708
-1.985
-1.778
-2.183
-1.882
-1.652
-1.68
-2.967
-1.486
-1.523
-2.594
-2.168
-1.607
-1.628
-1.276
-1.743
-1.757
-1.201
-0.844
-0.803
-1.685
-1.071
-2.903
-2.249
-2.596
-2.595
-2.64
-3.006
-1.961
-1.97
-2.484
-2.378
-2.143
-2.005
-2.796
-2.439
-2.741
-2.841
-2.098
-1.879
-1.939
-2.021
-1.681
-2.796
-2.26
-2.379
-1.839
-2.412
-1.997
-2.893
-1.946
-2.664
-1.986
-1.634
-1.836
-2.336
-3.022
-2.559
-1.887
-2.203
-2.155
-1.802
-2.273
-2.341
-2.178
-2.513
-1.945
-2.544
-1.855
-1.595
-2.223
-2.546
-3.171
-2.51
-2.86
-1.786
-2.153
-2.918
-2.769
-2.055
-2.139
-2.183
-2.587
-2.124
-2.691
-2.617
-3.008
-2.235
-1.978
-1.485
-0.922
-1.781
-1.943
-2.222
-2.605
-2.242
-2.915
-2.31
-2.034
-2.418
-1.953
-1.432
-2.912
-1.679
-2.466
-2.11
-2.239
-2.321
-2.478
-2.188
-2.289
-2.527
-2.749
-2.575
-2.818
-2.455
-2.116
-1.955
-2.705
-2.983
-2.726
-2.172
-3.042
-2.931
-1.987
-1.37
-1.799
-2.017
-2.497
-2.504
-2.331
-2.055
-1.489
-2.148
-2.333
-2.333
-1.775
-2.618
-2.159
-1.623
-2.307
-3.053
-2.741
-2.324
-2.878
-2.257
-2.217
-2.523
-2.119
-1.095
-1.176
-1.464
-1.563
-1.968
-2.414
-2.228
-2.391
-2.463
-2.071
-3.452
-2.688
-2.021
-2.507
-2.995
-2.123
-2.517
-2.759
-1.635
-2.712
-2.066
-2.446
-2.499
-2.504
-2.786
-2.482
-2.45
-2.709
-2.404
-2.893
-2.526
-2.707
-1.734
-1.215
-1.958
-2.308
-1.705
-2.366
-2.634
-2.327
-2.361
-2.576
-2.152
-1.018
-1.791
-2.314
-2.084
-2.451
-2.048
-2.258
-2.28
-2.363
-2.748
-2.473
-2.176
-1.711
-2.285
-1.766
-2.817
-1.872
-2.597
-2.081
-2.061
-2.476
-2.155
-2.081
-1.398
-2.853
-2.639
-2.058
-3.048
-1.532
-2.503
-1.902
-1.458
-2.624
-1.943
-2.518
-2.409
-1.642
-1.545
-1.421
-1.536
-2.075
-2.284
-2.165
-2.357
-2.02
-1.431
-2.175
-1.412
-2.534
-2.203
-1.822
-1.858
-2.15
-2.03
-1.893
-1.979
-1.383
-1.995
-2.815
-2.277
-2.3
-1.5
-2.129
-1.565
-2.221
-2.424
-1.696
-2.033
-1.751
-1.58
-1.405
-1.592
-2.185
-2.296
-1.936
-2.383
-2.551
-1.759
-1.967
-2.253
-1.131
-1.241
-1.883
-2.252
-1.316
-1.609
-1.726
-2.236
-1.667
-1.356
-2.092
-2.0
-1.787
-1.614
-2.066
-1.336
-1.737
-2.247
-1.621
-2.128
-1.777
-2.078
-2.053
-2.672
-1.513
-2.156
-1.818
-2.501
-2.675
-1.971
-2.004
-2.249
-1.908
-2.149
-1.221
-2.379
-1.58
-1.899
-1.51
-1.223
-1.518
-2.317
-1.704
-1.731
-1.951
-2.064
-1.313
-1.61
-2.434
-1.742
-1.188
-2.331
-2.011
-2.727
-2.491
-2.518
-1.704
-2.147
-1.885
-1.873
-1.896
-1.707
-2.382
-2.376
-1.77
-3.025
-2.781
-2.318
-2.942
-1.954
-1.593
-2.577
-2.251
-1.544
-1.572
-2.314
-2.71
-2.226
-2.293
-2.189
-2.909
-2.432
-2.382
-2.138
-1.686
-2.487
-1.773
-2.358
-3.153
-2.732
-2.572
-2.008
-2.059
-2.495
-3.511
-2.029
-2.38
-1.875
-2.045
-1.873
-2.422
