-5.641
-4.874
-4.933
-6.923
-7.349
-10.849
-5.787
-7.385
-7.356
-7.048
-7.965
-6.773
-7.484
-8.856
-9.206
-7.597
-9.786
-6.512
-8.254
-4.765
-9.536
-7.548
-9.389
-3.823
-6.547
-8.963
-8.587
-5.104
-4.869
-6.583
-4.399
-4.467
-5.849
-7.858
-7.656
-6.936
-5.482
-7.381
-4.798
-3.703
-4.388
-5.158
-4.28
-6.002
-4.691
-4.403
-3.376
-4.643
-4.402
-2.276
-1.71
-3.022
-3.917
-3.438
-2.594
-7.794
-5.281
-5.616
-6.553
-3.405
-3.951
-6.397
-4.654
-1.805
-4.869
-3.18
-4.767
-2.283
-3.979
-6.439
-5.022
-3.109
-4.865
-7.398
-3.203
-6.601
-1.553
-3.338
-1.558
-1.5
-0.11
-1.916
-3.5
-3.103
-2.821
-2.026
-5.791
-3.403
-1.065
-3.101
-3.042
-5.845
-5.163
-3.855
-4.005
-5.237
-2.239
-4.148
-2.949
-0.955
-0.048
-1.732
-2.933
-2.029
-2.188
-3.737
-4.766
-3.812
-2.488
-2.601
-2.314
-2.168
-5.95
-3.175
-2.055
-3.652
-5.46
-3.87
-1.86
-4.675
-5.556
-5.363
-6.009
-3.707
-5.282
-7.275
-7.352
-5.777
-8.134
-8.64
-8.259
-8.193
-5.153
-5.908
-3.717
-7.384
-2.849
-4.631
-7.133
-8.593
-3.392
-4.841
-5.029
-4.327
-3.744
-4.755
-5.584
-4.613
-6.064
-5.736
-7.887
-6.751
-6.19
-7.649
-3.879
-5.495
-2.623
-4.436
-4.58
-2.048
-2.464
-1.444
-1.132
-2.481
-4.495
-6.169
-4.537
-4.003
-3.947
-4.44
-6.32
-7.282
-5.582
-3.606
-0.789
-6.662
-10.732
-4.304
-3.212
-8.258
-2.779
-7.336
-6.583
-3.874
-5.1
-5.048
-2.193
0.087
-0.008
-6.113
-4.351
-2.916
-3.087
-5.606
-4.32
-4.711
-6.525
-3.357
-5.608
-5.57
-6.353
-8.194
-6.462
-7.256
-6.692
-4.594
-6.477
-5.332
-6.039
-5.938
-6.35
-4.785
-6.336
-2.561
-4.033
-4.146
-1.211
-2.397
-4.206
-2.974
-0.858
-4.018
-8.362
-7.358
-4.931
-1.063
-3.135
-6.046
-2.967
-2.541
-5.519
-4.204
-3.601
-3.685
-1.647
-4.166
-8.04
-3.715
-4.464
-4.292
-3.452
-6.866
-7.083
-8.702
-5.576
-5.232
-4.719
-4.475
-4.108
-4.095
-5.332
-6.945
-4.126
-6.322
-6.789
-7.11
-2.923
-1.31
-5.502
-8.812
-4.72
-6.238
-7.016
-3.669
-5.176
-8.81
-3.523
-4.158
-3.511
-4.43
-3.57
-7.643
-5.597
-5.856
-5.324
-5.916
-2.712
-6.049
-6.354
-7.524
-4.899
-7.46
-6.516
-8.72
-6.884
-6.725
-7.822
-2.675
-6.059
-5.543
-5.503
-4.388
-4.292
-5.378
-4.535
-1.424
-4.415
-6.731
-3.463
-8.416
-3.665
-5.152
-2.858
-3.486
-4.409
-3.014
-4.957
-4.487
-7.14
-7.917
-6.889
-7.552
-5.988
-7.996
-3.435
-5.319
-5.719
-6.514
-3.925
-3.91
-2.348
-4.999
-7.992
-5.011
-3.714
-4.81
-4.131
-0.661
-6.214
-4.628
-6.112
-6.772
-5.721
-3.143
-5.741
-1.192
-1.585
-2.116
-5.64
-3.723
-5.062
-5.685
-9.257
-3.974
-4.153
-8.767
-6.17
-3.529
-9.322
-1.822
-4.347
-5.823
-5.193
-3.429
-6.844
-5.303
-6.754
-10.216
-7.195
-5.316
-5.854
-4.76
-8.034
-7.862
-11.125
-8.398
-6.47
-6.651
-8.962
-7.964
-9.81
-6.136
-10.438
-6.142
-8.159
-8.928
-5.928
-7.626
-6.79
-10.957
-9.791
-3.896
-7.016
-6.682
-9.179
-5.911
-5.913
-10.275
-9.922
-6.952
-5.367
-6.711
-7.979
-3.757
-5.681
-5.942
-10.325
-4.66
-5.097
-2.812
-4.731
-8.917
-5.596
-6.234
-5.202
-4.725
-7.923
-4.41
-7.557
-5.955
-5.76
0.19
-6.668
-7.255
-4.287
-4.742
-2.699
-6.171
-4.077
-1.261
-1.002
-2.057
-2.371
-3.352
-2.758
-2.484
-2.241
-5.862
-6.242
-4.326
-5.758
-4.884
-5.655
-4.351
-2.866
-8.346
-5.9
-8.376
-6.157
-4.88
-6.775
-7.875
-8.023
-8.264
-7.611
-9.167
-6.181
-6.726
-3.516
-7.923
-7.323
-7.735
-1.063
-8.46
-5.402
-6.12
-6.55
-9.273
-7.239
-5.188
-4.709
-5.936
-6.526
-6.156
-6.907
-10.152
-7.245
-8.832
-7.858
-5.186
-5.093
-1.737
-1.44
-5.379
-7.463
-6.82
-3.966
-4.665
-3.102
-4.241
-3.741
-5.827
-8.387
-3.808
-2.673
-5.644
-3.08
-3.693
-4.338
-4.237
-5.026
-5.454
-3.452
-3.952
-7.586
-3.894
-4.946
-5.147
-2.733
-4.559
-4.591
