-53.68
-39.0
-42.32
-40.26
-51.36
-48.42
-44.79
-44.28
-42.24
-44.64
-46.57
-43.44
-52.2
-43.79
-52.35
-46.66
-52.9
-58.38
-42.94
-39.66
-46.74
-55.86
-41.31
-43.7
-44.39
-42.9
-42.58
-32.94
-37.24
-40.39
-44.12
-39.12
-33.25
-40.33
-41.22
-35.79
-45.85
-39.09
-33.75
-32.64
-34.72
-25.0
-34.73
-32.63
-35.78
-31.0
-34.17
-30.39
-36.32
-29.67
-28.42
-30.81
-36.49
-31.15
-33.8
-33.91
-33.85
-43.03
-39.01
-36.28
-36.12
-40.54
-37.57
-41.5
-36.87
-47.13
-43.54
-44.18
-47.5
-44.06
-45.66
-41.34
-45.41
-46.59
-49.44
-47.79
-42.76
-42.35
-44.97
-42.83
-45.97
-43.32
-44.84
-44.12
-50.36
-48.75
-41.28
-44.86
-46.55
-43.74
-44.08
-45.06
-49.51
-43.0
-34.99
-44.71
-42.26
-38.62
-41.98
-34.72
-41.49
-34.7
-41.58
-48.25
-43.31
-38.87
-34.84
-47.84
-44.92
-49.0
-41.2
-42.03
-42.55
-49.17
-44.81
-46.48
-45.51
-40.83
-48.37
-51.61
-51.09
-54.34
-52.43
-59.78
-67.83
-59.42
-60.5
-55.19
-67.3
-64.76
-58.91
-62.13
-64.31
-63.81
-64.1
-62.78
-57.09
-59.25
-62.86
-59.77
-57.35
-54.7
-55.26
-54.55
-55.56
-55.19
-48.49
-58.99
-57.93
-52.81
-60.67
-70.68
-63.85
-63.64
-61.44
-66.06
-66.11
-63.97
-65.32
-69.83
-73.56
-69.82
-65.64
-67.75
-55.76
-70.88
-65.98
-62.27
-55.87
-57.08
-56.11
-67.1
-69.07
-71.05
-63.16
-63.56
-66.23
-68.48
-62.7
-56.6
-56.28
-67.2
-62.66
-58.76
-68.05
-64.81
-62.26
-60.97
-63.24
-66.62
-68.8
-69.38
-59.38
-58.31
-55.39
-62.61
-55.69
-54.18
-61.66
-61.36
-67.12
-68.0
-59.09
-64.07
-60.17
-59.48
-63.83
-57.73
-61.75
-52.17
-54.11
-66.05
-55.63
-51.79
-54.96
-63.04
-49.45
-58.73
-57.4
-60.01
-52.98
-57.11
-65.29
-59.98
-67.35
-61.8
-65.83
-59.09
-57.62
-55.23
-63.85
-52.28
-57.91
-59.47
-65.07
-55.59
-71.09
-58.5
-69.41
-71.79
-68.26
-58.08
-74.53
-62.24
-72.26
-55.84
-64.84
-60.23
-56.79
-63.82
-62.76
-59.03
-58.86
-50.71
-57.46
-65.18
-61.7
-65.23
-62.77
-62.96
-60.36
-61.53
-58.89
-64.01
-50.04
-56.65
-57.58
-57.84
-56.79
-58.29
-63.52
-64.63
-60.76
-59.64
-56.91
-61.23
-56.27
-49.21
-49.72
-51.3
-51.3
-65.2
-53.57
-60.89
-62.14
-60.77
-58.2
-57.47
-55.53
-69.19
-60.24
-63.23
-58.48
-53.02
-51.05
-55.21
-60.28
-56.5
-63.18
-58.5
-59.89
-52.76
-64.19
-54.6
-55.4
-62.03
-46.53
-54.11
-59.42
-59.45
-63.05
-64.01
-66.42
-61.12
-59.36
-69.23
-61.97
-58.64
-65.43
-56.69
-52.63
-56.18
-57.91
-70.23
-57.71
-61.93
-59.72
-61.26
-62.88
-57.86
-53.43
-56.98
-57.0
-59.72
-59.6
-61.41
-56.94
-66.36
-59.66
-63.94
-51.97
-52.74
-61.59
-66.19
-67.64
-57.73
-67.82
-67.7
-71.39
-65.67
-67.37
-65.62
-66.26
-71.32
-71.94
-76.66
-65.8
-66.45
-73.81
-57.51
-63.85
-66.32
-62.66
-66.93
-63.37
-60.41
-55.57
-49.4
-64.83
-74.22
-66.99
-70.17
-59.78
-60.72
-58.95
-61.09
-64.53
-65.72
-69.17
-63.71
-67.33
-67.13
-71.47
-74.13
-71.89
-64.2
-62.29
-75.81
-72.22
-63.42
-68.81
-62.18
-66.33
-67.46
-60.89
-70.15
-75.36
-61.35
-62.08
-63.53
-65.17
-71.81
-66.21
-61.45
-49.34
-61.52
-65.48
-70.69
-65.93
-57.26
-61.5
-71.58
-67.9
-62.17
-69.4
-63.53
-62.93
-66.4
-59.79
-76.71
-67.97
-61.51
-63.4
-65.9
-61.28
-67.84
-56.93
-66.23
-62.26
-52.51
-59.53
-63.56
-61.85
-58.99
-62.0
-64.65
-59.48
-70.06
-67.97
-70.57
-66.41
-66.76
-67.7
-65.34
-59.66
-55.04
-55.69
-60.95
-63.06
-65.06
-69.04
-59.83
-62.5
-68.46
-60.43
-61.49
-53.7
-68.71
-57.08
-62.53
-68.5
-60.44
-55.11
-69.03
-59.53
-59.26
-55.66
-47.9
-61.5
-52.5
-58.17
-56.5
-62.98
-55.78
-58.1
-53.68
-65.2
-69.78
-64.72
-48.53
-58.68
-58.48
-56.53
-51.95
-59.51
-52.97
-55.91
-48.5
-55.01
-63.51
-50.3
-53.05
-49.1
-51.57
-62.87
-63.04
-64.31
-48.84
-60.54
-58.65
-62.79
