-10.411
-8.845
-12.437
-9.757
-8.567
-13.143
-12.604
-11.488
-9.241
-11.76
-14.64
-12.694
-15.374
-9.711
-18.671
-13.521
-17.971
-15.701
-13.684
-14.88
-14.329
-12.656
-10.283
-12.043
-12.791
-9.418
-10.39
-9.789
-12.735
-11.308
-10.735
-12.785
-6.089
-12.877
-9.617
-10.536
-13.858
-13.277
-11.24
-8.027
-10.776
-7.191
-9.324
-7.176
-11.124
-9.118
-8.474
-10.591
-10.024
-8.066
-9.631
-10.403
-10.739
-9.167
-8.797
-9.159
-11.178
-12.508
-8.567
-10.037
-12.674
-12.436
-10.047
-11.35
-10.668
-10.62
-11.004
-12.966
-12.646
-14.075
-11.771
-12.846
-9.553
-12.478
-14.023
-10.293
-11.288
-16.493
-12.283
-12.35
-11.789
-14.363
-13.375
-15.753
-12.894
-10.606
-13.893
-9.726
-11.495
-13.482
-12.927
-12.623
-16.039
-14.119
-13.315
-13.905
-14.67
-9.84
-8.123
-9.481
-9.699
-10.727
-11.385
-17.056
-13.437
-13.593
-11.964
-13.46
-12.507
-10.025
-11.531
-11.757
-8.555
-12.627
-11.537
-13.417
-13.286
-9.639
-11.58
-17.699
-10.966
-14.048
-10.602
-11.616
-15.01
-18.771
-14.388
-19.904
-13.951
-17.185
-18.526
-9.771
-17.196
-16.857
-13.599
-10.052
-12.132
-15.543
-11.151
-12.813
-17.314
-10.452
-13.16
-14.497
-12.726
-16.573
-13.586
-13.678
-17.572
-15.357
-17.719
-17.162
-16.779
-18.715
-15.941
-15.327
-15.624
-19.964
-18.917
-19.066
-21.783
-15.768
-22.085
-19.034
-20.228
-17.381
-16.105
-16.432
-18.499
-18.813
-18.393
-14.626
-15.741
-18.678
-16.365
-22.563
-20.908
-18.835
-21.163
-17.35
-20.442
-19.743
-17.317
-14.701
-23.145
-18.515
-21.816
-18.944
-11.84
-15.91
-22.176
-15.902
-15.899
-14.537
-17.794
-22.479
-14.804
-17.001
-17.458
-19.007
-17.884
-20.384
-15.951
-8.952
-18.14
-14.045
-17.401
-14.383
-11.921
-15.396
-10.034
-15.306
-13.152
-11.159
-13.109
-16.795
-15.166
-14.896
-15.013
-14.825
-13.833
-19.026
-21.679
-15.239
-21.602
-15.937
-10.156
-20.263
-13.923
-17.258
-10.308
-16.319
-12.138
-20.31
-15.727
-14.918
-16.576
-20.941
-15.694
-17.424
-17.714
-14.403
-16.771
-20.859
-20.268
-15.295
-16.832
-15.735
-18.837
-14.505
-18.711
-16.85
-14.755
-13.674
-11.876
-14.081
-21.375
-17.772
-14.176
-18.871
-18.978
-17.577
-15.591
-17.298
-16.941
-17.75
-18.304
-14.361
-14.65
-14.932
-18.052
-13.228
-19.98
-16.47
-12.917
-18.476
-19.376
-14.203
-17.932
-16.193
-9.94
-16.322
-11.438
-16.384
-11.844
-14.153
-18.685
-16.162
-17.224
-15.619
-16.17
-19.745
-15.77
-15.977
-16.123
-19.386
-14.02
-17.251
-20.964
-17.779
-20.062
-17.783
-18.469
-15.4
-16.869
-15.897
-18.088
-13.998
-17.862
-12.272
-12.586
-12.893
-13.94
-11.482
-20.043
-21.38
-12.589
-13.617
-20.571
-14.501
-18.441
-15.961
-19.836
-14.281
-15.331
-23.136
-13.489
-13.848
-16.203
-15.27
-17.398
-14.667
-13.343
-12.416
-21.069
-13.279
-18.013
-16.81
-13.649
-23.853
-14.258
-14.654
-15.556
-13.779
-19.845
-15.379
-15.745
-20.12
-20.51
-19.659
-18.1
-14.821
-20.036
-17.893
-20.747
-19.207
-17.97
-15.974
-14.611
-14.114
-18.975
-16.96
-20.916
-15.144
-17.017
-16.5
-16.758
-14.897
-9.785
-15.483
-15.919
-16.421
-13.459
-16.759
-12.424
-10.216
-12.574
-11.014
-14.905
-16.597
-17.768
-19.474
-17.299
-19.169
-16.479
-16.738
-19.098
-19.361
-17.076
-15.977
-15.189
-16.205
-22.081
-10.792
-13.439
-11.159
-18.159
-11.17
-14.87
-18.975
-15.816
-18.08
-14.56
-12.706
-11.478
-16.917
-16.302
-17.209
-14.134
-15.277
-13.572
-11.671
-17.327
-17.765
-11.123
-9.773
-11.408
-15.557
-4.719
-21.009
-15.127
-17.786
-18.935
-13.696
-18.478
-19.727
-17.701
-19.209
-16.699
-8.243
-15.841
-12.908
-13.981
-10.282
-14.312
-18.295
-12.943
-13.844
-14.93
-15.393
-18.889
-16.544
-19.022
-16.5
-17.44
-13.369
-14.968
-13.241
-12.923
-18.92
-17.779
-15.582
-15.922
-16.447
-14.942
-17.62
-14.704
-17.587
-18.299
-21.613
-20.916
-15.689
-13.408
-15.16
-13.514
-18.806
-13.713
-12.662
-15.406
-14.708
-10.246
-13.488
-15.837
-15.048
-18.71
-17.374
-18.033
-15.526
-11.883
-14.76
-17.742
-19.718
-15.208
-16.139
-16.191
-15.315
-12.82
-12.988
-9.922
-15.994
-16.048
-19.18
-16.375
-10.263
-12.645
-14.313
-18.573
-14.948
-19.166
-21.935
-14.264
