-0.146
-0.122
-0.279
-0.194
-0.254
-0.175
-0.118
-0.22
-0.224
-0.222
-0.181
-0.213
-0.275
-0.113
-0.102
-0.294
-0.276
-0.253
-0.325
-0.332
-0.224
-0.204
-0.269
-0.208
-0.175
-0.307
-0.189
-0.268
-0.232
-0.113
-0.194
-0.096
-0.171
-0.172
-0.17
-0.196
-0.176
-0.17
-0.138
-0.211
-0.174
-0.14
-0.063
-0.131
-0.128
0.003
-0.056
-0.134
-0.193
-0.157
-0.215
-0.106
-0.071
-0.141
-0.111
-0.12
-0.278
-0.137
-0.168
-0.208
-0.239
-0.232
-0.216
-0.183
-0.217
-0.218
-0.298
-0.247
-0.239
-0.256
-0.15
-0.201
-0.301
-0.106
-0.014
-0.131
-0.129
-0.172
-0.149
-0.139
-0.182
-0.245
-0.263
-0.176
-0.21
-0.148
-0.139
-0.204
-0.25
-0.247
-0.178
-0.161
-0.197
-0.274
-0.196
-0.166
-0.254
-0.124
-0.241
-0.229
-0.187
-0.169
-0.284
-0.168
-0.277
-0.172
-0.174
-0.291
-0.222
-0.2
-0.132
-0.289
-0.212
-0.332
-0.185
-0.198
-0.261
-0.218
-0.105
-0.316
-0.169
-0.336
-0.253
-0.284
-0.407
-0.363
-0.312
-0.367
-0.325
-0.253
-0.283
-0.289
-0.311
-0.329
-0.254
-0.272
-0.101
-0.396
-0.36
-0.345
-0.422
-0.341
-0.389
-0.252
-0.325
-0.278
-0.318
-0.245
-0.271
-0.18
-0.231
-0.271
-0.155
-0.263
-0.176
-0.204
-0.303
-0.296
-0.337
-0.238
-0.27
-0.251
-0.313
-0.227
-0.302
-0.376
-0.265
-0.124
-0.185
-0.253
-0.261
-0.237
-0.182
-0.207
-0.055
-0.199
-0.271
-0.271
-0.291
-0.324
-0.23
-0.314
-0.217
-0.198
-0.228
-0.321
-0.262
-0.204
-0.074
-0.243
-0.271
-0.195
-0.124
-0.323
-0.371
-0.304
-0.234
-0.265
-0.252
-0.305
-0.149
-0.131
-0.275
-0.213
-0.201
-0.251
-0.129
-0.2
-0.195
-0.159
-0.227
-0.169
-0.32
-0.285
-0.237
-0.328
-0.323
-0.219
-0.235
-0.291
-0.284
-0.269
-0.313
-0.261
-0.365
-0.236
-0.319
-0.236
-0.28
-0.203
-0.294
-0.244
-0.286
-0.343
-0.345
-0.296
-0.32
-0.275
-0.266
-0.218
-0.307
-0.252
-0.317
-0.205
-0.283
-0.19
-0.222
-0.289
-0.242
-0.092
-0.222
-0.132
-0.213
-0.079
-0.108
-0.256
-0.267
-0.254
-0.206
-0.236
-0.256
-0.305
-0.282
-0.311
-0.214
-0.155
-0.183
-0.362
-0.227
-0.203
-0.196
-0.27
-0.328
-0.133
-0.206
-0.192
-0.261
-0.197
-0.192
-0.116
-0.221
-0.303
-0.223
-0.291
-0.274
-0.314
-0.173
-0.144
-0.174
-0.281
-0.282
-0.256
-0.302
-0.169
-0.232
-0.283
-0.086
-0.327
-0.251
-0.218
-0.318
-0.221
-0.271
-0.267
-0.182
-0.229
-0.323
-0.293
-0.296
-0.347
-0.201
-0.207
-0.209
-0.379
-0.389
-0.252
-0.218
-0.295
-0.292
-0.255
-0.173
-0.166
-0.282
-0.225
-0.211
-0.236
-0.254
-0.22
-0.239
-0.378
-0.219
-0.308
-0.168
-0.172
-0.255
-0.15
-0.218
-0.192
-0.18
-0.234
-0.193
-0.175
-0.296
-0.205
-0.316
-0.137
-0.256
-0.229
-0.219
-0.238
-0.26
-0.185
-0.26
-0.284
-0.269
-0.291
-0.269
-0.384
-0.311
-0.423
-0.338
-0.188
-0.253
-0.248
-0.361
-0.329
-0.28
-0.234
-0.189
-0.209
-0.19
-0.222
-0.293
-0.346
-0.339
-0.427
-0.251
-0.42
-0.351
-0.216
-0.304
-0.35
-0.203
-0.348
-0.336
-0.328
-0.314
-0.292
-0.333
-0.244
-0.155
-0.251
-0.32
-0.353
-0.384
-0.361
-0.265
-0.315
-0.266
-0.345
-0.377
-0.248
-0.329
-0.242
-0.188
-0.324
-0.312
-0.186
-0.268
-0.317
-0.161
-0.236
-0.311
-0.216
-0.215
-0.217
-0.273
-0.235
-0.2
-0.228
-0.313
-0.266
-0.182
-0.247
-0.365
-0.266
-0.323
-0.386
-0.321
-0.303
-0.183
-0.347
-0.259
-0.323
-0.25
-0.376
-0.3
-0.335
-0.186
-0.32
-0.198
-0.227
-0.401
-0.335
-0.268
-0.292
-0.379
-0.289
-0.265
-0.189
-0.255
-0.128
-0.125
-0.224
-0.186
-0.197
-0.163
-0.225
-0.211
-0.204
-0.266
-0.314
-0.321
-0.105
-0.234
-0.208
-0.208
-0.247
-0.277
-0.274
-0.28
-0.33
-0.302
-0.284
-0.205
-0.299
-0.253
-0.357
-0.34
-0.359
-0.424
-0.36
-0.184
-0.351
-0.317
-0.323
-0.369
-0.273
-0.145
-0.2
-0.107
-0.299
-0.123
-0.247
-0.199
-0.16
-0.267
-0.245
-0.205
-0.203
-0.241
