-281.669
-252.815
-236.58
-262.244
-268.919
-200.902
-147.179
-234.155
-201.029
-264.492
-257.354
-250.238
-252.676
-264.201
-301.58
-251.499
-295.255
-267.881
-262.8
-214.746
-215.966
-282.441
-311.717
-253.54
-287.087
-295.831
-251.256
-252.289
-237.581
-233.715
-198.333
-214.457
-215.99
-223.621
-250.388
-240.692
-246.717
-236.699
-178.637
-156.636
-180.1
-110.167
-164.636
-167.671
-159.825
-148.231
-182.248
-142.346
-165.63
-151.709
-166.842
-151.467
-186.059
-138.887
-167.269
-166.985
-177.033
-185.714
-217.402
-141.466
-182.195
-167.802
-114.757
-182.095
-194.481
-162.218
-188.683
-195.155
-204.77
-224.351
-234.128
-202.771
-279.503
-202.625
-259.625
-37.318
-234.615
46.864
-138.733
-223.516
-195.903
-163.868
-173.08
-160.25
-195.074
-169.461
-305.936
-259.734
-288.467
-186.217
-180.404
-189.825
-173.187
-217.192
-117.329
-153.986
-142.665
-154.903
-163.471
-131.04
-139.552
-149.991
-189.051
-180.458
-149.482
-91.105
-133.138
-176.822
-165.927
-101.89
-146.336
-162.788
-145.354
-189.555
-133.406
-158.752
-168.907
-163.26
-158.436
-203.266
-250.207
-272.134
-251.813
-277.499
-310.053
-322.624
-326.57
-317.418
-421.576
-370.561
-367.023
-396.455
-356.695
-371.273
-325.741
-392.239
-298.65
-327.298
-369.595
-342.948
-352.438
-373.114
-373.602
-299.053
-340.567
-329.73
-300.085
-276.844
-254.709
-308.412
-352.74
-370.163
-342.831
-332.494
-307.152
-320.904
-366.524
-306.894
-337.281
-342.083
-313.336
-323.157
-292.065
-245.268
-311.124
-327.792
-293.541
-337.603
-366.863
-326.614
-380.022
-355.585
-396.175
-359.856
-343.444
-389.43
-376.528
-380.488
-297.479
-341.442
-339.684
-361.973
-295.98
-321.643
-336.611
-307.287
-301.333
-304.17
-283.981
-271.556
-327.732
-327.153
-245.57
-315.433
-271.729
-313.021
-267.638
-309.088
-291.711
-313.209
-334.025
-317.57
-303.22
-325.029
-262.625
-328.962
-335.437
-298.012
-261.656
-320.074
-328.768
-357.581
-309.184
-251.588
-252.979
-276.586
-276.48
-266.74
-257.687
-253.577
-252.056
-302.09
-240.618
-298.319
-284.313
-316.268
-301.525
-309.001
-319.894
-276.815
-314.981
-203.343
-233.55
-307.67
-288.664
-344.331
-360.918
-323.551
-340.305
-356.153
-352.91
-329.538
-337.388
-320.303
-308.574
-265.732
-362.025
-286.817
-296.154
-329.864
-290.761
-262.618
-210.168
-248.871
-219.191
-282.007
-297.276
-287.899
-286.817
-310.024
-290.186
-256.379
-224.644
-251.328
-213.423
-261.415
-238.009
-228.807
-221.232
-253.378
-278.686
-308.447
-247.254
-269.94
-219.58
-205.574
-249.412
-205.429
-206.395
-181.883
-203.362
-229.73
-193.896
-258.376
-273.91
-251.109
-226.822
-209.125
-213.4
-213.489
-269.468
-249.053
-253.746
-236.395
-204.952
-225.907
-230.918
-236.549
-227.412
-263.528
-230.431
-256.216
-239.018
-252.207
-283.883
-238.799
-275.373
-251.481
-308.168
-271.308
-277.038
-284.87
-265.194
-287.376
-245.825
-259.839
-280.565
-255.721
-263.452
-226.241
-249.988
-235.636
-263.315
-277.365
-239.819
-277.324
-245.034
-275.024
-308.522
-291.596
-241.505
-219.17
-232.244
-278.239
-312.413
-299.405
-292.343
-280.085
-348.559
-314.931
-258.287
-267.517
-345.765
-352.456
-364.576
-373.178
-398.654
-367.907
-414.316
-393.223
-327.313
-392.498
-445.112
-425.49
-402.334
-468.39
-448.33
-469.304
-444.387
-358.07
-363.297
-390.168
-371.653
-379.405
-366.313
-367.199
-372.109
-385.07
-400.418
-371.421
-387.031
-380.438
-361.761
-364.351
-439.382
-416.456
-361.478
-315.071
-404.329
-394.864
-359.708
-397.443
-387.34
-448.614
-468.493
-431.019
-399.614
-431.407
-400.738
-391.976
-404.792
-387.391
-410.38
-356.342
-395.498
-464.571
-432.733
-366.762
-383.763
-321.258
-379.053
-360.074
-413.609
-398.502
-361.366
-442.953
-354.149
-348.089
-354.508
-424.828
-374.477
-395.48
-410.819
-377.903
-384.658
-368.66
-298.017
-365.666
-383.871
-398.058
-391.199
-338.356
-349.361
-385.784
-349.715
-340.018
-334.725
-315.988
-328.837
-271.285
-274.78
-313.122
-314.412
-321.477
-333.176
-364.237
-384.918
-362.626
-343.927
-341.494
-310.067
-360.428
-344.625
-359.199
-349.273
-327.567
-412.163
-368.854
-371.883
-353.151
-345.586
-341.045
-320.543
-382.328
-231.565
-230.648
-275.096
-317.096
-362.149
-340.12
-328.406
-273.287
-270.421
-308.253
-301.466
-306.694
-303.992
-274.659
-296.287
-304.912
-255.789
-295.656
-334.0
-292.792
-299.587
-316.147
-375.915
-346.512
-288.168
-266.983
-321.131
-300.0
-257.47
-295.72
-317.349
-280.854
-345.654
-321.809
-344.169
-331.248
-330.737
-307.713
-303.346
-299.122
-320.642
-331.508
-334.569
-276.053
-333.698
-330.887
-338.186
