-0.193
-0.145
-0.124
-0.108
-0.133
-0.231
-0.09
-0.002
-0.086
-0.041
-0.131
-0.095
-0.132
-0.104
-0.138
-0.148
-0.171
-0.175
-0.098
-0.125
-0.1
-0.158
-0.13
-0.162
-0.174
-0.126
-0.28
-0.04
-0.26
-0.189
-0.225
-0.102
-0.188
-0.255
-0.187
-0.151
-0.127
-0.127
-0.304
-0.115
-0.2
-0.102
-0.151
-0.152
-0.201
-0.178
-0.185
-0.152
-0.173
-0.11
-0.157
-0.179
-0.143
-0.129
-0.112
-0.13
-0.194
-0.2
-0.21
-0.299
-0.368
-0.173
-0.212
-0.195
-0.347
-0.203
-0.16
-0.214
-0.249
-0.209
-0.229
-0.164
-0.224
-0.267
-0.291
-0.291
-0.213
-0.235
-0.204
-0.217
-0.213
-0.343
-0.317
-0.237
-0.285
-0.246
-0.233
-0.174
-0.252
-0.272
-0.132
-0.266
-0.102
-0.178
-0.222
-0.273
-0.181
-0.255
-0.211
-0.102
-0.051
-0.132
-0.115
-0.068
-0.142
-0.225
-0.104
-0.131
-0.164
-0.105
-0.116
-0.174
-0.162
-0.15
-0.245
-0.189
-0.165
-0.184
-0.161
-0.091
-0.155
-0.195
-0.071
-0.087
-0.19
-0.114
-0.028
-0.232
-0.143
-0.138
-0.14
-0.173
-0.188
-0.247
-0.192
-0.186
-0.205
-0.206
-0.132
-0.085
-0.167
-0.108
-0.188
-0.226
-0.106
-0.13
-0.105
-0.279
-0.116
-0.216
-0.174
-0.12
-0.142
-0.212
-0.233
-0.15
-0.238
-0.199
-0.209
-0.166
-0.161
-0.181
-0.189
-0.159
-0.187
-0.21
-0.21
-0.17
-0.105
-0.15
-0.066
-0.173
-0.15
-0.144
-0.093
-0.078
-0.126
-0.225
-0.176
-0.164
-0.208
-0.095
-0.135
-0.152
-0.031
-0.134
-0.205
-0.199
-0.133
-0.149
-0.1
-0.131
-0.121
-0.024
-0.179
-0.214
-0.181
-0.167
-0.074
-0.159
-0.241
-0.131
-0.159
-0.229
-0.182
-0.08
-0.116
-0.15
-0.18
-0.181
-0.086
-0.207
-0.196
-0.104
-0.268
-0.258
-0.312
-0.215
-0.148
-0.215
-0.11
-0.141
-0.088
-0.189
-0.248
-0.189
-0.132
-0.128
-0.214
-0.225
-0.219
-0.225
-0.255
-0.217
-0.176
-0.257
-0.279
-0.186
-0.18
-0.24
-0.205
-0.109
-0.102
-0.139
-0.244
-0.121
-0.157
-0.106
-0.173
-0.163
-0.193
-0.023
-0.181
-0.168
-0.153
-0.175
-0.23
-0.077
-0.119
-0.123
-0.213
-0.196
-0.218
-0.189
-0.253
-0.094
-0.108
-0.238
-0.211
-0.208
-0.113
-0.185
-0.171
-0.27
-0.301
-0.153
-0.135
-0.177
-0.084
-0.165
-0.122
-0.152
-0.141
-0.198
-0.189
-0.174
-0.188
-0.119
-0.209
-0.094
-0.194
-0.15
-0.191
-0.28
-0.127
-0.072
-0.159
-0.156
-0.045
-0.093
-0.058
-0.155
-0.169
-0.14
-0.199
-0.182
-0.151
-0.168
-0.206
-0.17
-0.262
-0.216
-0.195
-0.115
-0.148
-0.152
-0.111
-0.099
-0.158
-0.217
-0.149
-0.161
-0.165
-0.169
-0.221
-0.231
-0.208
-0.133
-0.264
-0.101
-0.199
-0.104
-0.137
-0.192
-0.175
-0.22
-0.126
-0.2
-0.137
-0.178
-0.224
-0.103
-0.231
-0.171
-0.092
-0.119
-0.078
-0.165
-0.134
-0.163
-0.23
-0.202
-0.177
-0.209
-0.159
-0.077
-0.144
-0.11
-0.061
-0.151
-0.103
-0.185
-0.211
-0.103
-0.124
-0.133
-0.167
-0.148
-0.19
-0.167
-0.238
-0.171
-0.168
-0.176
-0.246
-0.218
-0.203
-0.165
-0.145
-0.212
-0.181
-0.298
-0.251
-0.295
-0.208
-0.169
-0.192
-0.179
-0.217
-0.186
-0.178
-0.118
-0.251
-0.207
-0.234
-0.232
-0.264
-0.191
-0.195
-0.157
-0.247
-0.224
-0.205
-0.254
-0.177
-0.252
-0.23
-0.144
-0.269
-0.258
-0.208
-0.205
-0.281
-0.25
-0.202
-0.171
-0.298
-0.238
-0.298
-0.229
-0.253
-0.269
-0.263
-0.134
-0.317
-0.228
-0.246
-0.174
-0.223
-0.237
-0.237
-0.143
-0.215
-0.242
-0.257
-0.193
-0.213
-0.216
-0.144
-0.194
-0.221
-0.205
-0.158
-0.238
-0.239
-0.262
-0.208
-0.26
-0.181
-0.225
-0.173
-0.228
-0.212
-0.243
-0.138
-0.205
-0.115
-0.115
-0.337
-0.289
-0.225
-0.182
-0.051
-0.173
-0.153
-0.145
-0.231
-0.1
-0.219
-0.245
-0.196
-0.233
-0.335
-0.198
-0.202
-0.217
-0.199
-0.127
-0.164
-0.17
-0.166
-0.202
-0.272
-0.253
-0.169
-0.135
-0.219
-0.135
-0.12
-0.214
-0.131
-0.141
-0.173
-0.221
-0.235
-0.137
-0.18
-0.122
-0.159
-0.215
-0.035
