-0.987
-0.898
-0.598
-0.556
-1.356
-0.838
-0.816
-0.971
-1.178
-1.206
-0.928
-1.215
-0.634
-0.557
-0.893
-1.237
-1.287
-1.209
-1.245
-1.09
-1.085
-0.906
-1.515
-1.17
-1.39
-1.511
-1.65
-1.533
-1.731
-0.834
-1.061
-1.373
-0.945
-0.84
-1.397
-0.685
-1.218
-1.401
-1.54
-1.173
-1.339
-1.356
-1.313
-0.957
-1.337
-1.093
-1.169
-1.16
-1.354
-1.196
-0.51
-1.099
-1.121
-1.828
-1.237
-1.115
-1.22
-1.258
-0.534
-1.078
-1.208
-1.261
-1.099
-1.282
-1.168
-1.203
-1.256
-1.551
-1.449
-1.098
-0.965
-0.833
-1.119
-0.666
-0.562
-0.633
-1.109
-0.857
-1.491
-1.475
-0.829
-0.778
-1.035
-0.671
-1.224
-1.019
-1.025
-0.799
-0.803
-0.809
-0.736
-0.297
-0.856
-0.422
-0.169
-0.821
-0.964
-0.696
-0.617
-0.857
-0.702
-0.859
-0.449
-1.021
0.31
-0.623
-0.642
-1.111
-0.895
-0.651
-0.077
-0.429
-0.936
-0.893
-0.693
-0.499
-0.178
-0.925
-0.339
0.054
-0.996
-0.759
-0.915
0.372
-0.107
0.189
-0.857
-0.645
-0.293
-0.323
-0.868
-0.415
-0.901
-0.507
-0.565
-0.617
-0.304
-0.2
-0.969
-0.473
-0.731
-0.912
-1.3
-0.6
-0.951
-0.687
-0.945
-0.862
-1.289
-0.868
-0.622
-0.914
-1.106
-0.623
-1.244
-1.149
-1.267
-1.382
-1.431
-1.395
-1.203
-0.728
-1.078
-1.137
-0.84
-0.499
-0.831
-0.921
-0.401
-1.045
-0.344
-0.376
-0.391
-0.652
-0.014
-0.858
-0.438
-0.345
-1.155
-0.8
-0.831
-0.774
-0.701
-0.631
-0.458
-0.521
-0.14
-0.156
-0.265
-0.697
-0.983
-0.792
-0.354
-0.317
-0.773
-1.075
-0.722
-0.88
-0.606
-0.555
-0.388
-0.043
-1.288
-1.636
-1.49
-0.979
-0.941
-0.765
-0.717
-0.738
-1.071
-0.493
-0.552
-0.866
-0.496
-1.1
-0.814
-0.283
-0.706
-0.483
-0.152
-0.734
-0.636
-1.109
0.144
-1.007
-0.387
-0.92
-0.533
-1.015
-1.178
-0.618
-0.784
-0.735
-0.894
-0.901
-0.858
-0.886
-1.264
-0.682
-1.255
-1.147
-0.8
-0.974
-0.8
-1.013
-0.625
-0.582
-0.417
-0.824
-0.172
-0.489
-1.008
-0.64
-1.087
-0.107
-1.02
-0.751
-1.019
-1.074
-0.784
-1.083
-0.896
-1.461
-0.666
-0.576
-0.954
-0.793
-0.969
-0.852
-0.528
-1.446
-1.404
-1.464
-0.85
-0.331
-1.533
-1.049
-0.899
-0.598
-1.585
-1.216
-1.089
-0.349
-0.941
-1.06
-1.035
-1.532
-1.676
-1.524
-1.848
-1.662
-1.395
-1.549
-1.219
-1.433
-1.56
-0.814
-0.991
-0.535
-1.312
0.058
-1.181
-0.855
-0.721
-0.511
-1.398
-1.215
-0.7
-1.096
-1.109
-0.864
-1.347
-0.873
-1.201
-1.139
-1.208
-0.86
-1.126
-1.442
-0.665
-0.672
-1.088
-1.357
-0.332
-1.424
-0.964
-1.128
-1.323
-1.364
-1.173
-1.194
-0.809
-0.559
-1.365
-0.794
-0.492
-0.599
-1.198
-1.159
-1.326
-0.901
-0.574
-1.253
-1.408
-1.191
-1.313
-1.093
-1.375
-0.794
-1.31
-1.384
-1.531
-1.086
-1.367
-1.325
-0.855
-1.285
-1.517
-1.236
-0.774
-1.201
-1.235
-0.818
-1.364
-0.834
-0.979
-1.098
-0.777
-1.001
-1.206
-0.818
-0.53
-0.829
-1.202
-0.367
-1.537
-0.518
-0.872
-0.914
-0.153
-0.199
-0.957
-0.676
-0.508
-0.794
-1.047
-0.76
-0.935
-0.763
-0.474
-0.914
-0.802
-0.642
-0.38
-0.607
-0.298
-0.961
-0.7
-1.219
-0.744
-0.938
-1.161
-0.848
-0.634
-0.565
-0.728
-1.255
-0.851
-1.51
-1.158
-1.322
-1.6
-1.313
-1.379
-1.109
-0.732
-0.962
-1.363
-0.523
-0.514
-0.792
-1.235
-0.811
-1.492
-0.992
-1.078
-0.791
-1.094
-0.804
-0.786
-1.242
-1.226
-0.635
-1.198
-1.149
-1.398
-1.025
-0.839
-1.06
-0.992
-1.024
-1.488
-1.198
-1.135
-1.361
-0.818
-0.88
-0.566
-1.254
-0.82
-0.718
-1.306
-0.93
-0.367
-0.837
-0.386
-0.986
-0.587
-0.498
-0.504
-0.918
-0.758
-0.567
0.178
-0.954
-0.276
-0.127
-0.609
-0.467
-0.718
-0.649
-0.407
-0.756
-0.669
-0.749
-0.882
-0.702
-1.15
-0.815
-0.549
-0.836
-0.058
-1.086
-0.81
-0.67
-0.108
-0.154
-0.726
-0.337
-0.297
-0.252
0.08
-0.16
0.438
-0.29
-0.149
-0.038
0.203
0.01
0.23
