-52.04
-45.08
-42.29
-47.37
-49.27
-47.38
-45.22
-45.11
-45.77
-46.05
-47.79
-50.37
-43.02
-41.54
-45.15
-47.85
-45.45
-45.98
-41.22
-46.0
-51.32
-42.54
-46.3
-49.52
-52.63
-50.79
-61.96
-53.31
-50.1
-52.68
-52.3
-52.74
-47.41
-51.37
-57.33
-50.28
-59.47
-53.12
-54.67
-50.79
-59.04
-51.82
-48.38
-50.45
-50.88
-53.51
-52.4
-48.84
-59.64
-58.48
-52.0
-58.91
-57.22
-53.74
-58.39
-44.74
-49.23
-45.83
-41.32
-53.13
-49.79
-49.37
-46.19
-53.4
-54.94
-53.87
-55.7
-51.67
-58.32
-48.64
-44.85
-41.35
-50.34
-51.73
-44.29
-49.01
-47.65
-46.09
-49.97
-45.88
-43.88
-53.82
-55.43
-49.33
-48.92
-50.83
-51.65
-49.23
-45.53
-52.82
-41.15
-37.49
-43.28
-45.41
-45.85
-50.96
-50.21
-43.72
-48.56
-47.98
-38.07
-48.62
-46.74
-50.01
-40.4
-51.0
-52.06
-54.27
-48.82
-45.9
-47.65
-47.32
-53.28
-54.72
-53.23
-41.46
-45.31
-46.32
-49.85
-46.31
-52.47
-46.18
-53.88
-37.05
-40.43
-49.36
-44.38
-42.25
-44.52
-42.47
-41.21
-41.13
-45.5
-46.79
-41.37
-43.75
-45.71
-49.42
-55.75
-52.32
-56.75
-47.48
-48.17
-46.6
-47.86
-47.59
-45.28
-51.61
-48.29
-49.35
-49.02
-58.96
-51.34
-54.39
-50.52
-53.94
-52.92
-53.86
-47.94
-50.87
-49.77
-52.47
-47.62
-51.12
-46.0
-45.21
-39.4
-43.6
-37.43
-37.82
-33.2
-42.73
-36.6
-39.18
-38.28
-47.9
-50.18
-51.95
-48.21
-48.17
-43.64
-47.69
-43.27
-48.24
-45.42
-44.17
-51.32
-48.71
-42.26
-44.88
-42.9
-50.64
-52.3
-42.95
-52.21
-54.42
-47.13
-48.06
-42.21
-44.02
-51.0
-46.22
-51.5
-48.81
-57.4
-40.03
-46.72
-48.86
-48.58
-45.54
-50.02
-48.96
-52.79
-43.67
-57.94
-46.43
-47.96
-43.15
-45.04
-46.59
-48.29
-41.15
-52.75
-53.5
-41.85
-47.38
-48.56
-43.43
-46.47
-49.59
-53.42
-51.95
-52.22
-38.48
-43.03
-40.08
-42.77
-51.0
-45.09
-42.56
-44.34
-50.39
-41.31
-43.29
-46.79
-48.82
-40.96
-47.48
-38.49
-39.51
-43.86
-40.8
-49.98
-39.96
-45.52
-52.19
-52.04
-44.13
-39.36
-43.96
-44.75
-44.72
-45.04
-36.92
-41.72
-33.17
-44.65
-39.71
-52.96
-46.67
-44.22
-49.45
-51.57
-50.98
-49.75
-38.54
-53.38
-52.51
-46.57
-38.64
-42.42
-53.57
-51.1
-48.68
-54.42
-48.03
-52.06
-53.47
-54.4
-49.03
-50.36
-55.02
-49.81
-48.91
-53.77
-48.4
-58.09
-48.83
-43.0
-42.26
-50.52
-50.75
-47.82
-51.49
-43.08
-49.44
-53.31
-52.72
-52.49
-53.2
-50.25
-48.38
-41.68
-45.2
-42.35
-42.21
-44.2
-37.62
-37.01
-43.93
-46.98
-51.82
-46.92
-51.02
-48.49
-50.61
-45.65
-47.61
-50.78
-52.78
-55.4
-52.71
-44.72
-50.19
-54.42
-50.71
-49.37
-49.85
-58.63
-47.54
-54.39
-40.86
-49.66
-46.32
-44.36
-46.71
-53.0
-51.64
-49.68
-49.05
-49.09
-46.67
-45.37
-56.2
-48.3
-52.34
-56.71
-49.95
-51.4
-49.59
-47.43
-44.27
-45.13
-46.73
-46.37
-47.47
-42.46
-57.19
-48.65
-53.22
-57.49
-46.01
-50.12
-51.67
-58.06
-48.24
-50.99
-43.92
-53.64
-53.16
-37.65
-48.99
-53.42
-49.14
-57.17
-46.47
-52.74
-47.8
-51.32
-45.8
-44.16
-40.8
-42.69
-45.46
-48.75
-46.14
-39.57
-47.65
-42.01
-45.58
-41.2
-55.1
-46.79
-50.15
-51.69
-44.81
-48.01
-49.49
-47.38
-47.42
-49.66
-47.83
-53.3
-46.06
-47.95
-40.89
-40.37
-45.27
-47.61
-37.46
-38.74
-48.82
-51.45
-49.17
-41.85
-43.66
-48.09
-40.96
-43.4
-48.84
-45.75
-53.77
-50.66
-45.84
-56.19
-48.7
-54.35
-49.68
-53.11
-45.04
-47.53
-52.5
-53.17
-48.48
-51.15
-62.22
-56.1
-48.85
-41.06
-46.99
-45.05
-47.88
-50.45
-53.19
-39.57
-42.78
-40.06
-51.18
-47.5
-39.62
-44.12
-42.87
-39.08
-43.73
-42.39
-44.17
-43.53
-49.58
-44.69
-45.57
-43.87
-48.01
-50.99
-43.67
-46.14
-47.58
-47.97
-46.53
-46.64
-54.45
-53.24
-43.58
-42.04
-45.91
-43.77
-45.56
-43.02
-48.2
-45.91
-50.99
-50.75
-49.02
-42.57
-48.21
-49.02
-49.55
-40.66
-31.68
-36.41
-48.68
-47.87
