-406.323
-382.98
-378.71
-381.762
-357.077
-357.048
-360.344
-360.596
-368.268
-378.266
-408.069
-377.253
-382.185
-355.019
-375.847
-391.981
-397.43
-388.801
-392.678
-385.701
-388.461
-373.68
-398.046
-442.959
-391.353
-407.605
-408.775
-396.205
-450.987
-381.726
-378.387
-421.068
-390.943
-413.43
-409.905
-389.509
-341.206
-405.455
-405.679
-435.377
-390.858
-356.261
-350.447
-370.495
-364.797
-347.412
-356.327
-377.416
-413.025
-392.723
-386.97
-397.382
-426.8
-421.02
-425.706
-374.876
-341.845
-370.261
-340.136
-398.229
-386.739
-337.639
-334.04
-371.302
-435.607
-385.674
-365.954
-380.579
-408.252
-360.342
-382.481
-310.31
-379.298
-380.54
-343.943
-391.635
-404.927
-355.504
-343.513
-351.33
-343.321
-390.18
-385.33
-368.08
-379.034
-384.442
-373.635
-350.744
-386.586
-376.234
-328.441
-358.907
-346.188
-351.341
-309.106
-376.336
-340.461
-381.623
-384.695
-354.126
-367.23
-375.748
-376.721
-390.916
-333.578
-352.018
-423.05
-416.306
-457.823
-400.806
-358.728
-350.87
-363.57
-397.967
-369.763
-391.459
-340.481
-357.91
-378.5
-372.128
-378.498
-341.595
-373.367
-321.026
-296.657
-350.664
-331.43
-331.234
-331.236
-317.46
-283.041
-349.255
-286.401
-358.869
-335.378
-327.347
-318.186
-367.595
-408.418
-387.815
-433.249
-337.314
-354.471
-343.792
-342.649
-343.733
-398.078
-373.107
-397.596
-389.625
-425.323
-424.207
-418.695
-416.651
-373.363
-369.445
-309.589
-380.312
-346.344
-387.278
-367.387
-373.146
-342.39
-357.929
-352.209
-353.145
-356.516
-336.013
-340.831
-357.893
-290.122
-313.563
-315.471
-338.333
-320.946
-381.048
-440.396
-397.67
-388.511
-393.41
-313.027
-375.034
-361.386
-374.433
-353.151
-370.236
-369.004
-352.986
-392.249
-402.04
-363.669
-409.338
-423.811
-409.18
-400.785
-393.061
-376.016
-389.911
-360.669
-343.817
-349.797
-347.456
-384.886
-392.027
-374.055
-392.152
-404.944
-373.787
-384.475
-381.71
-368.468
-372.12
-379.527
-414.219
-441.388
-417.812
-354.914
-407.288
-376.657
-393.639
-341.985
-334.33
-379.433
-369.398
-350.378
-346.629
-369.289
-402.689
-366.24
-386.458
-398.144
-365.907
-373.266
-344.401
-366.108
-392.357
-347.088
-364.917
-378.444
-349.034
-345.125
-362.166
-355.104
-365.045
-343.462
-348.581
-343.155
-365.793
-308.438
-351.159
-326.658
-332.866
-383.564
-364.952
-373.04
-385.763
-342.412
-297.767
-271.071
-317.205
-374.588
-383.702
-337.276
-363.602
-322.856
-328.559
-332.801
-374.199
-344.713
-337.989
-324.047
-370.111
-380.118
-416.141
-398.834
-337.384
-377.855
-384.032
-357.144
-357.321
-355.595
-403.366
-408.914
-342.789
-364.654
-342.925
-377.833
-417.726
-405.742
-415.793
-396.639
-391.213
-357.05
-404.638
-352.71
-400.492
-383.07
-332.989
-397.153
-358.15
-380.013
-411.041
-373.023
-380.358
-341.671
-377.728
-393.394
-364.95
-396.742
-380.525
-338.871
-348.934
-333.912
-347.231
-324.621
-342.901
-361.096
-325.531
-371.432
-335.585
-323.962
-341.902
-376.053
-362.646
-405.973
-378.077
-374.954
-371.685
-380.926
-417.247
-416.17
-395.026
-397.042
-410.481
-380.112
-374.239
-382.522
-409.8
-407.383
-429.802
-382.512
-337.766
-350.477
-373.603
-370.429
-389.585
-374.908
-408.894
-404.2
-397.379
-432.499
-404.451
-430.353
-409.596
-391.28
-419.943
-428.952
-388.686
-429.239
-367.727
-341.092
-352.184
-399.165
-390.971
-430.148
-387.394
-391.292
-394.778
-432.684
-387.466
-419.988
-395.039
-381.819
-424.579
-366.348
-428.575
-441.446
-387.463
-376.859
-386.071
-362.458
-387.908
-385.88
-396.845
-391.516
-368.525
-411.873
-444.617
-397.917
-371.2
-359.213
-372.911
-376.798
-341.56
-382.846
-390.259
-322.133
-399.661
-398.861
-377.748
-342.802
-389.409
-391.548
-380.998
-410.842
-370.723
-347.621
-418.36
-395.925
-370.985
-365.262
-380.376
-356.96
-372.745
-383.698
-361.593
-389.692
-366.782
-370.894
-327.649
-312.23
-309.279
-364.211
-326.973
-373.174
-336.822
-369.407
-410.231
-390.152
-376.147
-367.803
-366.484
-399.279
-335.074
-386.717
-369.358
-348.482
-399.812
-350.458
-364.133
-399.532
-397.965
-389.909
-373.381
-398.18
-397.406
-396.621
-395.995
-404.152
-388.001
-392.303
-439.878
-417.26
-386.613
-380.801
-367.809
-341.606
-417.264
-399.108
-390.755
-385.352
-370.646
-385.717
-379.549
-338.117
-405.266
-427.699
-400.79
-411.6
-383.65
-405.256
-432.831
-406.084
-372.602
-428.843
-400.199
-397.862
-400.748
-422.497
-378.113
-404.958
-374.321
-360.741
-392.761
-355.599
-369.017
-373.494
-419.391
-382.554
-418.166
-429.607
-411.44
-400.745
-379.731
-398.757
-416.146
-364.868
-384.221
-313.202
-376.075
-379.431
