-14.375
-12.536
-11.944
-9.594
-12.828
-13.145
-12.025
-12.574
-14.01
-15.167
-12.994
-15.678
-11.445
-11.045
-12.945
-11.606
-13.862
-13.755
-10.25
-15.071
-11.91
-8.482
-14.106
-15.535
-14.559
-12.805
-17.577
-18.86
-16.429
-15.83
-17.521
-11.29
-12.405
-17.627
-19.059
-14.22
-17.78
-17.016
-19.097
-16.838
-12.798
-13.997
-18.688
-13.196
-16.395
-11.125
-17.507
-11.059
-19.304
-13.292
-14.323
-16.027
-18.905
-15.403
-14.791
-14.155
-11.868
-15.941
-10.022
-12.966
-16.584
-12.491
-6.373
-15.864
-15.277
-12.931
-15.853
-14.338
-15.686
-15.948
-15.68
-12.453
-13.898
-14.971
-15.518
-15.095
-14.268
-13.001
-18.959
-14.7
-16.111
-17.66
-19.283
-14.681
-18.271
-16.978
-13.594
-16.39
-13.927
-18.371
-14.819
-19.436
-18.303
-17.181
-14.232
-14.149
-14.325
-12.609
-14.225
-17.142
-14.423
-17.496
-14.997
-16.417
-13.336
-15.453
-17.307
-18.562
-13.642
-15.972
-16.111
-14.552
-15.127
-19.026
-12.318
-14.96
-14.158
-14.46
-14.954
-12.975
-16.396
-15.835
-18.494
-15.216
-13.694
-17.237
-17.744
-14.158
-14.529
-14.652
-14.648
-10.06
-13.905
-17.317
-14.826
-18.44
-12.365
-12.973
-16.383
-18.808
-21.555
-17.938
-13.476
-16.818
-16.289
-14.204
-17.642
-18.389
-18.918
-16.721
-11.644
-15.674
-13.372
-14.789
-13.936
-11.26
-13.857
-18.464
-14.802
-16.747
-16.155
-14.227
-13.749
-13.264
-14.551
-14.481
-6.878
-10.468
-10.957
-10.747
-9.57
-11.945
-11.004
-11.607
-10.269
-14.618
-13.3
-14.716
-15.094
-13.074
-14.621
-13.713
-16.452
-14.494
-13.739
-13.572
-18.403
-7.954
-14.455
-16.146
-10.51
-17.688
-17.592
-11.583
-14.844
-16.436
-14.809
-14.218
-14.985
-11.925
-15.261
-14.586
-16.915
-16.994
-23.12
-16.839
-16.042
-17.28
-19.431
-12.898
-16.498
-17.521
-16.866
-18.99
-6.668
-18.289
-15.689
-18.08
-15.336
-17.089
-15.404
-14.25
-17.178
-17.757
-13.135
-13.377
-15.602
-15.227
-13.203
-16.37
-17.306
-11.274
-20.48
-12.421
-14.732
-12.299
-13.424
-11.352
-13.728
-11.775
-16.032
-15.38
-15.748
-16.366
-14.575
-14.296
-10.383
-15.888
-12.601
-13.38
-15.248
-12.655
-14.189
-13.421
-12.817
-17.852
-19.549
-14.007
-14.97
-16.935
-11.305
-11.981
-15.062
-14.066
-16.124
-15.227
-15.036
-13.206
-17.719
-16.441
-16.909
-17.777
-18.434
-18.273
-13.401
-13.041
-15.845
-14.231
-16.072
-15.413
-10.86
-13.896
-17.872
-15.796
-16.927
-13.953
-14.621
-16.761
-16.482
-15.853
-18.012
-18.36
-14.463
-18.07
-21.041
-15.567
-15.413
-15.44
-18.28
-16.634
-15.148
-15.071
-16.115
-17.063
-16.598
-17.135
-17.051
-16.228
-18.638
-17.414
-19.386
-18.047
-17.127
-17.841
-14.778
-15.439
-15.505
-15.855
-14.05
-18.034
-13.143
-10.021
-14.626
-17.553
-11.901
-17.679
-14.913
-16.597
-18.7
-14.973
-15.387
-14.735
-14.202
-10.954
-11.545
-14.833
-10.671
-15.347
-13.777
-14.44
-13.29
-11.987
-16.697
-16.197
-13.956
-17.119
-19.202
-18.625
-15.238
-12.283
-14.995
-15.733
-15.261
-14.47
-17.373
-19.264
-16.193
-17.946
-16.247
-19.772
-16.071
-19.955
-14.972
-16.02
-14.482
-19.049
-17.264
-22.111
-19.046
-15.69
-16.423
-19.353
-18.001
-16.806
-15.757
-17.662
-15.168
-14.657
-13.54
-13.194
-15.295
-13.998
-16.698
-14.786
-17.114
-17.525
-15.157
-16.434
-18.572
-13.409
-14.602
-16.813
-17.786
-14.544
-12.169
-16.908
-16.501
-12.572
-15.656
-11.589
-10.697
-14.909
-16.753
-13.444
-11.849
-14.132
-1.122
-15.111
-13.97
-14.91
-17.635
-16.325
-13.457
-11.119
-12.87
-14.143
-10.904
-13.453
-14.34
-13.46
-12.362
-15.772
-18.829
-16.618
-16.929
-11.24
-15.832
-12.88
-14.759
-14.975
-13.369
-14.388
-16.481
-14.916
-16.628
-11.488
-12.721
-18.936
-16.164
-16.478
-11.238
-15.33
-17.851
-11.248
-13.719
-10.051
-17.2
-15.354
-15.736
-13.875
-14.938
-11.668
-13.391
-17.911
-14.148
-16.479
-15.904
-15.754
-12.9
-11.42
-16.059
-10.46
-15.419
-12.916
-14.102
-14.864
-12.589
-15.449
-13.154
-16.826
-12.365
-13.962
-11.663
-15.349
-16.862
-18.272
-14.764
-16.794
-16.305
-13.962
-15.706
-11.902
-12.503
-19.577
-18.861
-13.686
-13.604
-11.374
-13.611
-14.137
-11.979
-13.921
-12.428
-15.68
-13.599
-14.786
-14.209
-11.161
-9.439
-10.914
-13.13
