-354.357
-331.262
-306.864
-329.203
-301.596
-334.4
-308.61
-296.545
-284.126
-309.741
-338.946
-331.411
-311.738
-297.911
-304.659
-339.612
-336.824
-322.277
-324.667
-359.877
-330.491
-323.844
-338.113
-345.343
-304.641
-304.025
-333.651
-283.832
-355.003
-259.224
-295.482
-318.057
-301.036
-339.09
-313.649
-297.848
-304.98
-308.986
-348.092
-333.921
-329.566
-258.885
-239.224
-234.804
-251.132
-160.261
-263.921
-270.49
-296.158
-312.534
-286.883
-308.112
-335.127
-308.933
-353.265
-342.305
-281.252
-283.59
-286.074
-325.481
-343.121
-289.741
-247.397
-300.007
-364.387
-297.587
-306.271
-285.377
-314.684
-237.559
-273.64
-213.59
-312.35
-322.736
-255.15
-321.213
-344.353
-280.384
-197.689
-225.427
-221.433
-298.481
-332.091
-270.815
-297.957
-264.183
-234.388
-273.11
-262.442
-228.851
-186.773
-187.42
-258.085
-224.841
-189.642
-273.681
-314.409
-266.905
-299.001
-251.568
-245.756
-294.31
-289.944
-293.564
-256.773
-263.147
-255.213
-259.743
-284.258
-275.056
-246.243
-271.088
-310.572
-289.869
-290.689
-285.217
-237.272
-263.921
-249.922
-259.344
-262.441
-220.645
-237.126
-131.908
-164.058
-164.684
-166.685
-236.971
-208.009
-192.871
-186.48
-207.686
-163.209
-213.776
-193.114
-184.577
-170.207
-226.112
-248.504
-218.758
-260.706
-235.517
-230.115
-192.203
-212.649
-171.309
-248.22
-268.131
-304.738
-305.28
-320.611
-320.986
-363.279
-360.964
-304.262
-307.461
-261.458
-267.713
-274.855
-279.31
-250.419
-267.693
-248.958
-294.872
-240.304
-258.351
-237.337
-228.105
-214.183
-243.221
-201.362
-225.326
-206.858
-258.831
-227.711
-283.274
-306.593
-234.966
-297.227
-280.859
-269.39
-293.544
-278.934
-243.959
-255.132
-287.351
-273.23
-242.443
-253.479
-271.262
-243.418
-273.766
-319.929
-316.031
-273.001
-278.973
-263.543
-293.252
-236.011
-237.798
-241.082
-224.47
-260.863
-271.435
-264.569
-267.587
-266.845
-228.815
-235.989
-296.043
-266.971
-256.901
-268.321
-280.563
-344.998
-311.716
-203.201
-259.252
-275.537
-269.058
-213.158
-196.683
-292.897
-249.571
-215.651
-238.372
-239.618
-246.703
-233.298
-241.557
-267.928
-235.325
-252.662
-249.849
-243.272
-244.566
-209.589
-242.354
-261.765
-269.159
-206.742
-239.039
-183.857
-233.633
-209.004
-190.059
-178.186
-214.193
-142.817
-162.681
-172.258
-207.421
-253.705
-261.386
-262.067
-252.504
-183.817
-212.565
-163.522
-156.917
-262.173
-261.429
-206.418
-252.606
-226.507
-236.3
-254.294
-264.594
-293.426
-261.705
-241.292
-269.763
-277.208
-299.873
-268.68
-238.21
-262.74
-275.961
-202.651
-183.977
-212.896
-317.842
-301.46
-257.577
-266.924
-259.528
-241.875
-306.927
-314.767
-296.004
-309.201
-266.925
-240.029
-265.656
-268.895
-285.315
-260.072
-208.028
-262.826
-206.3
-259.613
-256.581
-259.82
-274.542
-224.381
-240.03
-290.659
-241.409
-308.486
-260.78
-225.951
-210.925
-231.332
-238.135
-191.932
-211.21
-266.775
-208.5
-234.074
-236.262
-240.962
-242.338
-270.056
-286.967
-296.35
-290.821
-301.686
-263.553
-288.466
-333.58
-328.317
-334.414
-306.762
-321.187
-297.027
-291.242
-277.602
-316.147
-333.421
-327.487
-304.894
-227.824
-233.227
-261.481
-264.587
-242.152
-268.914
-288.32
-292.482
-271.897
-296.997
-301.921
-271.073
-286.582
-287.243
-308.732
-289.891
-296.704
-295.481
-262.788
-227.292
-248.605
-298.266
-328.13
-294.404
-277.162
-275.751
-334.07
-336.099
-296.482
-327.808
-300.537
-288.864
-319.789
-296.65
-309.909
-336.872
-244.769
-248.735
-276.788
-221.719
-294.865
-312.705
-308.837
-323.751
-255.87
-353.025
-359.014
-303.928
-274.646
-239.704
-264.935
-273.964
-248.115
-244.156
-250.03
-201.454
-258.832
-267.154
-271.271
-260.091
-258.762
-300.735
-274.629
-304.508
-242.644
-280.037
-275.801
-271.512
-259.551
-231.333
-252.146
-226.446
-251.599
-212.117
-253.367
-239.389
-214.553
-258.983
-238.777
-210.192
-208.118
-190.758
-203.833
-198.507
-204.155
-249.395
-267.699
-171.249
-266.06
-246.71
-283.801
-275.904
-190.05
-244.361
-207.578
-246.861
-263.125
-240.654
-208.317
-280.925
-297.617
-268.44
-263.407
-273.746
-279.592
-294.401
-283.663
-268.357
-247.684
-205.37
-261.777
-263.205
-239.592
-251.119
-235.428
-233.424
-328.616
-271.678
-247.615
-247.65
-230.587
-241.571
-207.553
-212.609
-259.599
-275.659
-260.028
-269.199
-285.399
-278.336
-290.218
-287.91
-283.801
-287.836
-307.913
-258.569
-323.35
-315.265
-314.305
-292.41
-256.538
-260.76
-248.327
-190.1
-233.656
-232.208
-285.523
-239.599
-268.646
-242.518
-247.175
-251.116
-26.857
-252.444
-44.791
-242.806
-187.658
-141.223
-231.273
-243.911
