-3.743
-2.379
-5.259
-7.407
-6.535
0.483
-1.017
-4.35
-1.572
-1.826
-1.637
-5.028
-2.34
-2.045
-5.286
-3.781
-0.71
-2.745
-5.418
-2.551
-2.89
-2.615
-4.901
-4.004
-3.902
-2.811
-0.654
-0.811
-2.422
-0.961
-2.905
-4.532
-0.648
-5.112
-6.937
-5.267
-5.499
-3.861
-2.364
-3.613
0.409
-2.735
-5.78
-3.17
-1.55
-0.888
-0.324
-1.808
-1.257
-2.02
-0.535
-3.763
-7.297
-5.853
-2.809
-3.583
-3.258
-1.216
-2.675
-3.068
-2.183
-1.238
-3.025
-3.485
-2.744
-5.864
-2.261
-2.471
-2.75
-4.913
-1.588
-2.346
-5.077
-1.348
-5.196
-2.196
-3.378
-1.846
0.808
-2.198
-0.468
-3.849
-1.106
-1.901
-0.291
-3.385
-3.101
-1.622
-0.189
-0.195
-2.249
-2.248
-0.002
-1.978
-3.676
-4.147
-3.596
-4.178
-2.146
-2.872
-3.443
-3.798
-2.652
-1.592
1.047
-1.662
-2.798
-5.694
-2.199
-1.516
-2.764
-0.752
-4.063
-4.279
-2.161
-2.237
-1.129
-0.284
1.286
1.016
-3.028
-0.725
-2.421
-0.769
0.877
2.405
0.987
-1.234
-2.155
-2.093
-1.102
-0.978
-1.636
-1.943
-0.769
-1.474
-2.049
-2.67
-1.103
-0.995
-3.399
-3.665
-0.419
-0.236
-2.013
-4.651
-0.733
-1.786
-2.794
-2.153
-2.266
-3.708
-5.969
-3.159
-5.272
-3.827
-5.564
-4.679
-3.787
-1.519
-0.925
-2.764
-2.371
-0.422
0.99
1.926
-1.719
-0.855
-2.01
-0.587
-1.788
-1.416
-2.027
1.075
-2.132
-6.58
0.248
-1.589
-3.649
-2.36
-3.594
1.13
-2.06
-2.1
-2.417
-0.512
0.393
-4.178
-1.901
-2.196
-0.315
-2.859
-2.983
-4.161
-4.67
-2.245
-2.126
-4.027
-2.879
-1.903
-1.5
-3.111
-0.636
-0.415
-2.454
-2.58
-2.48
-3.799
-0.921
-0.252
-2.76
-0.033
-0.972
-1.241
-2.215
-5.193
-3.382
-3.371
-2.792
-1.668
1.768
-0.38
-3.263
-0.444
-1.906
1.779
-0.872
1.868
-2.367
-0.734
-6.352
-1.654
-4.169
-5.668
-3.412
-1.853
-4.522
-4.17
-3.631
-2.977
-0.992
-3.082
-2.271
-0.547
-2.185
-4.129
-2.608
-1.925
1.792
-0.27
0.961
0.994
-0.622
0.208
-1.125
-2.138
-3.739
-2.822
-1.074
-2.889
-1.708
-3.515
0.741
0.162
-1.912
-3.916
-2.412
-0.985
-0.893
-2.017
-2.47
-0.686
-3.368
-1.747
-2.876
-0.541
-2.188
-2.932
-2.231
0.42
-1.905
-4.863
-3.279
-1.908
-0.83
-2.732
-2.583
-3.48
-1.775
-6.62
-3.077
-0.922
-0.538
-4.066
-0.749
-0.454
-0.005
-1.46
-0.629
-1.403
-0.863
1.222
1.267
-3.64
-3.098
-4.655
-1.243
-1.41
-0.104
-2.775
-1.935
-1.272
-2.569
-3.477
-1.123
-2.592
-2.02
0.339
-2.618
-1.699
-2.185
-2.729
-1.094
-3.792
-2.832
-2.955
-3.259
-3.512
-0.253
-4.723
-0.31
-1.786
-3.811
-3.294
-4.281
-3.557
-2.474
-2.966
-2.406
-2.441
-2.484
-1.451
-2.466
-3.507
-3.166
-1.366
-3.712
-2.812
-3.563
-2.831
-3.345
-5.951
-6.228
-5.724
-4.81
-5.333
-7.17
-2.368
-1.774
-6.131
-4.908
-3.946
-4.393
-3.035
-7.187
-4.073
-5.05
-7.473
-6.744
-4.968
-4.583
-4.222
-5.889
-5.638
-7.232
-4.573
-6.591
-5.747
-5.086
-2.936
-3.794
-4.181
-5.793
-4.358
-6.053
-4.966
-7.047
-4.73
-2.815
-2.456
-5.968
-4.722
-5.346
-5.09
-3.212
-5.605
-6.263
-3.518
-5.535
-4.079
-4.847
-7.396
-5.204
-3.778
-6.564
-4.562
-4.86
-5.436
-8.127
-4.564
-4.177
-5.766
-7.783
-5.98
-6.646
-6.457
-4.099
-6.275
-7.297
-4.163
-4.979
-4.32
-5.79
-3.851
-7.045
-5.386
-7.445
-5.226
-4.267
-3.693
-6.961
-4.045
-5.437
-2.721
-4.729
-5.484
-5.573
-5.552
-8.162
-7.279
-4.681
-6.832
-6.088
-5.58
-5.629
-3.168
-5.188
-4.993
-4.317
-6.147
-5.225
-4.861
-5.065
-7.012
-4.216
-3.038
-2.452
-7.451
-3.694
-5.567
-4.88
-5.612
-5.797
-6.003
-4.607
-2.146
-3.114
-2.359
-4.102
-5.918
-6.52
-7.2
-5.737
-7.145
-5.196
-6.074
-6.954
-5.728
-5.427
-7.771
-6.271
-6.041
-5.871
-7.183
-5.028
-5.351
-6.408
-4.268
-6.822
-4.383
-5.692
-5.713
-3.909
-6.519
-2.91
-3.883
-4.94
-1.5
0.458
-6.093
-4.647
