-67.44
-59.31
-65.42
-64.37
-52.97
-60.62
-61.45
-64.98
-54.93
-60.92
-63.42
-70.47
-62.59
-62.38
-65.71
-60.33
-58.5
-55.9
-61.43
-61.41
-50.57
-55.44
-58.89
-63.28
-56.22
-62.18
-63.23
-54.77
-61.51
-61.01
-58.33
-64.84
-67.06
-58.24
-64.96
-67.06
-58.87
-59.35
-54.37
-56.62
-59.39
-60.06
-60.17
-60.64
-57.78
-64.04
-62.56
-65.34
-58.41
-63.12
-60.71
-55.74
-62.88
-62.11
-54.35
-65.96
-54.01
-58.73
-60.58
-59.81
-57.18
-55.89
-53.36
-57.97
-62.32
-60.82
-62.83
-58.77
-66.03
-59.27
-59.08
-47.2
-53.28
-52.98
-55.99
-50.22
-52.01
-44.28
-56.17
-57.18
-51.26
-55.87
-52.93
-50.56
-53.4
-49.54
-46.5
-43.77
-57.13
-54.11
-60.37
-47.06
-63.06
-49.19
-60.0
-61.42
-60.16
-58.7
-59.73
-55.23
-64.13
-55.67
-54.79
-64.35
-53.75
-60.81
-54.24
-50.0
-44.4
-53.17
-48.8
-46.09
-42.16
-52.87
-51.26
-59.68
-50.98
-58.4
-57.29
-43.12
-50.37
-41.4
-51.72
-51.78
-42.73
-56.96
-40.67
-46.79
-44.46
-52.82
-51.65
-50.0
-39.87
-41.85
-49.07
-37.37
-56.67
-62.76
-57.32
-56.25
-56.56
-57.71
-61.49
-54.97
-57.28
-54.87
-52.03
-54.08
-54.39
-54.59
-58.81
-54.19
-53.47
-60.52
-50.2
-51.61
-43.03
-58.21
-60.11
-55.21
-51.94
-46.27
-64.27
-52.98
-62.52
-63.84
-57.64
-55.6
-61.96
-49.5
-65.34
-54.34
-59.52
-56.38
-53.85
-58.2
-61.23
-51.13
-56.42
-53.44
-52.25
-66.7
-64.22
-63.06
-68.54
-66.95
-65.07
-67.73
-62.64
-63.73
-68.73
-58.93
-64.37
-53.05
-54.22
-53.78
-46.8
-57.76
-58.78
-56.14
-58.33
-52.72
-56.63
-70.24
-55.12
-50.47
-56.17
-50.14
-57.49
-65.79
-63.78
-56.88
-57.79
-64.03
-61.62
-53.28
-66.98
-65.85
-63.59
-55.74
-61.63
-65.03
-60.68
-62.59
-64.35
-64.63
-58.24
-62.51
-58.73
-61.63
-60.15
-52.17
-61.61
-62.25
-62.77
-70.02
-68.58
-68.23
-72.78
-64.44
-71.35
-80.54
-58.42
-68.48
-73.39
-68.04
-67.03
-74.6
-59.62
-73.73
-66.23
-67.63
-67.37
-68.4
-59.74
-69.55
-72.09
-66.29
-67.17
-65.04
-54.8
-65.16
-58.36
-67.62
-66.44
-67.94
-55.99
-69.77
-57.41
-64.91
-68.79
-72.56
-76.3
-68.51
-64.15
-63.81
-66.01
-60.21
-69.81
-63.25
-64.66
-64.02
-76.4
-67.68
-63.73
-67.09
-62.67
-63.15
-65.04
-63.14
-68.01
-73.12
-60.81
-56.34
-61.59
-66.93
-71.85
-64.92
-67.26
-70.19
-62.96
-65.56
-57.35
-57.35
-65.2
-58.66
-63.26
-64.71
-66.94
-59.38
-65.07
-55.98
-52.98
-54.58
-59.5
-50.22
-60.15
-62.46
-58.44
-65.21
-54.36
-61.11
-61.43
-56.25
-59.26
-61.85
-62.54
-49.75
-60.89
-56.45
-62.28
-66.21
-63.18
-65.86
-58.24
-57.99
-62.47
-64.85
-62.69
-64.75
-62.86
-64.39
-64.74
-64.93
-63.6
-64.95
-66.24
-71.9
-60.88
-68.61
-68.25
-56.85
-63.26
-58.69
-65.42
-70.02
-65.5
-63.32
-64.11
-59.44
-56.4
-58.99
-65.08
-62.48
-71.17
-68.58
-78.6
-66.78
-65.08
-67.81
-68.34
-61.74
-64.95
-65.1
-66.73
-68.21
-59.96
-56.8
-60.86
-74.88
-68.81
-77.97
-74.49
-72.58
-71.91
-71.97
-64.08
-75.66
-72.08
-70.81
-67.14
-64.88
-70.34
-65.85
-74.16
-76.58
-72.56
-72.52
-68.59
-66.67
-69.82
-75.0
-69.94
-78.47
-69.48
-69.6
-84.31
-77.66
-79.59
-69.65
-69.81
-78.01
-78.23
-77.6
-80.97
-76.58
-76.9
-69.82
-65.39
-64.54
-75.73
-74.84
-73.29
-71.67
-76.41
-70.01
-66.09
-71.95
-72.34
-76.21
-77.13
-76.02
-78.0
-74.05
-68.76
-68.7
-70.0
-72.48
-77.68
-81.22
-67.58
-74.28
-78.64
-77.92
-78.76
-74.28
-71.12
-68.5
-59.73
-66.52
-63.34
-74.54
-64.68
-72.63
-63.69
-66.98
-70.25
-71.79
-73.58
-72.82
-74.53
-78.37
-75.75
-74.25
-65.78
-72.79
-68.62
-68.34
-61.9
-69.57
-67.35
-72.64
-69.06
-70.95
-64.75
-73.05
-72.73
-61.14
-65.66
-67.46
-61.04
-73.82
-69.26
-68.57
-68.36
-63.54
-65.06
-73.7
-74.99
-66.62
-67.92
-77.58
-69.04
-65.84
-69.06
-68.52
-63.33
-76.1
-64.78
-70.25
-69.67
