-2.407
-2.151
-2.597
-1.602
-2.515
-2.408
-1.938
-2.579
-1.34
-2.252
-2.684
-2.189
-2.188
-2.204
-2.434
-2.644
-1.691
-1.994
-2.431
-2.454
-2.381
-2.436
-1.941
-2.978
-2.527
-2.61
-2.529
-2.262
-2.309
-2.5
-2.752
-2.896
-2.289
-2.329
-2.676
-2.11
-2.605
-2.129
-2.088
-2.815
-2.24
-2.367
-1.916
-2.509
-2.314
-1.922
-2.25
-2.231
-2.105
-1.535
-1.782
-1.719
-1.78
-2.394
-1.84
-2.488
-2.617
-1.714
-2.4
-2.322
-2.319
-2.527
-1.951
-2.26
-2.331
-2.664
-2.582
-3.073
-2.812
-1.559
-1.976
-2.108
-1.513
-1.097
-2.583
-1.952
-2.103
-1.137
-2.655
-3.076
-1.548
-2.049
-1.975
-2.185
-1.797
-2.011
-2.66
-1.131
-1.503
-2.292
-2.084
-1.387
-1.885
-1.829
-2.392
-2.207
-2.305
-2.388
-1.467
-2.505
-2.939
-1.853
-1.987
-2.994
-1.397
-3.054
-1.923
-1.667
-1.373
-2.002
-1.691
-2.099
-1.759
-1.997
-1.757
-1.936
-1.941
-1.61
-1.61
-0.647
-1.164
-1.135
-1.914
-1.131
-1.213
-0.901
-1.262
-1.206
-1.526
-1.047
-1.306
-0.881
-0.412
-0.726
-0.889
-1.351
-1.084
-1.992
-0.921
-2.358
-2.205
-1.788
-2.747
-1.498
-2.03
-1.28
-2.158
-2.199
-1.548
-1.792
-1.353
-1.556
-1.935
-2.162
-1.092
-1.943
-0.883
-2.088
-1.681
-2.391
-2.03
-2.392
-1.969
-1.455
-1.772
-2.37
-1.655
-1.851
-1.418
-2.04
-2.3
-2.085
-2.585
-1.42
-2.325
-1.881
-2.086
-1.042
-1.349
-1.174
-1.285
-1.944
-1.736
-1.871
-1.834
-2.037
-2.557
-2.614
-2.543
-1.948
-2.417
-2.285
-2.36
-1.676
-2.103
-1.888
-2.235
-1.884
-2.767
-2.592
-2.802
-2.181
-1.267
-2.467
-1.9
-1.798
-2.001
-1.742
-2.545
-1.81
-2.704
-2.222
-2.596
-2.028
-2.217
-2.292
-2.462
-2.835
-2.441
-3.073
-2.827
-2.717
-2.799
-2.662
-3.331
-2.063
-1.636
-2.285
-2.695
-2.103
-1.889
-2.474
-1.947
-2.464
-3.169
-2.297
-1.898
-2.773
-2.7
-1.996
-2.692
-2.922
-2.098
-3.195
-2.011
-3.042
-2.893
-2.995
-2.856
-2.705
-2.741
-2.936
-3.108
-2.475
-2.764
-3.247
-2.603
-2.682
-2.964
-3.025
-2.675
-2.808
-3.075
-1.951
-2.352
-2.702
-2.702
-2.792
-1.696
-3.02
-2.461
-2.88
-2.876
-2.485
-2.11
-2.79
-2.462
-1.976
-2.303
-2.448
-2.407
-3.167
-3.337
-2.555
-2.905
-2.795
-3.373
-2.937
-2.866
-3.239
-2.512
-3.215
-3.127
-2.674
-3.381
-3.31
-3.722
-2.62
-2.473
-3.008
-2.753
-3.123
-2.133
-2.738
-2.888
-3.623
-3.099
-2.825
-2.751
-2.38
-3.074
-2.42
-2.681
-2.525
-3.033
-1.859
-1.598
-2.692
-2.677
-2.868
-2.075
-2.525
-3.051
-2.464
-2.396
-2.261
-2.591
-2.069
-2.286
-2.408
-2.65
-2.456
-2.872
-3.072
-3.348
-2.859
-3.047
-3.058
-3.06
-2.718
-3.131
-3.294
-2.796
-3.249
-2.975
-2.645
-2.811
-2.646
-2.241
-3.132
-2.435
-1.939
-2.47
-2.952
-2.742
-2.694
-3.019
-2.858
-2.671
-3.381
-2.163
-2.695
-3.001
-2.675
-2.693
-2.957
-2.014
-2.217
-2.517
-2.338
-2.665
-3.117
-1.849
-2.986
-2.305
-2.767
-2.079
-2.671
-2.725
-2.622
-2.281
-3.312
-2.576
-2.938
-2.26
-2.911
-3.397
-3.061
-2.811
-3.289
-2.635
-3.045
-3.23
-2.681
-2.718
-3.237
-2.622
-3.235
-2.119
-2.341
-3.014
-3.24
-2.606
-2.588
-3.386
-3.374
-2.936
-1.989
-2.551
-2.972
-2.524
-2.726
-3.788
-3.193
-2.103
-3.215
-3.4
-2.903
-3.073
-2.859
-2.799
-2.469
-3.551
-2.856
-2.971
-2.867
-2.146
-2.899
-2.332
-2.034
-2.314
-3.248
-3.132
-2.671
-1.922
-2.356
-3.287
-2.814
-2.043
-2.166
-2.201
-2.627
-2.852
-1.877
-2.407
-2.44
-2.142
-2.698
-1.704
-1.918
-2.664
-2.672
-2.447
-2.093
-1.808
-2.803
-2.008
-2.425
-2.379
-2.289
-2.181
-2.221
-2.244
-2.473
-2.884
-2.404
-2.668
-2.907
-2.802
-2.551
-2.663
-2.647
-1.667
-2.269
-2.614
-2.669
-2.521
-2.034
-2.503
-2.486
-2.23
-3.157
-2.284
-2.69
-2.737
-2.654
-2.287
-2.882
-2.61
-2.301
-2.479
-2.952
-2.461
-2.693
-2.602
-2.36
-2.708
-2.806
-2.444
-2.38
-2.361
