-327.025
-302.611
-339.987
-305.314
-329.479
-255.054
-291.088
-284.118
-271.958
-290.535
-274.565
-338.595
-293.548
-284.345
-318.533
-313.524
-311.959
-307.591
-307.583
-280.633
-249.563
-231.435
-275.534
-307.295
-275.265
-282.062
-228.042
-252.333
-239.131
-232.248
-224.386
-233.916
-289.331
-266.178
-252.298
-289.647
-279.144
-258.071
-230.014
-216.484
-306.59
-255.041
-228.345
-217.629
-216.92
-214.197
-257.949
-255.641
-240.349
-267.317
-314.699
-289.536
-281.279
-244.227
-262.991
-340.54
-240.786
-212.569
-247.598
-221.206
-236.047
-268.629
-251.385
-302.078
-264.561
-269.128
-294.227
-284.804
-300.542
-248.942
-280.472
-201.123
-242.283
-241.323
-258.951
-245.301
-260.792
-240.357
-217.144
-272.146
-264.737
-235.921
-273.122
-240.883
-239.93
-226.576
-210.341
-206.246
-247.323
-98.935
-269.088
-233.262
-315.207
-280.22
-307.723
-301.867
-307.597
-308.754
-328.51
-293.83
-304.851
-312.684
-293.688
-309.529
-273.752
-303.984
-261.47
-245.536
-211.756
-258.505
-260.681
-239.909
-211.602
-254.303
-232.978
-286.334
-321.812
-285.389
-261.516
-205.714
-246.853
-250.814
-241.831
-246.801
-245.311
-250.735
-247.595
-277.122
-245.008
-248.465
-237.589
-278.327
-246.376
-232.173
-221.895
-239.687
-242.188
-300.467
-267.541
-295.393
-255.134
-267.06
-267.629
-263.431
-252.286
-274.174
-263.337
-267.577
-257.294
-263.762
-270.402
-292.742
-291.063
-313.262
-266.346
-315.685
-268.773
-311.908
-342.954
-344.943
-316.629
-339.466
-329.687
-326.592
-335.952
-305.418
-347.646
-313.362
-329.416
-299.262
-330.302
-309.568
-327.594
-309.734
-305.265
-269.189
-320.957
-288.045
-322.88
-339.938
-388.765
-385.348
-393.775
-320.189
-342.773
-367.483
-381.012
-360.312
-346.024
-377.533
-364.303
-314.915
-355.073
-267.964
-248.272
-273.295
-245.973
-237.476
-322.77
-267.502
-277.944
-290.836
-293.84
-347.694
-227.423
-308.311
-322.877
-289.315
-251.229
-270.675
-320.548
-323.884
-307.811
-305.574
-290.006
-303.843
-295.465
-278.14
-291.421
-312.875
-313.439
-339.218
-294.469
-333.307
-307.952
-243.579
-230.416
-279.846
-234.114
-256.144
-259.96
-250.696
-284.055
-231.381
-264.313
-297.514
-306.234
-374.139
-361.043
-343.222
-396.058
-357.141
-290.271
-356.989
-356.495
-387.853
-373.71
-369.99
-340.189
-321.446
-358.115
-329.143
-356.09
-377.458
-309.631
-383.944
-339.419
-338.019
-286.622
-298.384
-262.459
-253.32
-268.174
-300.237
-278.35
-323.22
-306.67
-303.102
-295.514
-278.04
-298.143
-317.012
-286.09
-260.969
-272.729
-271.214
-221.056
-274.724
-283.795
-286.431
-251.594
-267.64
-266.753
-190.351
-238.546
-257.063
-229.702
-247.209
-260.43
-254.399
-277.943
-293.018
-281.633
-286.896
-267.302
-263.81
-267.096
-221.443
-256.678
-273.482
-291.775
-235.894
-215.392
-258.607
-308.772
-285.265
-275.645
-303.044
-335.982
-268.04
-331.074
-289.138
-335.0
-289.188
-293.597
-245.772
-256.861
-262.243
-277.84
-311.162
-245.897
-241.298
-296.653
-226.369
-242.757
-230.475
-236.638
-138.204
-176.94
-210.156
-222.504
-237.654
-280.832
-270.319
-221.994
-271.837
-248.624
-274.922
-258.441
-290.581
-238.976
-240.417
-273.765
-257.215
-205.918
-225.305
-217.293
-229.122
-251.929
-221.412
-206.148
-201.236
-195.471
-195.561
-230.347
-249.691
-242.981
-241.142
-253.718
-150.13
-166.303
-158.226
-170.221
-165.671
-200.514
-200.736
-195.59
-168.077
-210.027
-182.133
-215.293
-228.083
-206.29
-208.049
-209.579
-238.623
-235.138
-193.064
-178.024
-270.371
-309.266
-306.497
-279.82
-290.507
-260.671
-338.26
-273.236
-235.321
-216.832
-272.332
-179.619
-227.307
-226.436
-304.621
-284.725
-342.016
-332.801
-355.606
-335.843
-266.381
-313.366
-267.162
-284.816
-306.43
-374.702
-379.158
-354.985
-276.764
-306.938
-297.871
-283.424
-372.934
-332.493
-377.664
-375.22
-342.767
-365.163
-376.009
-386.156
-322.435
-326.406
-291.443
-222.887
-278.383
-301.979
-310.769
-295.102
-350.037
-392.466
-375.159
-380.506
-351.619
-390.182
-338.152
-346.204
-314.957
-375.256
-343.478
-399.453
-403.234
-394.358
-357.28
-401.294
-377.319
-386.216
-315.544
-297.723
-288.411
-272.358
-260.936
-274.477
-261.575
-266.632
-306.43
-277.041
-264.492
-296.666
-291.213
-366.147
-318.849
-341.656
-298.776
-347.577
-291.738
-275.054
-292.175
-313.819
-313.973
-289.052
-269.173
-294.338
-262.593
-289.977
-312.365
-252.453
-312.856
-308.026
-257.654
-302.471
-197.547
-163.765
-234.79
-229.247
-291.126
-283.913
-225.952
-258.476
-286.505
-274.058
-300.843
-277.539
-328.22
-291.964
-229.929
-274.782
-239.324
-318.978
-253.784
-243.449
-189.621
-237.609
