-18.108
-15.322
-18.904
-14.273
-19.941
-18.739
-11.823
-22.657
-15.567
-13.955
-14.611
-22.987
-18.147
-19.106
-17.816
-14.587
-22.51
-19.341
-15.202
-15.2
-14.126
-13.676
-13.661
-13.945
-13.792
-14.128
-11.45
-16.37
-15.774
-15.324
-21.837
-22.463
-18.149
-20.342
-21.057
-14.716
-10.955
-15.975
-12.463
-11.599
-11.867
-16.993
-14.413
-19.642
-19.797
-15.598
-15.913
-16.5
-14.724
-17.811
-20.38
-15.243
-10.394
-18.708
-12.327
-18.927
-12.711
-21.737
-16.925
-12.426
-17.754
-19.235
-16.94
-18.873
-13.734
-20.446
-18.885
-7.343
-16.425
-20.275
-17.158
-12.656
-14.201
-16.119
-16.981
-10.946
-17.957
-17.568
-17.894
-21.748
-8.821
-8.406
-12.527
-9.328
-13.905
-9.949
-17.266
-12.375
-12.455
-15.705
-14.904
-13.113
-12.478
-17.401
-15.174
-15.489
-19.404
-19.182
-15.29
-20.288
-13.535
-16.909
-17.422
-19.979
-17.269
-11.444
-17.316
-11.846
-17.033
-15.955
-13.359
-6.629
-14.665
-14.375
-10.195
-9.063
-13.683
-9.305
-14.111
-16.818
-19.503
-11.743
-14.426
-13.048
-14.298
-15.384
-12.681
-16.757
-15.187
-18.389
-10.863
-18.747
-10.352
-13.532
-15.216
-13.709
-13.793
-16.437
-12.39
-13.778
-10.105
-14.28
-19.221
-15.289
-12.321
-15.416
-10.195
-18.913
-19.504
-13.919
-14.044
-17.612
-14.708
-13.185
-16.217
-13.807
-7.247
-15.039
-16.053
-12.595
-14.933
-17.759
-17.729
-11.519
-18.593
-19.015
-21.159
-12.709
-12.19
-9.306
-19.463
-18.15
-19.625
-19.438
-12.719
-15.118
-13.205
-13.263
-11.824
-16.121
-9.717
-17.574
-12.657
-13.864
-12.028
-11.097
-16.639
-19.518
-16.741
-18.067
-18.947
-14.28
-19.6
-16.897
-16.132
-13.688
-21.433
-19.283
-18.218
-15.763
-19.165
-18.489
-12.236
-18.86
-14.253
-15.369
-9.219
-10.363
-14.021
-13.858
-18.959
-15.44
-16.297
-19.558
-21.209
-19.154
-21.073
-16.798
-20.993
-16.033
-16.507
-17.241
-15.632
-13.917
-16.045
-16.516
-14.378
-16.461
-14.593
-19.155
-20.905
-16.223
-18.135
-9.756
-20.624
-19.683
-18.894
-16.215
-14.097
-22.74
-21.835
-16.549
-13.034
-17.113
-18.223
-21.11
-11.475
-16.417
-19.854
-22.233
-15.201
-17.49
-18.435
-16.672
-18.013
-19.65
-23.233
-21.675
-23.664
-19.467
-11.687
-12.804
-17.798
-18.841
-20.871
-18.642
-15.071
-17.821
-12.405
-16.567
-18.223
-21.024
-23.428
-16.538
-14.045
-18.437
-14.131
-15.466
-17.151
-9.64
-15.347
-16.418
-17.109
-17.172
-18.658
-20.032
-19.896
-21.997
-20.42
-21.744
-18.683
-20.741
-22.458
-18.666
-17.789
-24.029
-20.734
-18.306
-17.188
-19.263
-18.235
-16.339
-14.674
-12.62
-18.036
-16.974
-17.804
-20.391
-23.25
-15.724
-18.576
-8.69
-16.784
-18.412
-12.113
-16.06
-18.03
-14.874
-19.55
-14.6
-16.822
-17.152
-12.183
-15.965
-19.208
-11.163
-16.096
-12.046
-12.691
-14.295
-17.279
-19.582
-18.515
-20.936
-20.637
-18.431
-20.856
-15.924
-19.255
-19.004
-20.837
-20.16
-20.804
-20.828
-16.688
-15.785
-20.171
-17.735
-15.614
-18.156
-16.874
-13.167
-13.415
-14.39
-12.616
-18.909
-14.833
-16.02
-18.34
-18.214
-11.897
-16.464
-19.557
-12.112
-20.282
-17.092
-18.087
-5.307
-18.574
-15.885
-19.323
-20.637
-16.776
-16.247
-20.004
-17.821
-16.22
-16.579
-14.429
-20.571
-12.706
-17.691
-18.867
-22.701
-15.114
-22.635
-18.588
-19.011
-23.957
-18.827
-19.205
-20.257
-17.647
-19.561
-18.642
-19.776
-15.168
-19.988
-16.654
-13.849
-19.186
-20.841
-12.374
-16.26
-18.737
-19.689
-19.345
-18.347
-19.488
-14.084
-18.473
-19.009
-20.632
-20.621
-18.468
-22.163
-15.126
-21.688
-19.667
-19.688
-19.953
-20.081
-20.05
-22.363
-25.524
-21.188
-17.025
-23.044
-17.681
-21.69
-25.046
-19.551
-23.971
-17.036
-20.243
-21.097
-21.531
-18.805
-22.829
-19.78
-17.49
-28.142
-19.882
-21.769
-24.011
-22.106
-23.468
-21.437
-15.867
-15.922
-19.564
-21.597
-20.011
-21.073
-18.432
-22.431
-24.184
-20.697
-23.635
-24.167
-21.435
-24.956
-17.754
-19.159
-17.513
-24.213
-19.023
-24.556
-15.996
-21.312
-23.89
-15.897
-21.357
-18.716
-20.253
-16.639
-23.084
-19.355
-21.285
-21.735
-20.008
-22.553
-23.143
-21.813
-15.972
-22.198
-20.411
-24.076
-22.339
-24.368
-24.903
-23.334
-20.422
-21.19
-22.904
-24.799
-20.125
-21.615
-18.216
-25.558
-19.332
