-4.539
-5.333
-3.702
-4.62
-3.407
-6.284
-2.8
-4.423
-4.69
-3.054
-1.957
-3.881
-1.631
-1.897
0.279
-2.776
-3.743
-4.863
-3.099
-2.643
-2.718
-4.045
-4.312
-5.067
-2.347
-2.737
-5.329
-4.88
-6.285
-5.348
-4.227
-4.511
-5.503
-5.674
-3.247
-4.61
-7.598
-4.735
-1.297
-2.999
-2.742
-3.827
-1.8
-3.36
-4.406
-1.822
-3.157
-5.229
-3.089
-5.085
-5.767
-7.526
-5.578
-1.833
-5.936
-4.404
-4.124
-3.36
-5.816
-5.325
-3.589
-7.371
-5.835
-6.255
-5.041
-6.17
-4.932
-4.094
-4.76
-5.315
-3.456
-5.045
-6.847
-6.718
-3.853
-6.096
-7.025
-6.352
-5.699
-3.085
-5.407
-5.982
-8.313
-1.838
-5.494
-7.412
-4.878
-6.729
-5.97
-5.001
-7.324
-6.377
-8.487
-7.85
-7.862
-7.664
-8.596
-5.727
-5.128
-2.437
-6.562
-7.767
-6.153
-0.742
-5.603
-6.48
-7.673
-8.992
-7.752
-3.632
-5.419
-8.36
-6.621
-5.142
-2.737
-4.47
-7.533
-6.11
-3.438
-5.496
-5.383
-7.179
-4.852
-6.315
-5.546
-5.651
-7.763
-2.556
-4.585
-2.132
-2.105
-1.633
-2.152
-2.437
-1.729
-2.968
-2.421
-1.636
-6.303
-2.696
-2.214
0.696
-3.343
-2.189
-4.847
-2.574
-3.606
-0.829
-2.974
-3.35
-3.263
-5.445
-2.525
-3.939
-2.832
-6.364
-5.84
-4.283
-5.04
-6.247
-3.333
-4.613
-5.175
-3.892
-6.554
-6.912
-4.088
-7.213
-3.433
-5.437
-3.619
-3.368
-3.735
-3.625
-6.311
-7.235
-6.387
-5.769
-5.534
-5.33
-5.202
-6.065
-6.601
-6.192
-5.932
-9.039
-9.512
-7.154
-5.684
-6.005
-4.724
-5.693
-5.233
-4.123
-4.31
-6.178
-4.55
-4.209
-5.441
-7.316
-6.881
-5.195
-4.872
-5.815
-4.749
-5.854
-5.399
-3.227
-3.826
-4.98
-7.29
-3.903
-6.315
-6.874
-3.505
-6.184
-4.795
-5.234
-3.052
-3.198
-4.635
-5.77
-4.81
-3.392
-4.756
-4.283
-4.375
-3.956
-0.979
-2.506
-3.874
-2.88
-2.755
-5.784
-5.281
-7.527
-6.19
-7.987
-7.338
-7.112
-7.086
-9.189
-8.615
-9.506
-9.353
-8.247
-7.611
-8.228
-5.197
-7.776
-7.527
-6.078
-7.047
-3.356
-4.573
-5.742
-5.505
-4.515
-3.335
-3.843
-5.077
-3.341
-2.654
-3.036
-2.796
-4.297
-5.015
-3.884
-2.695
-4.877
-2.577
-3.812
-2.779
-3.199
-3.847
-2.741
-2.471
-1.586
-1.906
-3.295
-0.862
-5.558
-4.941
-6.196
-5.753
-7.211
-3.987
-5.605
-3.41
-3.676
-0.8
-2.742
-4.513
-3.249
-2.991
-3.908
-2.402
-1.294
-1.851
-1.983
-4.607
-4.38
-2.831
-5.063
-7.028
-3.482
-6.3
-6.872
-3.529
-6.235
-5.304
-6.015
-6.025
-3.212
-6.084
-2.764
-2.571
-3.654
-3.94
-5.983
-4.601
-5.56
-5.782
-5.661
-4.62
-3.704
-5.148
-2.739
-4.467
-5.345
-6.49
-4.205
-4.829
-3.902
-6.676
-6.449
-4.142
-5.463
-2.011
-3.795
-3.76
-4.199
-4.81
-3.355
-5.518
-3.24
-4.166
-3.339
-4.637
-4.343
-1.857
-4.972
-3.777
-6.661
-4.43
-6.715
-4.359
-5.907
-5.485
-3.708
-2.681
-3.028
-4.264
-3.208
-5.06
-4.561
-3.586
-3.95
-4.269
-5.263
-6.19
-1.003
-2.649
-3.41
-5.027
-2.887
-4.164
-5.48
-4.593
-3.623
-4.175
-6.659
-4.377
-7.164
-2.994
-5.802
-5.56
-5.624
-4.279
-2.492
-3.643
-4.708
-4.232
-4.862
-4.651
-5.6
-5.617
-2.576
-1.717
-2.814
-4.161
-2.87
-4.893
-6.189
-2.455
-2.161
-3.74
-3.071
-1.118
0.628
1.453
-3.566
-6.599
-2.848
0.877
-4.792
-4.231
-5.333
-5.085
-3.497
-1.587
-5.176
-2.571
-3.75
-2.232
-0.151
-2.812
-3.444
-3.988
-6.175
-3.837
-4.404
-4.617
-2.9
-5.461
-4.268
-3.027
-4.795
-2.937
-5.784
-5.399
-4.838
-8.012
-6.183
-6.145
-1.454
-1.606
-1.202
-1.395
-2.472
-2.011
-3.618
-3.428
-0.946
-4.952
-4.329
-0.519
-0.041
-2.471
-0.222
0.118
-3.574
-1.673
-2.057
-2.711
-1.81
0.724
-2.629
-4.692
-2.871
-5.483
-1.785
-1.007
-4.304
-0.983
-1.985
-4.827
-4.287
-4.095
1.704
-2.925
-1.195
-2.594
-2.536
-5.516
-5.943
-2.309
-3.269
-5.349
-4.562
-4.843
-5.153
-4.107
-4.687
-2.598
-5.989
-5.456
-3.526
-2.642
-1.345
-2.746
