-477.552
-500.859
-547.808
-490.795
-501.597
-467.43
-483.439
-451.051
-471.821
-447.585
-440.024
-474.886
-474.847
-448.468
-461.899
-448.288
-480.391
-463.407
-401.689
-448.198
-444.77
-429.121
-433.709
-468.597
-438.04
-409.267
-402.8
-388.493
-415.773
-412.187
-437.343
-416.955
-438.641
-453.039
-455.081
-450.257
-469.15
-422.571
-409.461
-375.557
-472.45
-414.385
-405.596
-402.399
-393.524
-402.497
-416.766
-439.63
-408.188
-430.692
-433.569
-474.036
-466.983
-438.54
-433.629
-469.175
-420.156
-409.646
-404.571
-451.242
-431.924
-438.544
-457.132
-482.345
-460.1
-466.384
-478.761
-459.912
-454.18
-448.44
-437.384
-407.243
-430.904
-452.111
-442.73
-425.825
-453.43
-441.861
-424.46
-461.787
-454.851
-420.26
-454.834
-414.66
-439.323
-427.238
-400.913
-386.386
-407.785
-417.411
-451.831
-436.36
-474.052
-451.382
-466.607
-485.241
-482.873
-487.281
-483.299
-508.762
-460.368
-490.721
-468.818
-478.888
-444.452
-471.476
-463.237
-437.298
-399.657
-412.592
-436.182
-418.161
-423.25
-438.41
-400.698
-413.77
-465.373
-446.532
-435.35
-408.79
-436.363
-428.618
-380.87
-428.34
-408.683
-427.18
-411.308
-420.851
-427.038
-407.445
-393.379
-467.661
-388.491
-442.763
-409.386
-429.541
-426.61
-423.976
-408.108
-439.733
-418.582
-429.548
-429.737
-392.12
-394.305
-439.54
-428.424
-421.279
-444.272
-417.378
-408.945
-488.197
-456.917
-482.146
-439.349
-462.836
-457.643
-472.093
-454.967
-487.756
-484.703
-475.757
-472.436
-506.38
-477.462
-502.467
-482.845
-488.74
-465.478
-461.397
-478.434
-466.096
-503.935
-463.489
-516.783
-473.351
-496.896
-464.787
-476.511
-504.079
-521.193
-527.778
-501.376
-475.084
-525.521
-515.056
-503.769
-465.51
-535.195
-544.971
-447.119
-478.156
-473.011
-476.245
-460.437
-450.946
-439.803
-425.388
-480.366
-453.646
-445.479
-481.206
-480.043
-509.197
-440.066
-472.801
-465.019
-460.27
-465.315
-474.453
-464.89
-467.64
-473.699
-472.524
-477.847
-478.569
-504.215
-449.131
-472.594
-481.237
-477.978
-489.72
-448.523
-501.713
-443.726
-445.891
-425.881
-447.832
-417.303
-415.064
-469.099
-449.328
-458.682
-446.533
-459.072
-472.174
-494.931
-492.422
-500.585
-503.484
-552.504
-500.751
-451.767
-530.015
-555.391
-546.219
-527.607
-555.277
-518.674
-511.25
-503.665
-491.692
-530.162
-524.479
-486.312
-518.972
-502.643
-506.798
-489.512
-499.181
-457.097
-447.728
-452.541
-456.277
-487.177
-492.533
-465.964
-478.059
-475.373
-498.081
-540.455
-556.99
-527.421
-502.28
-511.223
-470.528
-480.338
-439.855
-500.311
-498.944
-397.97
-488.241
-489.079
-416.342
-480.706
-504.512
-424.481
-486.848
-490.36
-487.882
-483.243
-504.487
-470.516
-507.391
-483.365
-455.97
-479.844
-470.774
-456.483
-463.019
-458.327
-467.149
-445.785
-459.1
-458.367
-502.899
-466.814
-489.272
-532.546
-469.289
-476.653
-471.65
-472.346
-484.27
-497.333
-478.918
-457.032
-446.154
-438.165
-441.325
-389.45
-429.871
-418.809
-386.052
-398.378
-396.426
-468.288
-342.441
-381.509
-409.201
-427.207
-422.11
-452.363
-433.144
-363.212
-453.834
-438.859
-427.449
-413.765
-428.631
-435.295
-424.299
-451.246
-453.165
-441.021
-454.016
-419.316
-486.529
-444.489
-429.548
-465.956
-424.67
-435.862
-408.622
-406.715
-462.533
-421.267
-419.066
-417.361
-410.514
-381.205
-410.786
-420.891
-430.606
-450.469
-450.618
-434.788
-452.21
-417.906
-445.576
-426.597
-470.261
-425.48
-479.083
-451.424
-441.911
-443.882
-404.992
-408.231
-470.109
-535.535
-542.219
-516.759
-471.836
-471.288
-564.518
-480.495
-447.371
-467.545
-482.921
-432.28
-446.342
-432.633
-494.445
-513.539
-501.82
-486.307
-408.113
-507.183
-444.481
-468.708
-518.033
-544.107
-527.973
-564.912
-572.603
-564.019
-506.183
-509.929
-513.386
-479.185
-541.312
-480.193
-549.867
-558.823
-461.449
-459.899
-503.552
-490.381
-482.955
-494.392
-494.452
-456.306
-422.315
-474.479
-473.123
-461.213
-475.5
-488.501
-514.129
-514.378
-495.507
-556.315
-489.524
-534.861
-487.014
-541.77
-522.952
-527.21
-518.279
-553.076
-500.297
-495.364
-469.418
-524.455
-479.372
-477.537
-485.816
-433.521
-423.612
-430.573
-462.767
-444.521
-412.43
-437.84
-411.177
-453.93
-452.764
-496.028
-449.558
-452.634
-466.254
-512.213
-471.359
-453.397
-489.28
-463.702
-434.97
-433.921
-404.076
-464.973
-449.194
-479.591
-489.165
-459.739
-467.398
-487.883
-465.73
-442.175
-417.265
-417.356
-450.489
-412.404
-452.397
-475.517
-411.079
-464.156
-468.133
-482.231
-478.156
-472.681
-474.728
-484.4
-460.798
-439.894
-404.052
-475.284
-449.858
-494.061
-395.737
-447.29
