-0.231
-0.079
-0.279
-0.297
-0.077
-0.274
-0.192
-0.273
-0.3
-0.181
-0.202
-0.278
-0.215
-0.233
-0.297
-0.361
-0.245
-0.188
-0.18
-0.277
-0.286
-0.286
-0.275
-0.302
-0.35
-0.29
-0.358
-0.26
-0.333
-0.354
-0.342
-0.275
-0.321
-0.296
-0.299
-0.32
-0.264
-0.259
-0.173
-0.181
-0.266
-0.222
-0.279
-0.178
-0.24
-0.091
-0.193
-0.199
-0.256
-0.237
-0.284
-0.245
-0.292
-0.327
-0.288
-0.277
-0.264
-0.192
-0.426
-0.234
-0.238
-0.248
-0.326
-0.353
-0.306
-0.296
-0.396
-0.239
-0.293
-0.277
-0.199
-0.279
-0.301
-0.147
-0.3
-0.23
-0.267
-0.195
-0.28
-0.173
-0.404
-0.22
-0.326
-0.285
-0.413
-0.342
-0.308
-0.234
-0.378
-0.346
-0.205
-0.258
-0.078
-0.207
-0.311
-0.155
-0.212
-0.192
-0.11
-0.426
-0.247
-0.178
-0.197
-0.09
-0.123
-0.217
-0.163
-0.274
-0.234
-0.29
-0.292
-0.257
-0.143
-0.154
-0.3
-0.204
-0.259
-0.096
-0.181
-0.253
-0.333
-0.222
-0.214
-0.235
-0.308
-0.223
-0.169
-0.303
-0.222
-0.24
-0.2
-0.254
-0.334
-0.248
-0.29
-0.315
-0.207
-0.263
-0.222
-0.257
-0.161
-0.153
-0.129
-0.223
-0.164
-0.159
-0.198
-0.163
-0.158
-0.312
-0.262
-0.128
-0.215
-0.318
-0.254
-0.234
-0.187
-0.323
-0.331
-0.248
-0.358
-0.262
-0.219
-0.193
-0.346
-0.357
-0.219
-0.284
-0.3
-0.261
-0.257
-0.266
-0.273
-0.269
-0.421
-0.203
-0.272
-0.268
-0.411
-0.428
-0.429
-0.423
-0.303
-0.367
-0.182
-0.169
-0.3
-0.214
-0.312
-0.229
-0.211
-0.328
-0.316
-0.286
-0.366
-0.254
-0.34
-0.296
-0.384
-0.341
-0.315
-0.285
-0.207
-0.287
-0.434
-0.241
-0.164
-0.279
-0.363
-0.367
-0.354
-0.386
-0.379
-0.362
-0.358
-0.323
-0.399
-0.32
-0.311
-0.389
-0.341
-0.276
-0.289
-0.304
-0.244
-0.247
-0.194
-0.266
-0.296
-0.298
-0.143
-0.273
-0.323
-0.385
-0.281
-0.213
-0.274
-0.274
-0.235
-0.333
-0.248
-0.204
-0.229
-0.259
-0.324
-0.231
-0.318
-0.281
-0.281
-0.296
-0.387
-0.363
-0.27
-0.352
-0.322
-0.259
-0.273
-0.254
-0.135
-0.325
-0.284
-0.154
-0.257
-0.223
-0.223
-0.316
-0.207
-0.38
-0.253
-0.237
-0.285
-0.226
-0.162
-0.113
-0.226
-0.29
-0.226
-0.298
-0.256
-0.356
-0.339
-0.153
-0.245
-0.306
-0.342
-0.225
-0.232
-0.409
-0.279
-0.221
-0.241
-0.343
-0.189
-0.391
-0.129
-0.196
-0.223
-0.134
-0.182
-0.132
-0.126
-0.144
-0.16
-0.202
-0.257
-0.19
-0.203
-0.215
-0.195
-0.268
-0.18
-0.256
-0.166
-0.285
-0.195
-0.246
-0.218
-0.193
-0.288
-0.233
-0.13
-0.125
-0.177
-0.091
-0.208
-0.236
-0.198
-0.133
-0.122
-0.113
-0.117
-0.19
-0.287
-0.152
-0.223
-0.321
-0.197
-0.338
-0.142
-0.2
-0.184
-0.257
-0.158
-0.288
-0.226
-0.128
-0.159
-0.207
-0.199
-0.273
-0.121
-0.195
-0.225
-0.178
-0.112
-0.14
-0.244
-0.157
-0.133
-0.216
-0.215
-0.202
-0.215
-0.157
-0.311
-0.168
-0.212
-0.245
-0.159
-0.215
-0.302
-0.177
-0.151
-0.24
-0.251
-0.261
-0.259
-0.238
-0.078
-0.298
-0.322
-0.314
-0.277
-0.385
-0.366
-0.266
-0.257
-0.254
-0.217
-0.14
-0.221
-0.137
-0.282
-0.065
-0.29
-0.29
-0.273
-0.28
-0.292
-0.247
-0.209
-0.232
-0.279
-0.213
-0.237
-0.401
-0.382
-0.244
-0.285
-0.373
-0.296
-0.325
-0.321
-0.241
-0.33
-0.223
-0.305
-0.314
-0.145
-0.287
-0.268
-0.268
-0.295
-0.217
-0.304
-0.292
-0.118
-0.125
-0.207
-0.28
-0.186
-0.184
-0.391
-0.248
-0.19
-0.2
-0.273
-0.273
-0.207
-0.234
-0.21
-0.273
-0.298
-0.239
-0.265
-0.261
-0.275
-0.211
-0.122
-0.178
-0.226
-0.279
-0.203
-0.266
-0.242
-0.258
-0.298
-0.243
-0.219
-0.244
-0.273
-0.252
-0.17
-0.16
-0.25
-0.205
-0.301
-0.311
-0.174
-0.107
-0.165
-0.184
-0.221
-0.171
-0.271
-0.14
-0.187
-0.21
-0.237
-0.179
-0.283
-0.242
-0.209
-0.146
-0.086
-0.138
-0.228
-0.167
-0.294
-0.088
-0.212
-0.194
-0.131
-0.135
-0.071
-0.119
-0.078
-0.056
-0.249
-0.04
-0.011
