-2.15
-2.055
-1.767
-2.094
-2.054
-1.872
-2.346
-1.684
-1.902
-1.775
-2.061
-1.889
-2.427
-2.397
-2.377
-1.811
-2.407
-2.139
-1.811
-1.5
-2.145
-2.103
-2.256
-2.653
-2.535
-1.93
-2.465
-1.87
-2.012
-2.17
-2.66
-2.455
-2.081
-2.21
-2.131
-2.202
-1.956
-2.387
-2.464
-2.699
-2.222
-2.03
-2.385
-2.372
-1.761
-2.115
-2.443
-2.504
-1.941
-1.7
-2.059
-1.954
-1.568
-1.901
-1.954
-2.423
-1.896
-1.956
-1.804
-2.353
-1.86
-2.286
-2.012
-1.246
-2.825
-1.714
-2.213
-1.859
-1.573
-1.437
-1.924
-2.479
-2.092
-2.174
-1.835
-1.563
-1.553
-2.086
-1.186
-1.384
-1.272
-1.117
-1.599
-1.877
-1.309
-2.019
-1.198
-1.951
-1.728
-1.78
-2.147
-2.114
-2.05
-0.656
-1.46
-2.073
-1.694
-1.734
-2.074
-1.734
-1.948
-2.123
-1.893
-2.226
-0.973
-1.7
-1.355
-1.709
-2.127
-1.913
-1.831
-1.833
-1.547
-1.147
-1.892
-2.078
-1.099
-2.007
-1.683
-2.053
-1.931
-1.607
-2.334
-2.0
-2.432
-2.142
-2.342
-1.815
-2.074
-1.882
-1.892
-1.503
-2.099
-1.667
-1.602
-1.943
-1.733
-1.846
-1.609
-1.73
-1.613
-1.572
-1.771
-2.021
-1.622
-1.163
-1.946
-2.326
-1.797
-2.089
-2.653
-2.176
-2.559
-2.289
-2.31
-1.732
-2.525
-2.078
-2.147
-2.348
-1.803
-2.067
-1.418
-1.313
-1.554
-1.733
-1.749
-1.601
-1.915
-1.601
-1.948
-2.413
-2.138
-2.105
-1.42
-1.817
-1.569
-1.561
-2.337
-1.622
-2.23
-1.778
-1.375
-2.165
-1.538
-0.921
-1.908
-1.656
-1.659
-2.379
-1.304
-1.947
-2.494
-1.463
-1.031
-1.902
-1.565
-1.727
-2.104
-1.534
-1.373
-1.547
-1.415
-1.585
-0.812
-1.581
-1.896
-1.699
-1.801
-1.976
-2.221
-2.081
-2.488
-2.618
-1.801
-2.373
-1.507
-1.984
-1.83
-1.661
-0.95
-1.706
-2.092
-1.255
-2.104
-2.416
-1.661
-1.58
-1.488
-2.171
-1.866
-1.637
-1.274
-2.146
-1.357
-1.821
-1.75
-1.978
-1.825
-1.583
-1.846
-1.812
-1.103
-1.091
-1.19
-1.526
-1.656
-1.215
-1.796
-1.51
-1.801
-1.539
-1.61
-2.038
-1.708
-1.782
-2.222
-2.018
-2.365
-1.76
-1.605
-1.294
-1.415
-1.773
-1.477
-1.896
-1.407
-1.523
-1.901
-2.139
-1.995
-2.403
-1.766
-2.053
-2.485
-2.254
-2.198
-2.24
-2.842
-1.88
-2.123
-1.773
-1.763
-1.868
-2.423
-1.864
-1.924
-1.323
-1.701
-1.583
-1.91
-2.378
-1.543
-1.787
-1.815
-1.795
-1.55
-1.453
-1.657
-1.548
-1.597
-1.449
-2.351
-1.882
-1.995
-1.931
-1.658
-1.692
-1.824
-1.962
-2.497
-2.273
-2.057
-2.599
-2.182
-2.226
-1.734
-1.803
-1.334
-1.243
-2.004
-1.828
-2.109
-2.285
-2.061
-1.558
-2.149
-1.895
-1.516
-1.314
-1.956
-1.19
-2.091
-1.565
-1.123
-1.218
-1.566
-1.336
-1.159
-0.891
-1.034
-1.941
-1.608
-1.61
-1.775
-1.722
-1.74
-1.901
-1.86
-1.985
-2.033
-1.956
-2.254
-2.109
-2.603
-1.782
-1.534
-1.873
-2.11
-1.57
-1.612
-2.157
-2.032
-2.078
-1.874
-2.489
-1.709
-1.63
-1.317
-2.748
-2.368
-1.569
-2.284
-1.861
-1.921
-2.454
-1.961
-2.794
-1.374
-1.861
-1.611
-1.772
-2.277
-1.566
-2.049
-1.691
-1.111
-1.356
-1.887
-1.969
-1.506
-1.104
-2.327
-2.612
-2.587
-2.803
-2.274
-2.412
-2.548
-1.986
-1.994
-1.512
-2.398
-3.045
-2.803
-2.531
-2.169
-2.103
-2.272
-2.582
-2.626
-1.907
-2.344
-2.361
-2.073
-2.568
-2.568
-2.594
-2.244
-2.162
-1.766
-2.221
-1.946
-2.108
-1.769
-1.928
-2.163
-2.222
-2.372
-2.254
-2.409
-2.499
-2.233
-2.452
-2.063
-2.745
-1.717
-2.639
-1.998
-2.176
-2.027
-1.989
-2.797
-2.158
-2.106
-2.221
-2.122
-2.871
-1.854
-2.621
-2.208
-2.112
-2.27
-2.251
-2.381
-1.878
-1.99
-1.97
-2.569
-2.004
-1.838
-2.377
-1.947
-2.85
-2.266
-1.786
-3.05
-2.425
-2.743
-2.393
-2.47
-2.709
-2.29
-3.21
-1.94
-2.3
-3.17
-2.562
-2.599
-2.531
-2.027
-2.581
-2.732
-2.382
-3.184
-1.84
-2.239
-2.184
-2.726
-2.809
-2.094
-2.615
-2.678
-2.118
-2.228
-2.786
-2.558
-2.242
-2.348
-2.772
-2.581
