-0.36
-0.301
-0.318
-0.354
-0.412
-0.301
-0.371
-0.389
-0.378
-0.38
-0.342
-0.355
-0.403
-0.338
-0.387
-0.5
-0.47
-0.464
-0.352
-0.363
-0.386
-0.391
-0.424
-0.433
-0.485
-0.351
-0.318
-0.419
-0.364
-0.295
-0.379
-0.352
-0.389
-0.369
-0.324
-0.273
-0.349
-0.344
-0.536
-0.384
-0.362
-0.344
-0.44
-0.373
-0.442
-0.351
-0.365
-0.452
-0.333
-0.385
-0.396
-0.428
-0.433
-0.254
-0.388
-0.469
-0.399
-0.372
-0.427
-0.416
-0.349
-0.369
-0.308
-0.271
-0.408
-0.498
-0.538
-0.447
-0.418
-0.47
-0.413
-0.5
-0.407
-0.391
-0.452
-0.374
-0.344
-0.304
-0.226
-0.329
-0.447
-0.37
-0.285
-0.302
-0.386
-0.428
-0.262
-0.33
-0.39
-0.389
-0.306
-0.4
-0.42
-0.262
-0.298
-0.216
-0.324
-0.266
-0.28
-0.342
-0.386
-0.306
-0.374
-0.283
-0.361
-0.38
-0.349
-0.419
-0.377
-0.285
-0.434
-0.396
-0.285
-0.351
-0.441
-0.413
-0.311
-0.362
-0.301
-0.358
-0.394
-0.411
-0.379
-0.403
-0.362
-0.396
-0.329
-0.449
-0.293
-0.288
-0.489
-0.426
-0.428
-0.399
-0.359
-0.328
-0.387
-0.34
-0.268
-0.377
-0.32
-0.315
-0.327
-0.296
-0.447
-0.33
-0.432
-0.361
-0.346
-0.429
-0.377
-0.361
-0.41
-0.345
-0.455
-0.422
-0.473
-0.289
-0.383
-0.209
-0.357
-0.4
-0.24
-0.331
-0.341
-0.366
-0.409
-0.447
-0.345
-0.416
-0.44
-0.41
-0.364
-0.406
-0.393
-0.341
-0.353
-0.428
-0.363
-0.417
-0.419
-0.362
-0.329
-0.339
-0.444
-0.268
-0.364
-0.392
-0.3
-0.306
-0.319
-0.37
-0.374
-0.382
-0.221
-0.333
-0.467
-0.342
-0.381
-0.384
-0.374
-0.322
-0.331
-0.272
-0.328
-0.336
-0.324
-0.396
-0.4
-0.336
-0.382
-0.461
-0.365
-0.386
-0.37
-0.393
-0.352
-0.377
-0.315
-0.388
-0.302
-0.344
-0.299
-0.422
-0.394
-0.379
-0.356
-0.225
-0.379
-0.405
-0.386
-0.238
-0.337
-0.298
-0.362
-0.418
-0.412
-0.328
-0.332
-0.379
-0.334
-0.281
-0.378
-0.392
-0.379
-0.403
-0.332
-0.235
-0.325
-0.35
-0.399
-0.309
-0.323
-0.25
-0.292
-0.339
-0.304
-0.239
-0.27
-0.257
-0.31
-0.379
-0.271
-0.195
-0.228
-0.223
-0.303
-0.196
-0.247
-0.306
-0.404
-0.393
-0.323
-0.355
-0.358
-0.382
-0.274
-0.252
-0.21
-0.343
-0.238
-0.234
-0.313
-0.329
-0.347
-0.356
-0.276
-0.291
-0.365
-0.259
-0.222
-0.26
-0.264
-0.207
-0.386
-0.311
-0.246
-0.266
-0.429
-0.227
-0.36
-0.279
-0.31
-0.278
-0.399
-0.381
-0.347
-0.296
-0.264
-0.348
-0.285
-0.287
-0.288
-0.311
-0.279
-0.323
-0.247
-0.367
-0.388
-0.275
-0.394
-0.311
-0.294
-0.306
-0.276
-0.369
-0.272
-0.336
-0.257
-0.32
-0.281
-0.383
-0.331
-0.402
-0.323
-0.23
-0.31
-0.269
-0.393
-0.281
-0.334
-0.337
-0.232
-0.205
-0.351
-0.289
-0.307
-0.351
-0.377
-0.321
-0.311
-0.32
-0.35
-0.423
-0.342
-0.403
-0.491
-0.379
-0.376
-0.385
-0.37
-0.36
-0.274
-0.354
-0.37
-0.38
-0.403
-0.336
-0.25
-0.389
-0.359
-0.332
-0.303
-0.292
-0.311
-0.384
-0.322
-0.377
-0.436
-0.458
-0.292
-0.409
-0.429
-0.328
-0.294
-0.34
-0.297
-0.279
-0.24
-0.419
-0.336
-0.367
-0.301
-0.245
-0.333
-0.43
-0.299
-0.334
-0.331
-0.364
-0.187
-0.16
-0.163
-0.211
-0.244
-0.321
-0.259
-0.237
-0.189
-0.23
-0.19
-0.209
-0.148
-0.183
-0.222
-0.177
-0.076
-0.213
-0.256
-0.264
-0.335
-0.342
-0.279
-0.232
-0.247
-0.242
-0.266
-0.368
-0.245
-0.222
-0.265
-0.228
-0.287
-0.264
-0.316
-0.326
-0.268
-0.254
-0.247
-0.313
-0.215
-0.286
-0.372
-0.245
-0.401
-0.353
-0.139
-0.342
-0.306
-0.283
-0.215
-0.237
-0.245
-0.377
-0.197
-0.397
-0.245
-0.191
-0.263
-0.338
-0.298
-0.252
-0.449
-0.319
-0.177
-0.292
-0.306
-0.398
-0.33
-0.265
-0.363
-0.392
-0.367
-0.376
-0.192
-0.297
-0.356
-0.354
-0.317
-0.472
-0.307
-0.388
-0.33
-0.212
-0.361
-0.309
-0.314
-0.409
-0.315
-0.354
-0.426
-0.368
-0.308
-0.291
-0.273
-0.275
-0.337
-0.216
-0.342
-0.37
-0.478
