-649.052
-642.168
-631.502
-685.385
-620.707
-667.134
-637.822
-645.046
-699.715
-662.869
-655.916
-659.017
-668.341
-653.33
-675.251
-621.979
-676.074
-582.059
-602.255
-643.403
-587.77
-580.648
-584.122
-565.792
-618.846
-582.247
-558.968
-615.533
-588.705
-564.878
-604.01
-585.362
-631.282
-638.333
-618.754
-586.769
-608.752
-594.486
-601.798
-614.754
-608.755
-622.543
-595.928
-589.689
-598.425
-593.432
-629.344
-620.629
-600.147
-592.343
-604.113
-587.116
-606.843
-613.396
-625.671
-679.939
-596.437
-656.291
-622.299
-564.602
-609.412
-637.383
-607.289
-600.679
-633.38
-620.267
-648.819
-625.79
-619.938
-609.174
-685.842
-636.501
-599.211
-608.637
-566.933
-660.379
-595.906
-571.594
-612.471
-599.767
-590.121
-566.757
-601.863
-636.346
-648.287
-621.546
-629.727
-678.082
-623.648
-643.52
-599.789
-623.835
-589.799
-536.187
-562.927
-580.27
-537.461
-550.679
-592.999
-545.26
-587.036
-554.293
-566.252
-594.046
-568.397
-590.678
-522.286
-578.454
-600.889
-611.094
-572.609
-595.754
-660.232
-643.241
-665.714
-696.648
-661.221
-675.787
-649.987
-666.807
-706.343
-653.476
-644.283
-665.321
-692.418
-634.66
-663.478
-672.6
-633.957
-610.172
-585.427
-597.359
-643.489
-654.279
-675.156
-625.211
-671.404
-576.962
-596.437
-579.731
-557.61
-659.842
-613.13
-648.744
-583.314
-610.489
-667.203
-615.693
-637.676
-643.633
-657.491
-608.293
-662.669
-615.952
-690.924
-669.143
-620.13
-663.385
-564.472
-612.442
-577.228
-605.072
-566.144
-554.843
-573.309
-581.879
-566.212
-582.313
-566.295
-578.264
-574.064
-600.267
-620.388
-565.504
-531.48
-553.858
-640.997
-602.956
-618.674
-624.621
-607.894
-525.296
-581.442
-585.578
-677.237
-542.745
-560.09
-548.5
-592.915
-591.951
-577.388
-592.619
-593.222
-570.303
-597.379
-587.147
-659.717
-596.82
-546.377
-612.424
-586.569
-555.401
-541.196
-520.07
-552.881
-542.79
-578.125
-558.174
-603.827
-541.936
-553.02
-612.308
-572.405
-584.94
-617.936
-619.898
-580.332
-611.613
-576.128
-627.548
-536.452
-574.771
-558.241
-570.127
-573.964
-614.871
-592.461
-529.52
-602.64
-632.371
-620.532
-561.205
-638.972
-617.733
-581.603
-585.661
-618.611
-598.593
-547.13
-597.665
-603.173
-565.905
-518.974
-542.999
-530.323
-515.743
-497.632
-553.334
-538.532
-545.743
-542.541
-517.46
-518.96
-502.134
-538.118
-530.831
-551.434
-480.361
-581.566
-541.94
-520.621
-546.349
-587.397
-579.262
-561.371
-512.927
-576.366
-559.266
-529.163
-550.712
-523.506
-495.341
-564.059
-526.354
-559.323
-545.371
-523.469
-520.955
-547.64
-582.473
-465.894
-479.692
-514.062
-484.688
-490.238
-516.994
-519.218
-549.685
-570.217
-534.323
-447.015
-468.529
-528.507
-509.425
-497.885
-506.75
-529.777
-519.086
-509.019
-467.771
-475.635
-509.72
-559.951
-557.222
-539.487
-522.399
-555.006
-525.703
-528.694
-536.405
-512.434
-489.288
-537.556
-515.237
-523.603
-506.459
-567.054
-545.872
-528.0
-507.525
-549.605
-494.587
-502.065
-532.86
-530.272
-543.288
-480.337
-520.763
-540.388
-537.092
-537.118
-555.443
-509.338
-514.568
-449.327
-489.249
-508.133
-533.31
-496.444
-488.113
-550.306
-535.985
-534.998
-517.033
-537.419
-535.21
-542.475
-585.35
-573.581
-568.743
-531.864
-550.03
-590.673
-581.801
-538.241
-501.27
-605.052
-565.077
-567.542
-587.229
-564.49
-551.162
-559.314
-564.31
-577.752
-595.826
-600.201
-619.649
-607.711
-649.74
-572.09
-549.87
-535.186
-570.194
-542.18
-510.661
-577.226
-517.06
-556.232
-578.729
-547.123
-553.038
-560.977
-601.557
-561.668
-560.876
-537.266
-536.36
-549.964
-545.653
-556.888
-554.585
-564.0
-530.087
-528.508
-582.424
-532.874
-520.646
-557.045
-490.1
-491.456
-500.445
-529.173
-512.054
-544.156
-540.889
-529.348
-457.509
-525.301
-486.21
-563.414
-555.914
-479.51
-514.142
-532.06
-506.238
-556.82
-535.671
-517.567
-519.253
-526.469
-507.632
-509.897
-494.787
-496.848
-524.283
-469.597
-544.176
-514.085
-534.831
-570.547
-486.586
-578.694
-546.336
-520.907
-540.412
-556.023
-546.667
-569.21
-541.556
-536.572
-545.289
-624.606
-587.2
-526.04
-530.571
-496.499
-560.262
-607.627
-532.644
-532.981
-544.317
-531.611
-532.941
-528.481
-514.477
-515.971
-574.317
-512.351
-554.624
-525.516
-552.497
-528.651
-543.612
-501.108
-565.995
-522.528
-552.469
-542.65
-546.875
-516.966
-529.821
-512.219
-554.194
-564.353
-515.619
-543.423
-535.542
-544.371
-534.448
-531.541
-536.385
-529.836
-544.862
-545.233
-511.184
-556.891
-587.391
-566.533
-541.725
-551.255
-576.318
-553.785
-543.359
-575.463
-578.903
-594.074
-549.289
-527.233
-533.913
-560.875
