-28.257
-24.083
-24.248
-28.714
-25.434
-21.313
-23.056
-21.598
-18.6
-17.744
-19.504
-20.416
-20.838
-25.177
-22.009
-23.724
-27.967
-18.094
-18.231
-25.128
-22.005
-20.008
-17.623
-19.731
-24.053
-20.621
-19.009
-20.53
-20.865
-15.702
-18.34
-23.186
-22.371
-25.384
-26.439
-18.986
-17.855
-18.02
-27.034
-26.498
-14.364
-17.246
-22.821
-19.366
-17.299
-26.367
-16.201
-29.044
-19.075
-18.556
-24.786
-24.51
-16.998
-20.384
-24.16
-27.2
-22.929
-26.722
-19.92
-20.122
-23.992
-19.757
-21.007
-13.292
-23.072
-20.324
-20.11
-21.562
-22.476
-22.045
-26.534
-24.904
-19.227
-22.274
-24.282
-20.202
-21.074
-22.749
-23.206
-18.284
-16.097
-21.779
-16.95
-22.922
-20.021
-20.493
-20.823
-25.283
-15.19
-18.986
-16.016
-18.47
-18.826
-12.374
-19.902
-20.51
-17.992
-8.481
-15.161
-14.382
-14.972
-21.943
-16.372
-12.17
-14.117
-17.691
-15.575
-16.86
-19.88
-19.146
-13.132
-13.707
-16.644
-19.64
-17.586
-15.24
-15.322
-21.428
-11.088
-21.326
-11.568
-17.711
-17.916
-16.736
-16.971
-17.007
-23.083
-17.786
-21.859
-17.176
-15.21
-15.701
-17.063
-19.526
-17.703
-17.96
-16.118
-18.324
-12.761
-21.436
-22.517
-23.787
-23.599
-19.05
-12.201
-17.679
-15.922
-20.239
-18.99
-14.858
38.507
-23.337
-14.571
-19.199
-13.806
-20.515
-15.171
-21.679
-21.951
-15.575
-20.278
-19.07
-21.047
-18.242
-21.968
-12.627
-18.768
-18.497
-15.793
-16.778
-18.365
-21.216
-20.414
-18.829
-12.952
-12.553
-17.262
-21.329
-19.3
-17.542
-13.274
-15.994
-18.682
-19.207
-14.723
-19.407
-21.832
-20.476
-21.44
-19.319
-19.03
-22.058
-16.583
-16.92
-15.821
-18.223
-16.961
-21.906
-16.926
-14.686
-16.954
-15.766
-19.74
-14.216
-18.518
-21.213
-20.123
-14.534
-20.677
-19.457
-15.937
-24.169
-19.401
-19.904
-12.091
-21.452
-21.819
-18.762
-18.597
-16.733
-16.959
-18.527
-18.694
-17.442
-20.981
-12.662
-20.861
-14.744
-16.115
-19.313
-14.808
-18.323
-14.499
-21.78
-16.85
-20.534
-15.898
-18.974
-14.661
-19.728
-10.483
-17.588
-17.067
-12.24
-18.415
-16.026
-16.607
-18.03
-14.074
-17.334
-15.049
-15.914
-17.076
-18.496
-19.496
-17.793
-21.114
-16.293
-15.206
-20.339
-12.146
-16.99
-22.719
-17.747
-22.612
-20.306
-19.677
-16.616
-16.397
-20.488
-15.668
-19.741
-23.15
-22.054
-23.899
-22.637
-16.395
-22.22
-21.099
-23.876
-16.424
-14.217
-21.033
-18.568
-21.574
-20.884
-17.027
-20.747
-20.58
-21.681
-16.644
-19.761
-18.535
-21.29
-17.636
-19.721
-20.752
-15.06
-22.244
-18.819
-16.349
-17.183
-16.822
-14.173
-18.674
-17.783
-22.476
-18.105
-19.292
-19.931
-16.369
-19.376
-13.203
-21.313
-18.934
-17.417
-22.335
-19.263
-16.176
-8.595
-19.069
-14.593
-14.539
-18.261
-17.662
-17.039
-20.121
-15.276
-15.902
-20.431
-21.295
-16.43
-17.64
-16.645
-17.115
-14.98
-6.093
-15.305
-14.757
-17.094
-20.07
-21.846
-18.208
-16.447
-18.567
-19.588
-13.406
-20.542
-17.72
-16.478
-16.17
-16.164
-21.203
-20.429
-19.433
-19.968
-22.443
-24.485
-16.608
-21.562
-20.446
-20.212
-6.818
-18.075
-21.742
-19.706
-24.074
-24.638
-17.946
-24.35
-19.58
-20.651
-22.97
-16.794
-23.105
-20.403
-19.795
-21.63
-23.322
-20.799
-17.262
-23.609
-27.799
-21.282
-22.832
-23.767
-22.859
-18.551
-18.345
-23.615
-18.883
-22.548
-26.188
-20.738
-24.468
-15.274
-16.961
-19.839
-16.669
-19.866
-18.384
-17.302
-17.284
-17.986
-20.755
-19.87
-18.623
-19.127
-16.366
-15.919
-15.078
-14.44
-17.487
-12.15
-16.785
-20.558
-21.593
-21.17
-12.501
-17.185
-19.885
-18.71
-17.238
-16.164
-17.31
-16.501
-21.847
-18.823
-21.306
-17.321
-15.154
-17.171
-20.104
-22.972
-13.465
-19.853
-20.733
-19.925
-18.512
-18.945
-15.96
-15.79
-19.365
-13.801
-18.802
-16.627
-18.695
-21.592
-19.209
-21.471
-16.74
-20.127
-21.59
-15.765
-24.184
-20.457
-20.12
-21.686
-18.2
-23.289
-23.264
-26.012
-13.734
-19.958
-22.28
-22.131
-22.734
-20.516
-23.104
-24.249
-18.468
-21.09
-23.93
-22.808
-17.882
-22.372
-19.61
-15.153
-20.272
-18.577
-20.689
-17.472
-22.055
-19.555
-20.44
-24.305
-20.437
-19.916
-22.311
-21.955
-20.081
-18.276
-23.104
-21.339
-20.684
-26.722
-14.772
-16.645
-22.967
-22.277
-20.75
