-87.79
-79.71
-92.41
-98.03
-102.82
-97.36
-85.72
-94.38
-87.84
-86.94
-74.54
-96.23
-89.49
-93.17
-90.71
-95.11
-97.39
-79.59
-87.4
-92.4
-90.35
-83.83
-76.6
-86.23
-80.6
-81.91
-88.97
-87.83
-76.07
-91.14
-85.79
-88.09
-75.67
-89.15
-88.21
-92.84
-92.3
-84.35
-89.12
-88.39
-87.82
-83.27
-87.75
-89.63
-84.44
-90.17
-86.71
-96.31
-88.97
-83.52
-85.71
-95.44
-86.28
-90.81
-89.05
-100.24
-89.21
-89.33
-88.0
-85.22
-99.75
-84.31
-83.24
-78.79
-90.28
-89.0
-82.69
-86.83
-83.16
-83.32
-97.79
-91.08
-84.86
-73.37
-83.92
-76.45
-80.78
-73.8
-72.71
-70.54
-71.41
-67.69
-75.01
-82.55
-87.78
-78.0
-72.1
-85.79
-74.03
-82.48
-80.02
-80.3
-75.02
-68.21
-71.24
-72.17
-72.84
-65.51
-61.9
-70.97
-69.22
-85.66
-63.22
-70.99
-77.49
-64.25
-68.58
-65.9
-78.29
-74.65
-76.55
-66.41
-76.62
-80.47
-71.95
-76.29
-78.15
-92.21
-84.74
-83.46
-79.94
-76.35
-89.12
-88.68
-77.32
-81.37
-82.45
-83.3
-86.9
-72.34
-78.95
-75.04
-73.98
-78.55
-77.45
-78.51
-71.85
-79.31
-74.11
-77.76
-73.1
-73.58
-84.79
-82.4
-74.42
-75.0
-82.22
-83.6
-75.55
-84.67
-77.3
-81.53
-83.29
-73.84
-75.55
-82.39
-80.17
-52.82
-59.43
-67.3
-72.6
-69.21
-76.31
-68.47
-74.87
-73.81
-75.85
-69.79
-69.53
-67.38
-78.51
-73.63
-79.42
-80.94
-66.37
-73.58
-73.59
-70.29
-80.53
-70.38
-76.69
-71.11
-67.59
-73.46
-83.83
-62.15
-76.62
-61.47
-70.28
-77.09
-73.99
-85.24
-74.48
-71.56
-59.61
-78.97
-83.94
-78.54
-72.62
-87.61
-67.58
-68.04
-82.73
-74.0
-54.9
-65.65
-66.6
-70.59
-79.93
-70.64
-76.71
-85.19
-83.53
-78.19
-61.08
-76.88
-73.06
-77.6
-72.99
-82.63
-73.01
-74.26
-68.79
-73.42
-75.23
-85.42
-82.83
-58.83
-69.0
-80.3
-74.22
-62.93
-72.78
-74.89
-72.84
-76.51
-75.48
-76.0
-70.14
-65.75
-74.0
-72.87
-78.91
-74.13
-74.73
-66.64
-59.28
-62.73
-63.39
-66.7
-70.76
-77.46
-62.42
-72.55
-74.72
-75.35
-82.05
-72.09
-90.55
-80.44
-65.44
-79.87
-78.99
-78.5
-80.88
-72.4
-82.84
-75.78
-80.93
-82.71
-74.43
-73.99
-80.22
-78.32
-78.36
-86.18
-74.55
-69.34
-80.35
-78.72
-76.7
-77.06
-79.15
-73.29
-71.39
-70.7
-71.33
-62.45
-74.93
-74.86
-72.5
-77.62
-69.32
-75.34
-81.19
-69.27
-69.96
-69.08
-83.16
-71.72
-70.11
-71.32
-73.89
-75.01
-79.71
-81.37
-83.27
-81.01
-73.56
-74.58
-69.05
-76.51
-68.38
-77.47
-77.29
-81.51
-82.62
-80.78
-66.35
-70.97
-79.09
-75.99
-75.31
-71.97
-85.66
-78.09
-88.47
-75.83
-78.23
-72.35
-76.1
-74.94
-69.42
-74.41
-56.84
-70.49
-68.57
-68.36
-73.96
-65.34
-70.6
-77.4
-84.69
-78.23
-76.17
-81.85
-83.31
-81.04
-84.09
-78.14
-81.52
-79.53
-71.31
-83.21
-87.45
-82.3
-88.06
-87.71
-90.06
-91.58
-86.85
-90.94
-89.51
-91.52
-87.98
-88.55
-87.71
-83.97
-82.24
-94.28
-84.17
-87.03
-82.94
-77.59
-74.96
-85.04
-86.64
-87.58
-80.01
-88.39
-82.99
-90.66
-95.52
-89.07
-93.64
-90.57
-95.86
-83.22
-85.82
-84.78
-85.39
-82.29
-87.13
-77.14
-90.69
-83.55
-72.59
-89.86
-78.24
-79.58
-66.97
-79.17
-80.77
-85.75
-68.22
-84.32
-79.17
-76.38
-76.61
-76.27
-80.86
-74.76
-69.33
-76.9
-71.94
-73.92
-69.98
-75.44
-75.95
-67.39
-77.37
-77.2
-72.26
-70.53
-69.41
-80.12
-65.59
-73.78
-76.16
-70.19
-81.19
-71.31
-66.54
-81.14
-71.09
-74.26
-73.52
-71.67
-72.16
-76.5
-72.03
-78.18
-77.06
-75.2
-72.22
-71.71
-67.93
-83.95
-88.42
-77.22
-82.43
-77.35
-78.29
-80.91
-70.05
-77.29
-73.98
-80.41
-74.38
-84.92
-80.13
-74.48
-74.16
-80.32
-81.79
-71.48
-76.08
-73.37
-82.91
-77.03
-80.65
-72.23
-75.42
-83.27
-72.8
-68.68
-82.39
-72.49
-69.99
-74.49
-73.35
-76.71
-76.41
-62.1
-78.2
-74.42
-83.91
-76.47
-80.42
-78.29
-74.51
-81.67
-81.72
-80.54
-88.06
-86.7
-74.19
-72.14
-72.74
-84.11
-81.19
