-623.847
-572.71
-598.729
-604.251
-618.191
-630.136
-599.395
-613.493
-612.273
-598.834
-573.975
-580.788
-586.372
-632.778
-642.142
-562.373
-603.279
-522.465
-568.305
-568.693
-523.916
-526.066
-493.717
-461.875
-516.475
-478.529
-507.901
-575.901
-485.422
-488.157
-528.785
-530.248
-541.982
-562.269
-567.168
-550.055
-549.785
-521.846
-542.127
-567.07
-544.763
-595.365
-520.483
-560.765
-521.742
-564.941
-566.185
-561.09
-548.209
-511.661
-553.99
-553.164
-544.817
-573.464
-597.213
-704.951
-642.725
-614.883
-590.676
-557.026
-580.276
-564.198
-609.664
-549.905
-584.214
-552.293
-595.971
-573.382
-555.897
-548.282
-592.399
-586.061
-498.999
-509.573
-472.427
-527.273
-488.885
-417.677
-505.407
-448.269
-520.648
-448.031
-496.669
-529.176
-590.96
-485.345
-463.066
-595.044
-499.582
-539.704
-518.422
-511.332
-444.648
-404.229
-438.566
-427.322
-407.89
-391.332
-408.228
-331.582
-389.709
-385.155
-380.359
-453.102
-425.151
-418.667
-355.855
-387.345
-422.192
-468.304
-454.994
-420.553
-456.98
-481.21
-509.335
-563.716
-488.903
-520.363
-511.392
-562.537
-563.567
-495.101
-517.489
-536.824
-539.0
-519.498
-545.138
-506.285
-489.086
-481.208
-375.777
-414.568
-425.319
-493.459
-529.265
-471.615
-465.318
-427.81
-449.942
-442.146
-430.579
-447.989
-525.441
-515.585
-478.945
-523.438
-547.442
-519.957
-529.281
-575.381
-544.828
-511.871
-529.737
-537.747
-573.696
-561.117
-493.402
-520.18
-470.076
-431.628
-397.624
-414.371
-391.394
-417.681
-427.991
-429.421
-394.248
-423.686
-389.373
-419.455
-423.206
-462.749
-454.907
-386.774
-365.207
-392.34
-438.852
-415.102
-435.038
-401.497
-414.917
-372.271
-402.559
-424.993
-490.731
-362.988
-396.818
-393.434
-413.068
-439.216
-455.154
-486.335
-474.782
-430.345
-422.104
-457.83
-541.227
-446.627
-421.106
-472.439
-421.848
-368.136
-397.773
-381.807
-364.957
-345.185
-404.75
-380.382
-470.204
-408.135
-389.363
-521.867
-471.865
-499.485
-496.703
-567.612
-525.073
-520.096
-447.958
-512.515
-386.347
-383.039
-400.138
-407.881
-489.809
-503.061
-460.507
-398.616
-473.964
-473.191
-479.117
-456.62
-510.412
-499.9
-465.324
-491.491
-487.146
-463.455
-426.011
-403.963
-457.991
-432.702
-399.636
-394.722
-410.906
-399.275
-359.169
-451.088
-391.022
-421.431
-422.909
-379.612
-393.958
-379.976
-385.901
-425.187
-434.482
-336.636
-465.561
-443.946
-412.441
-428.556
-458.35
-431.949
-404.238
-393.836
-429.964
-400.271
-429.545
-417.193
-431.759
-433.637
-439.487
-404.209
-430.454
-417.749
-345.982
-373.922
-409.339
-398.266
-368.034
-328.003
-311.074
-294.147
-337.603
-327.384
-332.928
-467.723
-409.249
-375.22
-356.213
-340.601
-318.328
-413.25
-403.391
-385.294
-392.69
-390.53
-398.503
-377.558
-431.948
-369.065
-422.531
-431.802
-441.443
-429.93
-445.815
-409.915
-406.962
-426.199
-394.467
-331.707
-403.011
-378.389
-397.411
-378.908
-386.059
-400.631
-352.43
-365.852
-395.216
-389.116
-361.046
-339.299
-400.965
-391.358
-356.848
-356.59
-417.859
-421.289
-398.001
-444.591
-371.318
-404.227
-289.875
-303.598
-370.489
-365.698
-371.336
-339.077
-377.525
-405.544
-412.033
-390.021
-396.535
-393.229
-451.792
-433.241
-456.783
-447.785
-393.774
-472.393
-445.177
-483.586
-417.905
-343.616
-494.616
-434.25
-425.479
-426.775
-443.234
-417.15
-442.43
-468.028
-461.942
-479.227
-455.278
-475.984
-445.038
-464.639
-433.685
-440.035
-449.29
-498.628
-465.674
-434.796
-417.026
-446.334
-396.347
-444.674
-423.582
-452.47
-437.231
-463.762
-442.202
-429.526
-445.035
-384.569
-417.647
-441.588
-389.234
-412.35
-445.219
-452.586
-415.156
-461.986
-441.077
-446.582
-439.805
-469.643
-396.593
-459.155
-479.712
-467.288
-407.804
-494.521
-495.445
-411.709
-437.818
-428.009
-483.989
-458.716
-372.996
-464.13
-443.452
-443.149
-478.828
-484.757
-449.635
-439.319
-459.065
-478.109
-459.595
-398.712
-424.601
-455.238
-415.75
-499.614
-503.349
-470.911
-549.316
-414.048
-488.79
-514.003
-448.343
-468.512
-453.342
-508.967
-528.803
-505.095
-453.38
-503.367
-581.319
-549.908
-496.988
-495.754
-421.188
-543.346
-540.867
-485.18
-516.76
-469.415
-457.882
-486.661
-379.923
-428.984
-433.3
-528.726
-463.441
-483.081
-452.243
-413.515
-452.157
-452.38
-464.602
-476.702
-427.6
-487.107
-461.121
-467.4
-443.964
-447.418
-451.107
-491.307
-480.209
-400.409
-480.295
-475.939
-451.287
-448.17
-434.182
-460.039
-415.832
-445.481
-437.686
-390.429
-457.541
-508.592
-501.39
-456.206
-492.27
-473.266
-493.575
-457.453
-460.389
-486.116
-500.922
-478.035
-441.933
-474.699
-525.536
