-1.89
-3.187
-3.934
-4.427
-5.589
-4.797
-2.624
-3.812
-8.076
-5.503
-7.199
-4.721
-5.097
-6.94
-6.396
-5.62
-6.173
-3.319
-8.371
-3.952
-4.56
-3.729
-6.907
-4.786
-5.713
-2.445
-5.81
-5.697
-8.013
-0.768
-4.003
-4.717
-9.529
-5.239
-5.393
-5.026
-7.568
-5.24
-7.411
-7.748
-5.523
-5.735
-5.616
-2.722
-6.012
-7.462
-4.725
-6.761
-4.519
-4.402
-1.521
-2.613
-7.14
-7.395
-1.677
-2.217
-6.416
-4.288
-2.239
-6.154
-4.961
-1.814
-1.941
-3.841
-8.103
-10.436
-8.295
-3.9
-7.702
-6.421
-4.158
-6.473
-6.659
-7.209
-5.424
-5.061
-4.538
-9.002
-6.32
-4.717
-3.833
-6.64
-3.971
-6.397
-0.731
-4.71
-8.435
-6.956
-6.429
-8.291
-6.782
-8.297
-3.129
-2.201
-3.965
-5.283
-2.962
-6.112
-7.532
-4.652
-5.861
-3.872
-4.425
-9.44
-4.678
-4.352
-5.455
-5.429
-4.345
-5.868
-6.889
-5.73
-5.915
-5.017
-5.898
-8.158
-8.242
-3.347
-5.826
-6.686
-7.542
-8.258
-6.012
-7.427
-4.72
-6.591
-8.295
-8.369
-6.201
-4.6
-6.424
-3.788
-6.1
-8.368
-5.549
-3.798
-7.074
-6.491
-6.666
-7.28
-6.394
-3.058
-5.183
-4.293
-8.591
-5.518
-5.948
-4.565
-4.292
-6.875
-8.668
-7.967
-10.568
-9.003
-5.921
-9.283
-9.569
-6.256
-7.036
-8.383
-7.717
-7.083
-7.162
-7.231
-7.99
-8.204
-2.494
-6.875
-6.897
-6.369
-7.85
-8.537
-7.745
-3.78
-4.149
-7.286
-8.256
-9.797
-7.414
-7.722
-4.695
-8.633
-5.695
-8.668
-4.237
-4.681
-7.336
-4.918
-6.504
-4.155
-8.088
-8.724
-7.395
-8.454
-9.069
-8.831
-7.621
-9.397
-4.392
-7.624
-5.694
-7.38
-5.284
-7.79
-6.085
-8.4
-9.541
-7.569
-7.836
-6.077
-7.769
-7.139
-6.328
-6.245
-6.324
-5.172
-4.852
-5.635
-7.027
-4.471
-0.793
-4.805
-6.577
-2.586
-6.039
-6.059
-4.59
-5.344
-3.517
-6.195
-5.044
-6.978
-6.375
-3.551
-4.693
-3.924
-5.765
-3.989
-3.43
-2.191
-1.787
-2.549
-3.595
-2.14
-4.508
-3.014
-3.286
-4.731
-3.631
-2.065
-6.228
-3.337
-2.466
-3.474
-4.291
-4.268
-3.69
1.502
-3.653
-6.157
-5.184
-6.798
-6.589
-4.994
-2.895
-2.152
-1.258
-1.717
-1.2
-0.051
-0.428
-2.324
-2.322
-4.958
-4.934
-0.943
-0.917
-4.304
-4.289
-0.611
-3.299
-5.724
-4.459
-2.118
-3.514
-2.774
-0.654
-1.711
-2.835
-1.161
-2.566
-5.61
-2.865
-4.232
-5.64
-6.367
-5.059
-1.494
-1.173
-4.835
-4.65
-3.703
-3.707
-0.571
-2.154
-3.163
-6.186
-7.554
-4.665
-4.633
-6.254
-7.965
-2.765
-4.773
-3.212
-1.677
-2.044
-4.928
-5.44
-3.801
-3.669
-0.097
-2.311
-2.023
-2.064
-2.162
-3.661
3.495
-3.077
-2.032
0.893
-0.087
-1.526
-1.171
-3.549
-3.337
-0.466
0.195
-1.803
-2.378
-4.661
-4.53
-2.834
-3.769
-0.772
-1.553
-2.201
-2.204
-0.564
-2.721
-3.335
-3.271
-4.223
-3.395
-0.511
-2.401
-4.671
-2.432
-2.116
-4.291
-1.259
0.192
-2.789
-1.413
-0.702
-3.798
-0.688
0.946
-0.047
-5.706
-4.109
-1.53
-0.992
2.551
-0.401
-0.404
-2.308
-2.193
-3.638
-2.737
-0.101
-1.612
0.038
-1.278
-2.046
-4.125
-0.038
-2.225
-1.989
1.336
1.919
-0.155
-4.87
0.363
-2.986
-5.625
-4.513
-5.757
-2.143
-2.667
-6.592
-5.573
-7.093
-3.841
-5.252
-6.853
-3.801
-3.924
-4.927
-1.245
-1.825
-5.51
-3.86
-3.116
-4.319
-3.744
-4.009
-6.591
-7.104
-1.824
-4.121
-1.171
-2.998
-4.666
-2.938
-3.064
-0.599
-3.377
-1.681
-5.151
-2.275
-3.394
-7.532
-4.849
-4.145
-5.572
-1.177
-4.132
-2.349
-2.888
-2.715
-6.06
-3.951
-4.917
-5.273
-5.458
-3.0
-6.765
-6.656
-4.154
-3.357
-5.011
-3.018
-4.423
-6.042
-4.307
-3.197
-5.501
-4.105
-4.864
-6.098
-4.863
-3.348
-4.721
-5.964
-3.288
-7.041
-6.102
-6.459
-4.653
-7.746
-3.288
-9.175
-6.419
-6.506
-5.05
-5.063
-3.507
-4.574
-7.443
-5.609
-7.293
-6.189
-3.434
-6.988
-7.053
-5.261
-3.286
-1.898
-5.53
-3.409
-3.865
-2.333
-4.606
-4.533
-2.379
-5.778
-4.027
-5.435
-2.579
-5.424
