-96.68
-98.6
-95.72
-87.5
-93.13
-98.48
-75.52
-83.95
-90.18
-88.18
-89.17
-85.33
-93.32
-92.57
-94.05
-88.84
-88.01
-84.6
-95.76
-95.92
-70.98
-87.47
-85.89
-74.25
-77.21
-82.82
-85.12
-71.63
-84.59
-81.74
-85.55
-84.08
-85.48
-72.11
-78.11
-80.65
-89.23
-87.93
-78.9
-73.56
-85.34
-82.46
-80.97
-73.83
-87.17
-74.22
-81.54
-80.89
-81.34
-72.18
-75.55
-78.52
-79.05
-81.28
-79.38
-80.39
-80.72
-90.54
-77.13
-80.28
-86.88
-89.68
-85.14
-91.66
-92.71
-93.75
-87.56
-84.95
-84.89
-87.95
-89.6
-80.67
-91.76
-90.7
-87.07
-88.88
-73.66
-80.98
-91.72
-81.7
-96.02
-93.38
-96.75
-95.23
-98.42
-96.93
-78.13
-98.11
-93.46
-95.26
-75.45
-82.16
-88.82
-89.48
-89.76
-81.14
-82.22
-85.48
-81.15
-91.68
-80.54
-87.95
-83.38
-93.43
-92.62
-77.84
-90.71
-83.89
-86.89
-91.48
-84.52
-95.94
-91.36
-85.78
-91.4
-87.4
-90.83
-82.27
-85.7
-91.82
-92.36
-93.97
-95.44
-86.57
-95.02
-78.15
-87.39
-88.39
-73.17
-74.57
-83.87
-89.42
-77.22
-76.93
-78.16
-82.98
-80.0
-67.99
-73.28
-77.46
-88.68
-79.86
-79.51
-78.03
-79.77
-73.17
-76.13
-68.81
-83.5
-81.21
-85.18
-73.73
-74.54
-76.54
-82.04
-86.58
-79.59
-76.94
-66.72
-77.3
-79.41
-80.7
-83.64
-88.23
-80.77
-77.38
-79.99
-80.58
-82.37
-76.69
-83.82
-74.94
-69.23
-70.75
-81.02
-77.24
-83.41
-75.5
-82.84
-86.18
-85.54
-83.79
-75.49
-80.57
-88.5
-81.44
-77.27
-82.11
-81.54
-90.33
-93.88
-101.06
-100.19
-87.94
-97.19
-90.37
-96.01
-93.91
-94.79
-96.36
-97.03
-92.49
-97.97
-100.91
-102.22
-104.13
-93.31
-93.85
-100.53
-104.43
-95.28
-100.25
-89.67
-102.55
-95.99
-95.71
-94.57
-92.25
-102.09
-102.81
-95.21
-92.31
-97.92
-99.47
-96.44
-90.51
-106.18
-103.17
-87.57
-102.04
-92.48
-98.03
-94.66
-98.07
-94.86
-85.34
-90.83
-84.52
-94.27
-93.21
-93.59
-102.71
-91.52
-91.65
-97.46
-90.83
-90.0
-94.67
-89.94
-94.5
-97.51
-91.43
-93.63
-93.96
-86.03
-92.37
-91.5
-79.37
-81.81
-85.57
-86.33
-82.61
-93.03
-91.01
-80.51
-80.26
-86.03
-78.81
-94.7
-78.5
-79.68
-88.1
-92.63
-85.58
-88.38
-84.44
-80.07
-87.32
-74.24
-76.7
-76.35
-74.43
-84.52
-82.09
-84.82
-86.65
-97.45
-94.67
-82.32
-88.89
-86.1
-79.28
-89.25
-83.95
-84.19
-86.42
-85.21
-91.73
-86.71
-86.64
-88.9
-79.77
-86.91
-83.91
-88.23
-79.89
-87.15
-79.34
-77.53
-78.55
-82.54
-79.01
-87.33
-87.22
-79.03
-79.35
-78.27
-81.47
-71.62
-75.23
-72.25
-87.48
-84.61
-78.44
-88.89
-81.9
-76.75
-81.4
-72.36
-74.55
-78.55
-74.04
-75.18
-70.06
-80.79
-85.39
-75.76
-76.51
-77.04
-83.69
-75.53
-80.95
-92.54
-86.41
-77.72
-79.23
-87.42
-80.03
-87.71
-72.21
-73.15
-69.92
-81.42
-87.84
-77.38
-89.9
-69.33
-94.5
-84.75
-75.64
-80.83
-91.45
-91.95
-94.37
-90.9
-89.5
-97.02
-99.46
-100.86
-93.0
-89.31
-91.2
-85.67
-96.72
-103.78
-95.81
-94.93
-96.26
-90.11
-85.47
-107.2
-89.59
-99.91
-85.42
-92.7
-93.18
-92.08
-90.75
-90.42
-93.09
-94.74
-83.61
-103.83
-93.14
-102.66
-97.27
-100.51
-96.65
-97.02
-100.61
-102.9
-96.24
-92.95
-100.44
-98.43
-98.21
-96.37
-103.62
-96.7
-96.58
-107.22
-111.44
-104.92
-92.82
-80.04
-108.39
-101.05
-92.44
-91.67
-94.3
-89.88
-79.55
-88.51
-84.13
-84.87
-97.27
-100.81
-91.96
-103.22
-102.26
-93.15
-94.83
-97.8
-91.02
-90.75
-94.85
-100.14
-91.05
-91.7
-93.81
-91.48
-100.18
-94.51
-91.63
-100.6
-97.4
-98.4
-105.87
-93.46
-101.0
-96.94
-105.62
-102.1
-109.7
-93.81
-102.0
-103.71
-95.22
-108.96
-108.53
-103.16
-101.17
-96.14
-98.6
-89.33
-87.25
-89.94
-101.86
-82.1
-81.29
-94.68
-99.48
-98.61
-97.72
-96.72
-93.42
-96.71
-93.26
-96.91
-83.04
-89.41
-104.13
-96.68
-94.14
-93.77
-105.29
-97.03
-92.71
-90.78
-89.81
-100.85
-107.27
-101.26
-98.52
-93.56
-78.25
-87.61
-91.85
-94.98
-85.91
-88.59
