7.749
-22.387
-25.367
-22.256
-26.639
-24.213
-20.797
-21.204
-14.791
-18.184
-25.093
-20.264
-22.336
-27.531
-18.337
-22.604
-23.433
-18.338
-23.375
-24.3
-24.289
-25.584
-25.603
-22.001
-22.055
-23.521
-24.882
-15.73
-23.019
-24.741
-25.577
-26.661
-20.251
-18.389
-17.233
-22.662
-18.389
-26.396
-19.116
-17.972
-17.427
-20.981
-23.447
-19.695
-23.241
-21.672
-23.371
-24.042
-20.496
-20.462
-23.679
-15.782
-19.265
-20.982
-22.283
-23.407
-22.886
-23.378
-23.504
-21.612
-27.458
-22.644
-27.464
-24.536
-23.69
-22.396
-23.826
-18.825
-23.156
-27.581
-21.96
-24.119
-27.391
-22.805
-22.3
-24.226
-19.138
-26.318
-26.868
-16.639
-25.305
-26.013
-24.36
-28.247
-27.155
-20.585
-25.14
-24.176
-26.492
-23.152
-20.282
-23.161
-27.259
-26.287
-25.516
-22.01
-20.098
-25.101
-25.426
-25.041
-22.189
-20.811
-21.04
-23.123
-18.887
-20.314
-23.971
-20.473
-23.547
-22.879
-23.121
-26.333
-24.311
-22.872
-20.103
-22.911
-27.72
-26.102
-24.251
-25.089
-17.95
-18.621
-25.658
-20.796
-25.789
-27.778
-25.373
-21.491
-21.561
-23.533
-21.127
-27.412
-20.619
-28.189
-21.928
-23.566
-23.626
-19.99
-21.242
-21.407
-25.387
-23.423
-26.206
-24.897
-18.461
-19.497
-23.061
-19.255
-26.844
-27.859
-24.827
-12.969
-24.464
-22.593
-26.855
-22.277
-22.417
-14.463
-21.809
-21.096
-20.711
-19.971
-20.829
-27.862
-20.543
-18.865
-23.67
-19.144
-20.025
-23.089
-19.248
-12.97
-21.261
-22.226
-21.533
-25.527
-24.569
-24.862
-24.124
-22.301
-22.784
-22.841
-23.964
-24.522
-24.426
-19.674
-23.207
-27.765
-25.289
-23.578
-26.267
-26.936
-24.091
-10.676
-23.111
-18.984
-26.774
-26.329
-21.884
-26.913
-25.674
-16.796
-19.253
-23.803
-25.732
-26.197
-28.35
-21.724
-26.316
-28.638
-28.566
-23.134
-28.976
-27.088
-21.207
-25.855
-18.414
-21.25
-21.984
-25.994
-20.929
-27.812
-24.742
-16.325
-30.212
-27.456
-23.527
-30.1
-24.625
-13.419
-27.912
-28.503
-23.435
-24.343
-29.538
-24.425
-26.478
-25.263
-22.312
-26.057
-27.007
-23.887
-26.784
-21.89
-24.269
-24.217
-23.069
-24.372
-25.015
-27.542
-25.52
-25.01
-25.068
-22.067
-13.755
-20.476
-22.77
-21.253
-20.991
-25.041
-22.454
-26.125
-24.555
-21.802
-18.399
-22.564
-22.372
-21.485
-22.196
-16.11
-28.65
-22.206
-25.955
-21.239
-26.97
-25.568
-25.094
-23.523
-25.695
-17.629
-16.099
-21.055
-26.166
-23.956
-23.997
-27.354
-22.36
-18.294
-26.427
-29.835
-26.918
-26.367
-27.364
-20.527
-15.642
-25.02
-19.489
-23.499
-21.804
-23.847
-25.086
-25.094
-26.162
-25.012
-22.249
-20.708
-23.108
-18.638
-23.593
-18.004
-19.802
-14.763
-21.921
-18.28
-20.356
-22.22
-20.393
-19.014
-21.055
-21.308
-18.452
-23.135
-28.379
-21.529
-27.587
-23.638
-18.519
-25.58
-19.826
-21.909
-17.565
-23.028
-23.263
-19.188
-23.747
-27.507
-24.559
-21.396
-20.574
-20.531
-24.192
-26.332
-27.187
-18.582
-20.181
-22.718
-23.652
-26.38
-25.151
-22.168
-22.519
-24.113
-20.203
-21.381
-19.395
-21.485
-21.898
-27.457
-22.859
-30.169
-25.333
-22.717
-24.65
-24.569
-20.025
-20.72
-25.979
-27.467
-28.559
-28.093
-26.206
-18.324
-28.741
-28.398
-27.073
-17.915
-29.116
-23.957
17.534
-22.978
-24.643
-26.202
-24.632
-21.619
-15.279
-21.869
-17.577
-23.347
-22.592
-23.021
-23.511
-23.783
-21.2
-18.387
-27.154
-25.888
-19.086
-22.567
-25.073
-22.23
-26.326
-27.911
-28.857
-20.846
-22.977
-18.705
-25.358
-22.514
-20.131
-23.364
-22.684
-25.742
-23.388
-21.268
-23.62
-25.242
-23.358
-28.69
-27.233
-23.715
-20.7
-20.647
-27.375
-22.473
-19.935
-29.414
-27.711
-21.336
-22.464
-28.823
-29.532
-29.017
-21.058
-23.176
-28.066
-23.281
-22.347
-25.087
-24.667
-22.327
-26.518
-25.627
-25.829
-24.551
-19.721
-29.007
-25.783
-25.965
-26.223
-21.345
-28.519
-22.816
-24.935
-19.709
-27.453
-22.681
-28.524
-22.447
-23.772
-25.345
-28.025
-24.756
-21.661
-24.551
-23.241
-30.049
-25.492
-18.952
-14.694
-26.063
-14.428
-24.983
-21.477
-25.948
-22.57
-25.334
-24.025
-22.991
-28.053
-25.527
-23.11
-24.253
-24.23
-26.786
-25.182
-25.449
-25.493
15.502
-28.635
-23.817
-20.613
-25.255
-27.995
-21.815
-27.117
-25.812
-17.684
-27.788
-28.148
-24.652
-18.88
