-2.645
-1.795
-2.624
-2.569
-2.208
-2.18
-2.533
-2.459
-1.503
-2.347
-2.707
-2.384
-2.822
-2.609
-2.342
-2.092
-2.415
-2.094
-2.402
-1.882
-1.911
-2.134
-1.162
-2.043
-2.02
-1.751
-1.683
-1.959
-1.56
-2.586
-2.48
-2.199
-2.467
-2.049
-2.138
-2.408
-2.384
-2.337
-1.924
-2.396
-2.14
-2.391
-1.853
-1.678
-2.172
-1.713
-2.746
-2.475
-2.447
-2.099
-2.124
-2.186
-2.082
-2.178
-2.49
-2.051
-2.003
-2.772
-2.286
-2.43
-1.822
-2.267
-1.947
-1.997
-2.414
-2.378
-2.447
-2.287
-2.276
-2.353
-2.307
-2.894
-1.994
-2.315
-2.346
-2.516
-2.417
-2.104
-1.898
-2.32
-2.65
-2.504
-2.456
-2.132
-2.494
-2.552
-2.23
-2.165
-2.069
-1.944
-1.628
-2.387
-2.124
-2.51
-1.769
-2.453
-2.097
-2.238
-2.466
-2.631
-1.903
-2.446
-2.246
-2.522
-1.95
-2.322
-2.038
-2.324
-2.342
-2.166
-1.977
-2.077
-2.528
-2.576
-1.663
-1.876
-1.934
-2.261
-1.988
-2.335
-1.982
-2.474
-2.302
-2.062
-2.467
-2.112
-2.7
-2.433
-2.609
-2.414
-2.231
-2.363
-1.463
-1.892
-1.701
-1.858
-2.172
-2.286
-2.342
-2.452
-2.226
-2.327
-2.131
-2.152
-1.97
-2.065
-2.019
-1.682
-2.263
-1.786
-1.8
-1.636
-2.264
-1.519
-1.895
-0.886
-2.151
-1.111
-1.609
-1.288
-1.796
-1.485
-2.276
-2.474
-1.816
-2.36
-2.159
-1.69
-2.196
-1.737
-1.605
-1.509
-1.804
-1.746
-2.172
-2.598
-1.547
-2.11
-2.304
-2.611
-2.351
-2.303
-2.353
-2.233
-2.408
-2.371
-2.26
-2.404
-2.43
-2.51
-2.604
-2.225
-2.377
-2.765
-2.974
-2.002
-2.359
-2.448
-2.289
-2.594
-2.501
-2.983
-2.516
-2.08
-2.306
-3.014
-2.515
-2.071
-2.843
-1.974
-2.32
-2.111
-2.357
-2.368
-2.722
-2.735
-2.307
-2.207
-1.632
-2.876
-2.537
-2.897
-2.738
-2.117
-2.295
-2.696
-2.515
-2.704
-2.336
-2.498
-2.553
-2.974
-2.741
-2.238
-2.338
-2.025
-2.328
-1.8
-1.763
-2.309
-2.006
-2.395
-2.708
-1.561
-1.811
-2.329
-1.819
-2.243
-2.437
-2.215
-2.778
-2.437
-2.569
-2.47
-1.781
-2.47
-2.097
-1.323
-1.856
-1.811
-1.671
-1.626
-1.86
-2.451
-1.657
-1.379
-2.349
-1.822
-1.912
-1.854
-2.456
-2.152
-2.318
-2.057
-1.73
-2.252
-1.556
-2.485
-1.688
-2.119
-2.182
-1.904
-2.228
-1.743
-1.986
-1.83
-2.566
-2.634
-2.27
-2.487
-2.108
-2.222
-2.215
-2.053
-1.63
-2.875
-2.004
-2.363
-2.31
-2.363
-2.343
-2.3
-2.084
-1.699
-2.343
-2.453
-1.527
-2.197
-2.148
-1.556
-2.43
-2.465
-2.432
-2.181
-1.621
-2.109
-2.373
-1.571
-1.557
-2.01
-1.418
-2.413
-2.805
-2.015
-1.823
-1.745
-1.554
-2.128
-2.175
-2.081
-2.068
-2.284
-1.791
-0.743
-1.936
-1.837
-2.137
-1.921
-2.395
-2.749
-2.46
-2.199
-2.669
-1.423
-2.056
-2.178
-2.327
-2.344
-2.421
-2.205
-2.077
-2.065
-2.057
-2.141
-2.235
-2.277
-2.1
-2.233
-2.077
-2.002
-2.631
-2.621
-2.808
-2.462
-2.487
-2.349
-2.543
-2.256
-2.524
-2.405
-2.489
-1.674
-2.006
-2.023
-2.249
-2.834
-2.429
-3.089
-2.772
-2.723
-2.412
-2.429
-2.653
-2.422
-3.012
-2.468
-2.31
-2.059
-1.897
-2.367
-2.788
-2.916
-2.502
-2.321
-2.622
-2.673
-2.407
-3.261
-2.704
-2.426
-3.252
-3.144
-2.01
-2.517
-2.882
-2.578
-2.539
-2.965
-2.204
-2.545
-2.347
-2.405
-2.473
-3.036
-2.566
-3.094
-2.14
-2.615
-2.749
-2.799
-2.99
-2.254
-2.511
-2.5
-3.035
-2.694
-2.632
-2.482
-2.915
-2.641
-3.133
-2.837
-2.687
-2.536
-2.507
-2.739
-2.608
-2.594
-2.459
-2.696
-2.571
-2.907
-2.812
-2.8
-2.965
-2.907
-2.601
-2.361
-1.925
-3.032
-2.939
-2.53
-2.894
-2.643
-2.741
-2.688
-2.822
-2.604
-2.441
-1.929
-2.785
-1.969
-2.569
-3.159
-2.817
-2.607
-2.77
-2.472
-2.502
-2.816
-2.474
-2.915
-2.748
-2.489
-2.597
-2.555
-2.553
-1.838
-2.363
-2.887
-2.746
-2.352
-2.606
-2.028
-2.37
-2.546
-2.506
-2.202
-2.285
-2.652
-2.777
-1.863
-2.899
-2.154
-2.143
-2.455
-2.344
-2.637
-2.088
-2.102
-2.143
