-682.232
-672.368
-652.122
-691.744
-743.913
-684.733
-640.862
-653.965
-648.289
-639.098
-616.575
-644.172
-677.056
-662.51
-656.826
-607.083
-612.946
-664.537
-641.48
-632.879
-632.837
-625.475
-646.694
-605.28
-631.602
-610.354
-623.064
-575.737
-630.476
-607.913
-568.08
-542.953
-549.198
-551.372
-540.117
-566.473
-561.495
-581.815
-592.537
-539.439
-501.022
-590.374
-602.023
-555.944
-567.799
-565.167
-523.577
-577.045
-590.62
-602.357
-559.962
-571.611
-571.376
-541.103
-582.331
-552.802
-541.489
-553.393
-585.135
-599.031
-623.632
-616.662
-644.293
-628.463
-605.215
-586.879
-637.931
-668.102
-641.904
-624.941
-650.785
-623.243
-645.637
-568.05
-567.386
-552.567
-566.429
-615.452
-587.843
-612.852
-648.922
-640.746
-616.165
-649.12
-663.031
-678.546
-650.018
-663.848
-622.401
-636.687
-655.634
-605.736
-650.9
-630.334
-639.63
-615.217
-641.512
-610.361
-636.715
-587.186
-613.178
-609.276
-634.4
-615.103
-675.961
-625.661
-584.253
-594.304
-597.373
-578.716
-644.875
-636.346
-655.414
-622.723
-618.313
-604.109
-619.018
-660.525
-676.566
-638.055
-647.087
-634.16
-607.034
-621.769
-587.094
-652.377
-648.077
-621.508
-539.687
-605.874
-602.457
-570.898
-601.933
-547.495
-565.55
-585.759
-607.267
-595.383
-603.515
-595.531
-615.071
-594.123
-584.441
-583.617
-600.716
-595.734
-616.067
-624.324
-612.534
-595.798
-601.056
-612.845
-589.186
-583.121
-588.467
-576.97
-597.207
-581.677
-585.494
-592.095
-623.81
-602.269
-644.128
-582.16
-593.713
-628.985
-588.137
-612.87
-624.655
-588.542
-608.986
-584.802
-607.34
-604.426
-605.105
-569.493
-593.332
-605.456
-572.329
-586.29
-610.737
-573.352
-633.387
-623.878
-576.173
-555.249
-577.141
-586.171
-551.886
-617.908
-620.432
-658.453
-644.298
-652.387
-658.538
-644.106
-639.089
-684.321
-690.209
-680.815
-705.45
-725.815
-693.154
-701.39
-718.144
-702.33
-649.416
-663.863
-664.364
-643.656
-639.056
-673.732
-672.663
-668.002
-677.047
-689.327
-689.008
-677.921
-676.15
-713.541
-665.548
-724.322
-682.384
-695.36
-652.423
-678.823
-734.673
-677.747
-682.645
-689.967
-702.826
-615.666
-600.176
-628.41
-616.174
-640.023
-618.409
-670.587
-646.188
-631.712
-630.933
-647.845
-618.286
-642.903
-633.587
-692.963
-682.857
-665.592
-570.376
-646.25
-667.679
-645.918
-643.648
-598.296
-601.941
-624.683
-627.971
-572.462
-580.319
-591.261
-570.976
-589.567
-604.115
-592.97
-634.459
-639.223
-639.909
-627.438
-623.87
-596.573
-574.037
-597.355
-609.977
-568.459
-611.629
-576.162
-588.779
-609.858
-577.085
-542.187
-560.826
-572.847
-584.294
-561.453
-616.161
-629.434
-598.81
-605.781
-620.052
-620.23
-589.997
-622.669
-637.466
-591.787
-608.975
-617.647
-602.548
-633.889
-602.397
-618.351
-588.913
-603.959
-619.25
-602.206
-624.689
-620.198
-606.89
-573.326
-609.931
-614.79
-605.933
-608.542
-602.148
-561.876
-599.478
-567.685
-576.222
-558.951
-568.556
-526.873
-539.895
-540.263
-531.691
-532.224
-607.633
-563.991
-534.462
-529.303
-534.458
-521.154
-603.45
-590.582
-585.822
-541.448
-543.33
-582.639
-590.507
-563.346
-609.495
-589.38
-594.067
-591.713
-615.804
-618.802
-631.993
-631.154
-648.155
-598.43
-645.859
-598.098
-585.852
-566.468
-583.406
-645.12
-594.765
-630.57
-582.99
-570.787
-608.805
-628.219
-610.265
-600.532
-574.544
-638.334
-628.971
-642.486
-691.804
-665.44
-706.037
-662.8
-624.736
-654.864
-642.258
-635.656
-644.49
-675.229
-639.763
-676.756
-679.724
-655.45
-769.084
-675.793
-668.499
-617.329
-634.302
-693.901
-672.093
-657.137
-674.737
-671.08
-714.655
-622.785
-708.935
-744.231
-764.293
-768.492
-715.236
-752.0
-725.081
-730.462
-743.144
-761.765
-765.68
-704.531
-722.972
-745.341
-721.69
-705.302
-747.278
-743.984
-761.482
-804.004
-738.851
-788.161
-740.03
-684.333
-705.137
-723.413
-734.853
-687.791
-692.796
-696.393
-684.442
-697.045
-716.685
-715.849
-726.865
-728.299
-727.781
-719.706
-714.591
-704.338
-685.554
-685.702
-736.274
-700.954
-676.633
-694.395
-662.055
-710.328
-787.226
-752.499
-743.337
-744.043
-738.045
-723.574
-726.311
-724.861
-759.143
-721.669
-759.557
-741.019
-776.21
-728.056
-759.715
-720.618
-752.239
-766.567
-793.317
-773.957
-727.363
-780.778
-707.441
-778.666
-702.271
-665.527
-698.094
-730.104
-663.357
-665.809
-716.725
-734.665
-687.865
-698.453
-727.869
-677.398
-683.977
-683.683
-679.084
-723.354
-720.497
-753.235
-739.343
-741.537
-777.618
-724.853
-720.424
-709.377
-718.919
-705.596
-736.628
-754.209
-679.124
-715.984
-725.37
-686.219
-660.808
-699.587
-686.1
-686.725
-685.907
