-0.381
-0.3
-0.255
-0.312
-0.287
-0.365
-0.398
-0.415
-0.405
-0.439
-0.311
-0.322
-0.346
-0.368
-0.349
-0.351
-0.473
-0.463
-0.409
-0.365
-0.474
-0.454
-0.373
-0.399
-0.433
-0.481
-0.38
-0.325
-0.315
-0.492
-0.356
-0.29
-0.409
-0.445
-0.396
-0.231
-0.385
-0.356
-0.391
-0.368
-0.313
-0.316
-0.329
-0.362
-0.273
-0.416
-0.416
-0.337
-0.376
-0.287
-0.374
-0.379
-0.238
-0.301
-0.364
-0.335
-0.374
-0.359
-0.497
-0.387
-0.371
-0.429
-0.426
-0.37
-0.344
-0.355
-0.269
-0.417
-0.371
-0.532
-0.342
-0.375
-0.354
-0.284
-0.304
-0.371
-0.307
-0.358
-0.332
-0.392
-0.374
-0.398
-0.399
-0.45
-0.441
-0.484
-0.279
-0.348
-0.373
-0.382
-0.35
-0.471
-0.277
-0.452
-0.425
-0.372
-0.309
-0.42
-0.391
-0.387
-0.362
-0.403
-0.487
-0.427
-0.469
-0.313
-0.25
-0.356
-0.453
-0.377
-0.39
-0.349
-0.444
-0.313
-0.336
-0.324
-0.359
-0.455
-0.365
-0.445
-0.397
-0.437
-0.356
-0.391
-0.495
-0.457
-0.436
-0.302
-0.409
-0.405
-0.404
-0.364
-0.385
-0.333
-0.293
-0.412
-0.415
-0.433
-0.417
-0.432
-0.46
-0.328
-0.329
-0.275
-0.353
-0.398
-0.413
-0.371
-0.35
-0.385
-0.356
-0.376
-0.423
-0.427
-0.374
-0.333
-0.338
-0.273
-0.32
-0.418
-0.331
-0.313
-0.428
-0.359
-0.252
-0.446
-0.296
-0.31
-0.432
-0.325
-0.441
-0.387
-0.306
-0.342
-0.383
-0.311
-0.382
-0.381
-0.369
-0.387
-0.256
-0.367
-0.448
-0.309
-0.508
-0.303
-0.463
-0.337
-0.432
-0.424
-0.352
-0.394
-0.458
-0.356
-0.335
-0.311
-0.306
-0.352
-0.339
-0.284
-0.31
-0.243
-0.3
-0.387
-0.448
-0.317
-0.417
-0.316
-0.292
-0.331
-0.393
-0.278
-0.275
-0.346
-0.394
-0.317
-0.352
-0.253
-0.238
-0.316
-0.295
-0.226
-0.276
-0.341
-0.359
-0.185
-0.332
-0.312
-0.466
-0.359
-0.357
-0.339
-0.3
-0.314
-0.36
-0.419
-0.39
-0.422
-0.417
-0.35
-0.424
-0.346
-0.365
-0.421
-0.396
-0.39
-0.34
-0.412
-0.314
-0.357
-0.23
-0.313
-0.321
-0.307
-0.368
-0.42
-0.335
-0.355
-0.406
-0.306
-0.358
-0.336
-0.402
-0.403
-0.427
-0.321
-0.364
-0.348
-0.427
-0.281
-0.313
-0.399
-0.303
-0.315
-0.383
-0.287
-0.378
-0.34
-0.39
-0.34
-0.308
-0.357
-0.415
-0.35
-0.314
-0.388
-0.324
-0.391
-0.362
-0.287
-0.27
-0.322
-0.381
-0.35
-0.373
-0.297
-0.366
-0.333
-0.308
-0.307
-0.262
-0.31
-0.286
-0.294
-0.348
-0.286
-0.381
-0.313
-0.354
-0.31
-0.407
-0.269
-0.329
-0.379
-0.306
-0.386
-0.393
-0.324
-0.261
-0.336
-0.233
-0.338
-0.296
-0.199
-0.32
-0.238
-0.246
-0.307
-0.328
-0.394
-0.384
-0.391
-0.383
-0.272
-0.35
-0.416
-0.374
-0.351
-0.421
-0.414
-0.325
-0.287
-0.461
-0.309
-0.378
-0.367
-0.347
-0.333
-0.426
-0.294
-0.375
-0.284
-0.378
-0.43
-0.37
-0.449
-0.376
-0.344
-0.419
-0.379
-0.38
-0.312
-0.34
-0.392
-0.476
-0.376
-0.465
-0.401
-0.361
-0.394
-0.296
-0.301
-0.193
-0.363
-0.416
-0.363
-0.39
-0.311
-0.437
-0.286
-0.395
-0.489
-0.484
-0.37
-0.352
-0.494
-0.389
-0.283
-0.3
-0.445
-0.312
-0.368
-0.475
-0.385
-0.475
-0.417
-0.304
-0.455
-0.385
-0.425
-0.362
-0.366
-0.381
-0.409
-0.423
-0.507
-0.417
-0.328
-0.47
-0.438
-0.293
-0.43
-0.393
-0.442
-0.394
-0.347
-0.381
-0.482
-0.426
-0.423
-0.343
-0.402
-0.386
-0.35
-0.37
-0.503
-0.416
-0.439
-0.539
-0.518
-0.422
-0.396
-0.498
-0.469
-0.407
-0.416
-0.511
-0.394
-0.477
-0.396
-0.381
-0.37
-0.405
-0.423
-0.445
-0.43
-0.439
-0.489
-0.475
-0.43
-0.405
-0.505
-0.429
-0.432
-0.341
-0.427
-0.316
-0.347
-0.421
-0.422
-0.389
-0.43
-0.491
-0.459
-0.479
-0.498
-0.45
-0.454
-0.457
-0.375
-0.489
-0.493
-0.502
-0.572
-0.542
-0.43
-0.486
-0.562
-0.41
-0.405
-0.435
-0.48
-0.418
-0.443
-0.394
-0.415
-0.296
-0.427
-0.415
-0.426
-0.421
-0.549
-0.539
-0.419
-0.388
-0.502
-0.505
-0.434
-0.407
-0.451
-0.402
