-3.234
1.499
-0.475
-4.617
-3.673
-4.642
-5.401
-6.135
-3.428
-3.226
-2.168
-7.533
-4.468
-5.248
-1.962
-0.692
-3.577
-2.581
-5.628
-5.372
-6.542
-2.907
-1.819
-4.407
-4.152
1.117
-4.299
-3.194
-2.725
-5.859
-2.768
-2.252
-1.701
-5.67
-2.162
-4.908
-5.594
-4.192
-0.897
-3.185
-0.599
-4.98
-1.545
-4.869
-3.646
-0.777
-4.827
-4.048
-3.787
-2.337
-6.816
-4.753
-3.691
-1.497
0.171
-3.127
-0.888
-4.135
-5.075
-6.819
-4.653
-7.389
-6.195
-1.925
-3.794
-7.187
-4.316
-5.616
-4.312
-5.383
-5.845
-6.086
-7.159
-4.631
-3.557
-2.232
-3.101
-7.135
-7.595
-3.51
-7.193
-2.563
-1.861
-3.054
-3.815
-4.972
-5.493
-4.915
-5.895
-7.813
-2.761
-2.51
-2.985
-4.3
-6.441
-7.321
-4.725
-5.427
-5.855
-1.039
-4.119
-5.161
-8.488
-8.272
-7.768
-5.193
-4.993
-7.569
-3.646
-10.36
-4.916
-8.001
-4.045
-7.549
-5.512
-3.114
-5.618
-3.395
-6.468
-5.432
-5.179
-5.656
-4.058
-5.292
-6.172
-3.948
-6.974
-5.062
-7.311
-5.077
-2.897
-5.081
-6.502
-6.064
-6.116
-4.858
-4.26
-5.022
-5.303
-5.529
-4.111
-2.195
-2.4
-2.643
-3.278
-3.87
-6.06
-2.706
-9.31
-8.326
-3.663
-2.949
-5.543
-5.254
-5.22
-3.598
-4.099
-3.45
-4.608
-3.282
-5.317
-2.3
-4.652
-4.522
-4.015
-3.328
-5.782
-5.33
-6.337
-3.12
-1.977
-3.804
-2.413
-1.703
-6.186
-4.791
-3.929
-3.289
-3.052
-5.493
-5.997
-4.479
-5.359
-4.823
-3.555
-1.984
-6.282
-0.482
-4.429
-4.205
-4.169
-5.733
-5.85
-5.567
-1.864
-3.44
-5.176
-2.264
-2.314
-1.307
-2.876
-5.27
-7.507
-3.58
-3.686
-2.875
-2.34
-6.125
-0.877
-4.539
-2.892
-2.925
-0.192
-3.465
-2.908
-2.705
-3.338
-1.38
-2.781
-4.894
0.857
-1.524
-2.463
-4.912
-5.498
-5.992
-1.167
-1.815
-5.108
-3.165
-5.838
-3.901
-2.915
-2.661
-4.598
-4.116
-4.489
-4.193
0.629
-4.491
-2.185
-4.263
-3.587
-2.457
-4.508
-3.798
-4.605
-1.202
-2.479
-4.809
-2.9
-3.343
-3.159
-1.169
0.479
-3.315
-0.162
-2.232
-0.213
-2.469
-2.436
-0.915
-1.481
-0.3
-2.459
-2.879
-2.216
-4.39
-0.137
-1.812
-2.191
-4.765
-4.511
-6.537
-3.996
-6.502
-3.005
-1.528
-3.246
-4.914
-0.692
-3.606
-4.719
-6.842
-3.198
-5.348
-5.033
-3.045
-4.939
-3.116
-3.099
-4.391
-0.837
-2.002
-0.962
-4.322
-6.175
-1.234
-4.803
-3.562
-1.548
-0.894
-3.948
-1.436
-5.192
-3.462
-5.14
-5.006
-0.579
-3.023
-6.52
-6.444
-6.06
-5.355
-5.128
-4.081
-1.607
-4.555
-2.312
-2.477
-5.618
-6.096
-0.751
-0.491
0.465
-3.47
0.713
-1.865
-3.194
-0.699
-0.891
-4.013
-0.981
-2.965
-4.457
-6.891
-0.823
-4.068
-4.657
-2.285
-3.123
-4.654
-0.25
-4.213
-4.902
-5.419
0.092
-2.924
-3.233
-1.426
-0.888
-1.459
-0.453
-4.212
-1.191
-3.557
0.179
-0.537
-1.32
-4.08
-3.42
-4.928
-1.925
-3.948
-5.144
-5.288
-5.446
-2.82
-0.536
-2.874
-1.51
-4.471
-1.306
-2.622
-7.519
-4.751
-3.634
-4.895
-4.823
-2.512
-7.25
-5.643
-4.961
-7.73
-6.374
-4.403
-6.552
-4.875
-6.117
-7.464
-5.516
-5.247
-7.436
-4.431
-6.317
-4.772
-7.392
-5.968
-10.529
-1.998
-7.712
-6.33
-10.018
-8.558
-5.96
-4.619
-5.68
-5.697
-8.035
-3.596
-4.964
-3.004
-5.719
-4.749
-2.706
-4.685
-2.19
-3.55
-5.342
-4.309
-6.532
-5.554
-6.275
-6.706
-9.072
-4.656
-5.748
-8.947
-5.77
-5.799
-3.069
-4.139
-4.373
-5.607
-6.174
-4.715
-3.382
-3.613
-3.912
-4.417
-5.26
-1.544
-3.968
-3.993
-1.03
-4.77
-7.715
-2.126
-5.862
-0.926
-3.665
-6.804
-4.923
-5.354
-2.394
-4.186
-2.631
-4.294
-4.611
-2.896
-0.12
-2.218
-3.181
-6.594
-5.773
-8.591
-7.685
-5.115
-3.718
-3.361
-6.634
-3.463
-6.584
-4.992
-5.932
-5.051
-5.484
-5.313
-0.85
-5.64
-6.979
-4.745
-5.288
-5.96
-7.606
-5.633
-4.427
-3.314
-2.487
-3.763
-3.348
-5.053
-7.236
-7.748
-4.843
-7.529
-3.276
-5.228
-3.946
-3.547
-4.892
