-656.796
-667.135
-663.721
-621.694
-728.645
-664.5
-593.204
-578.445
-605.96
-604.931
-536.321
-537.836
-651.653
-624.366
-596.844
-598.565
-580.463
-562.225
-599.823
-602.339
-596.791
-579.639
-561.269
-546.844
-526.301
-571.545
-574.924
-522.453
-628.03
-540.458
-523.037
-508.306
-519.602
-494.091
-443.831
-516.923
-545.089
-544.499
-508.712
-464.038
-444.473
-558.425
-526.104
-509.836
-518.492
-484.039
-485.083
-501.297
-529.149
-531.808
-505.837
-501.497
-477.925
-484.506
-549.144
-529.004
-516.928
-479.15
-527.377
-561.146
-553.773
-618.287
-626.809
-614.666
-625.099
-602.534
-639.246
-679.492
-619.372
-593.246
-634.104
-597.766
-613.882
-541.777
-515.598
-518.698
-525.01
-556.74
-519.547
-561.396
-590.052
-628.802
-620.143
-626.155
-650.004
-662.531
-638.756
-610.743
-600.17
-569.974
-594.245
-545.958
-580.417
-606.867
-594.05
-582.803
-597.237
-584.754
-622.067
-501.616
-526.581
-562.854
-569.117
-588.682
-627.518
-607.434
-577.167
-566.277
-582.693
-555.351
-635.867
-640.274
-624.164
-595.069
-568.391
-594.516
-609.29
-596.012
-640.12
-627.069
-625.268
-624.527
-613.846
-552.613
-614.857
-605.96
-561.226
-572.47
-519.361
-569.718
-545.051
-537.155
-523.315
-402.847
-460.039
-509.993
-558.741
-541.581
-545.481
-553.721
-575.063
-502.613
-522.616
-485.062
-503.522
-534.552
-491.258
-539.93
-540.788
-478.45
-494.02
-549.123
-499.666
-505.475
-494.789
-507.605
-499.063
-460.653
-498.834
-464.852
-509.271
-517.922
-561.333
-504.154
-469.912
-487.828
-506.462
-526.044
-561.298
-539.566
-528.983
-469.4
-491.665
-532.653
-539.068
-521.49
-452.082
-542.471
-495.663
-510.309
-573.839
-527.319
-588.419
-545.531
-531.435
-419.103
-520.501
-502.666
-478.681
-568.729
-659.253
-686.868
-644.757
-597.046
-621.194
-618.222
-561.567
-652.293
-688.767
-688.677
-707.561
-684.619
-692.028
-699.308
-683.135
-701.009
-586.017
-589.105
-620.485
-654.616
-605.825
-633.931
-642.61
-705.58
-699.643
-653.226
-688.439
-652.931
-652.755
-697.776
-677.013
-727.872
-689.489
-700.491
-669.629
-666.333
-670.511
-691.306
-622.395
-629.268
-673.102
-558.185
-538.047
-536.668
-527.719
-547.727
-587.005
-600.709
-621.824
-573.923
-559.63
-599.442
-590.135
-575.947
-604.8
-606.595
-659.885
-575.152
-481.278
-624.012
-664.249
-596.484
-561.963
-499.552
-564.016
-471.206
-499.144
-484.435
-473.985
-461.256
-519.322
-513.756
-521.367
-549.808
-548.869
-597.192
-531.599
-520.375
-526.845
-490.879
-457.511
-545.453
-548.589
-497.557
-542.452
-495.544
-480.939
-510.282
-486.317
-457.769
-449.501
-446.499
-492.833
-474.492
-570.752
-555.791
-564.168
-515.232
-529.033
-524.09
-520.721
-527.615
-506.009
-552.019
-517.487
-514.246
-540.846
-566.745
-542.744
-548.371
-513.32
-509.146
-504.505
-503.243
-553.814
-583.774
-498.465
-469.232
-521.444
-505.874
-524.806
-522.062
-519.274
-490.529
-512.142
-479.156
-463.134
-438.438
-438.787
-425.265
-408.637
-442.258
-437.655
-431.162
-489.827
-469.525
-394.327
-420.168
-409.944
-388.872
-473.245
-480.002
-456.37
-397.112
-448.403
-471.494
-474.951
-454.001
-451.497
-455.534
-475.225
-486.189
-552.592
-534.465
-511.424
-528.312
-558.492
-501.8
-544.525
-494.585
-486.252
-451.893
-469.237
-523.763
-420.903
-516.906
-467.464
-517.348
-538.651
-530.303
-512.313
-549.976
-542.588
-598.362
-568.242
-592.593
-616.518
-631.528
-628.823
-609.36
-565.946
-560.941
-591.721
-582.723
-604.914
-606.841
-623.745
-641.761
-626.919
-620.667
-740.441
-617.447
-638.658
-515.85
-591.371
-661.019
-645.401
-581.287
-648.052
-613.869
-653.177
-612.931
-743.33
-694.314
-728.569
-733.71
-694.988
-736.031
-723.545
-733.284
-742.969
-721.623
-746.699
-715.178
-697.879
-742.466
-659.542
-676.435
-718.77
-739.525
-791.913
-803.832
-710.466
-713.387
-685.319
-666.11
-655.056
-670.189
-652.208
-615.269
-639.037
-637.914
-603.39
-605.252
-673.847
-659.611
-678.377
-643.228
-729.607
-692.952
-667.797
-633.452
-631.614
-619.284
-675.125
-638.045
-657.203
-623.1
-629.191
-629.622
-750.862
-726.689
-726.45
-739.288
-726.116
-716.83
-690.658
-720.726
-741.046
-700.449
-733.888
-737.134
-786.707
-750.639
-744.222
-723.476
-737.594
-726.959
-788.747
-765.904
-746.406
-765.06
-671.56
-715.85
-671.09
-644.302
-678.477
-691.982
-633.729
-593.238
-689.883
-675.187
-672.695
-659.647
-713.031
-643.6
-654.108
-632.294
-659.222
-691.03
-689.038
-733.702
-730.652
-707.072
-730.481
-689.862
-702.922
-718.738
-715.688
-697.895
-714.199
-763.193
-632.924
-681.955
-690.289
-599.224
-596.268
-666.454
-608.238
-598.332
-614.953
