-2.423
-2.003
-1.61
-1.83
-1.991
-1.526
-1.505
-1.794
-1.764
-2.393
-2.281
-2.14
-2.347
-2.01
-1.481
-1.93
-2.179
-2.495
-2.341
-1.369
-2.104
-2.371
-1.914
-2.156
-1.846
-1.984
-2.266
-1.681
-1.991
-2.376
-2.075
-1.673
-2.261
-1.797
-1.505
-1.663
-2.039
-1.756
-0.837
-2.006
-2.707
-1.673
-2.189
-1.941
-2.148
-2.745
-2.439
-2.509
-2.133
-2.731
-1.78
-1.941
-2.506
-2.148
-1.847
-2.289
-2.599
-2.77
-2.682
-2.675
-2.807
-2.623
-2.633
-2.837
-2.513
-2.062
-1.137
-2.274
-2.237
-2.269
-1.815
-2.658
-2.587
-2.869
-2.788
-2.365
-2.29
-2.104
-2.248
-2.121
-2.12
-1.604
-1.815
-1.431
-1.637
-1.685
-2.277
-2.185
-2.367
-2.245
-1.904
-2.358
-2.182
-1.986
-2.438
-2.126
-1.953
-2.028
-2.276
-1.709
-2.171
-2.357
-2.267
-2.36
-2.318
-2.333
-1.638
-2.021
-2.501
-2.633
-2.626
-2.48
-2.727
-1.88
-2.054
-2.331
-1.45
-1.332
-1.944
-2.169
-2.984
-3.066
-2.311
-1.443
-2.143
-2.678
-1.699
-2.653
-1.264
-2.208
-2.55
-2.03
-2.938
-1.942
-2.273
-2.277
-1.994
-2.796
-1.784
-1.946
-2.112
-2.102
-2.362
-2.492
-2.195
-2.395
-2.078
-2.295
-1.787
-2.787
-1.931
-2.742
-2.626
-3.092
-2.016
-2.648
-3.003
-2.506
-2.352
-2.159
-1.595
-2.735
-3.008
-3.642
-2.904
-2.531
-2.967
-2.213
-2.342
-2.228
-2.021
-1.186
-1.425
-1.114
-1.429
-1.216
-1.598
-1.705
-1.994
-2.169
-1.673
-2.446
-1.955
-1.349
-1.849
-0.969
-1.535
-0.97
-1.029
-1.768
-2.265
-1.238
-1.46
-1.516
-1.484
-1.333
-2.108
-2.062
-1.704
-1.227
-1.977
-2.026
-1.858
-2.272
-2.675
-1.992
-1.663
-1.787
-2.406
-1.411
-1.382
-2.549
-1.493
-1.2
-1.524
-1.813
-1.941
-2.063
-1.999
-2.155
-1.665
-2.567
-2.357
-1.901
-0.974
-2.049
-1.773
-2.048
-1.119
-3.021
-1.282
-1.602
-1.24
-0.862
-1.356
-1.203
-0.915
-1.265
-1.662
-2.159
-2.248
-1.801
-1.819
-2.352
-1.098
-1.737
-2.345
-0.935
-1.158
-2.03
-2.089
-1.522
-1.144
-2.201
-1.995
-1.975
-2.319
-1.756
-1.562
-1.637
-1.68
-2.075
-2.288
-1.856
-2.115
-1.792
-2.2
-2.132
-2.085
-2.591
-2.212
-1.414
-1.926
-1.969
-1.952
-1.986
-1.367
-1.532
-1.869
-0.93
-1.169
-1.483
-1.147
-1.872
-1.352
-1.476
-1.497
-1.389
-1.008
-1.346
-1.755
-1.768
-1.157
-1.428
-0.983
-1.279
-1.202
-1.687
-1.973
-1.157
-1.408
-0.929
-1.088
-1.871
-1.687
-0.649
-1.018
-1.191
-1.208
-0.566
-1.064
-0.907
-1.035
-1.487
-0.783
-1.348
-0.266
-1.72
-1.802
-0.951
-2.169
-1.971
-0.612
-1.532
-1.896
-1.648
-1.73
-1.581
-1.657
-1.272
-1.977
-1.807
-1.98
-0.998
-1.459
-2.053
-1.288
-1.303
-1.608
-1.526
-2.384
-1.012
-1.559
-1.781
-1.5
-1.469
-1.499
-1.334
-1.492
-1.703
-1.668
-1.353
-1.621
-0.836
-1.441
-1.068
-1.042
-1.262
-0.961
-1.294
-1.395
-1.955
-1.122
-1.525
-1.452
-0.547
-2.159
-1.321
-1.834
-1.312
-1.008
-1.212
-1.247
-0.55
-1.097
-0.393
-0.95
-0.416
-1.092
-0.816
-1.243
-0.779
-1.145
-0.52
-0.602
-0.119
-0.44
-0.779
-1.622
-1.234
-1.072
-0.906
-0.9
-0.442
-1.042
-1.194
-0.791
-1.452
-0.608
-1.045
-1.316
-0.939
-1.243
-1.139
-1.358
-0.939
-1.678
-1.609
-1.497
-0.869
-1.485
-0.525
-1.0
-0.887
0.316
-1.081
-1.317
-1.937
-1.797
-1.299
-1.077
-1.224
-1.874
-0.802
-1.259
-1.109
-0.417
-0.583
-1.468
-1.347
-0.66
-1.246
-0.827
-1.043
-1.656
-1.111
-1.046
-1.487
-1.057
-1.305
-0.726
-0.885
-0.948
-1.583
-1.01
-0.229
-0.624
-0.939
0.237
-1.119
-0.427
-0.942
-0.662
-1.397
-1.231
-1.383
-1.314
-2.065
-0.904
-0.655
-0.925
-0.938
-1.226
-1.003
-1.279
-1.494
-0.745
-1.191
-1.032
-0.527
-1.084
-1.468
-0.911
-1.749
-1.24
-1.12
-1.965
0.098
-1.653
-0.674
-1.162
-0.206
-0.603
-0.487
-1.088
-1.081
-0.703
-1.071
-0.813
-1.59
-1.318
-1.331
-1.346
-1.084
-0.972
-1.249
-0.946
-0.905
-1.361
-1.8
-1.435
