-1.037
-3.72
-1.79
-3.041
-2.885
-0.032
-3.014
-2.741
-1.133
-2.092
-2.924
-2.207
-5.319
-5.298
-3.916
-1.657
-1.568
-2.233
-3.33
-1.422
-3.12
-2.454
-1.333
-3.492
-7.131
-5.837
-2.176
-2.444
-2.696
-1.403
-3.437
-4.003
-5.726
-7.551
-7.825
-8.6
-6.67
-5.161
-4.817
-3.743
-2.469
-1.755
-4.755
-2.196
-2.993
-5.904
-3.39
-4.122
-5.448
-8.019
-6.744
-4.952
-5.858
-6.685
-4.935
-5.187
-8.75
-4.102
-4.505
-2.131
-5.075
-6.013
-2.75
-1.555
-2.036
-3.776
-3.373
-4.213
-7.04
-8.173
-2.235
-0.261
-3.32
-8.171
-3.517
-8.091
-9.895
-7.24
-8.428
-8.332
-7.708
-7.064
-8.718
-5.922
-5.058
-2.684
-6.3
-3.365
-4.194
-4.91
-5.678
-4.379
-4.785
-5.981
-1.772
-3.884
-4.948
-5.383
-3.91
-6.142
-4.251
-4.957
-3.718
-3.407
-5.749
-4.402
-0.685
-4.124
-3.466
-4.353
-3.224
-3.163
-3.587
-5.378
-6.767
-4.173
-3.13
-3.384
-3.845
-4.373
-4.196
-6.167
-4.596
-2.195
-4.451
-5.433
-6.191
-6.737
-5.61
-5.391
-4.764
-6.634
-6.977
-9.364
-4.272
-0.093
-0.174
-6.022
-5.473
-6.941
-6.72
-8.912
-6.339
-7.732
-5.2
-5.505
-7.847
-7.953
-7.596
-5.008
-7.451
-6.792
-7.942
-6.244
-5.095
-6.114
-6.137
-3.824
-5.213
-1.822
-4.663
-3.715
-7.665
-7.733
-5.389
-8.22
-8.783
-5.529
-5.052
-5.332
-7.16
-2.487
-4.704
-5.972
-8.651
-5.292
-2.841
-8.857
-8.094
-4.856
-8.741
-10.089
-4.748
-7.824
-6.384
-5.553
-4.617
-4.258
-0.198
-8.369
-5.824
-4.926
-2.931
-5.773
-7.89
-0.186
-1.711
-4.209
-2.937
-5.428
-2.213
-2.376
-3.924
-5.864
-3.44
-3.42
-7.175
-4.285
-2.78
-5.316
-1.22
-3.096
-2.169
-5.057
-3.979
-2.953
-6.681
-5.126
-3.825
-4.082
-5.855
-7.308
-4.883
-3.794
-2.98
-1.768
-5.499
-4.695
-0.941
-7.369
-2.503
1.682
0.322
-1.683
-0.987
-2.716
2.29
-2.163
-4.427
-2.834
-7.721
-4.327
-5.048
-3.887
-3.558
-3.399
1.149
-1.748
-0.718
0.112
-3.223
0.074
-2.225
-3.537
-3.236
-2.965
-1.17
-0.717
-3.0
-3.026
0.954
-1.824
-5.26
1.219
-2.4
-0.098
-3.786
-2.788
-2.671
-5.3
-7.224
-3.512
-2.504
-2.461
-1.506
-4.758
-3.682
-1.902
1.075
-0.408
3.029
-2.755
-3.42
-4.209
-3.523
-5.295
-1.416
-1.829
-3.796
-3.063
-4.266
-1.526
-5.882
-2.792
-1.697
-0.961
-4.208
-3.978
-4.536
-4.283
-3.541
-1.927
-2.069
-2.227
-3.148
-3.818
-3.301
-5.414
-4.613
-2.485
0.852
-7.822
-2.917
-6.018
-2.096
-4.212
-5.719
-5.435
-3.205
-4.23
-0.554
-7.939
-6.273
-5.558
-3.251
-4.022
-4.291
-4.591
-5.219
-4.476
-5.543
-6.293
-6.331
-4.03
-4.257
-4.296
-3.32
-5.003
-2.3
-4.177
-2.73
-3.542
-6.395
-5.965
-5.328
-4.981
-3.833
-2.736
-2.543
-3.573
-2.106
-1.699
-3.071
-5.685
-3.209
-4.735
-3.907
-0.481
-6.894
-2.967
-4.883
-5.105
-1.68
-2.837
-3.543
-3.74
-2.537
-4.381
-2.473
-4.13
-0.789
-2.593
-2.961
0.368
-2.826
-3.647
-3.263
-2.134
-3.268
-1.71
-4.212
-2.371
-6.071
-2.202
-3.063
-2.707
-5.205
-3.883
-5.998
-1.357
-6.121
-3.162
-5.441
-3.077
-3.857
-5.639
-5.323
-4.256
-5.428
-5.95
-4.429
-3.282
-4.532
-4.631
-4.121
-4.659
-3.116
-6.496
-2.924
-1.012
-1.435
-5.517
-4.492
-0.011
-3.594
-3.485
-2.513
-3.518
-4.397
-2.288
-2.154
-3.567
-5.199
-3.385
-1.526
-3.753
-1.585
-1.531
-3.104
-5.342
-3.443
-4.941
-0.466
-3.282
-2.471
-6.442
-2.043
-1.307
-2.827
-3.314
-5.04
-4.66
-6.48
-5.786
-2.974
-3.232
-6.129
-4.924
-1.762
-2.405
-2.303
-5.145
-2.349
-4.459
-1.499
-4.296
-4.243
-4.235
-6.473
-5.838
-5.505
-5.176
-3.407
-5.817
-4.92
-1.926
-5.958
-3.147
-4.349
-0.816
-2.627
-4.09
-2.2
-2.652
-3.775
-2.593
-1.546
-5.451
-3.943
-3.722
-4.756
-3.971
-1.984
-4.326
-1.256
-2.452
-3.415
-6.293
-5.883
-2.837
-3.872
-2.518
-1.87
-2.119
-1.751
-5.522
-5.34
-1.198
-2.193
-3.736
-3.29
