-467.577
-451.743
-477.352
-439.643
-478.597
-481.655
-473.005
-453.423
-491.558
-432.529
-442.279
-456.225
-484.839
-500.994
-460.157
-445.58
-462.183
-415.583
-432.785
-473.746
-487.452
-538.629
-508.822
-528.421
-543.261
-544.05
-521.416
-504.796
-475.193
-479.644
-537.412
-435.024
-508.092
-485.792
-469.473
-489.599
-443.363
-467.206
-458.446
-463.938
-424.743
-461.829
-456.185
-462.019
-503.047
-473.682
-484.37
-475.194
-477.224
-508.863
-468.979
-478.497
-493.626
-493.817
-467.607
-501.16
-512.702
-506.781
-477.097
-501.106
-529.124
-523.434
-530.461
-497.559
-511.702
-507.439
-480.823
-524.105
-490.032
-520.683
-497.808
-463.262
-474.358
-501.347
-517.815
-521.307
-500.766
-529.623
-541.665
-578.82
-542.662
-524.959
-523.715
-512.093
-498.028
-507.466
-518.534
-484.682
-476.939
-491.042
-500.338
-493.552
-527.329
-509.98
-505.812
-487.204
-516.923
-500.387
-504.417
-512.381
-451.608
-491.657
-488.419
-506.587
-486.46
-498.394
-495.254
-464.865
-504.634
-496.293
-470.421
-516.045
-479.67
-521.151
-474.402
-545.129
-518.097
-548.466
-550.911
-541.817
-502.223
-542.105
-513.895
-454.206
-515.527
-487.26
-511.207
-577.517
-555.811
-485.97
-467.898
-501.17
-530.611
-500.734
-515.561
-493.129
-516.13
-540.517
-513.701
-508.445
-488.786
-536.467
-540.487
-541.472
-522.892
-517.863
-505.282
-483.86
-512.921
-501.581
-498.026
-488.063
-484.567
-475.768
-506.238
-484.147
-462.047
-481.679
-520.858
-509.509
-549.789
-548.861
-443.33
-498.579
-499.598
-505.416
-489.02
-498.158
-501.095
-492.171
-506.943
-456.736
-492.558
-514.401
-521.562
-482.506
-501.68
-471.305
-530.645
-486.428
-485.165
-484.656
-500.267
-480.537
-456.386
-489.801
-462.918
-478.86
-452.61
-499.454
-411.28
-459.833
-453.401
-495.131
-465.035
-464.766
-413.936
-438.941
-420.727
-436.595
-455.791
-439.143
-407.693
-474.602
-439.205
-475.551
-444.397
-462.476
-459.279
-436.882
-501.883
-485.246
-422.741
-461.473
-467.267
-476.702
-491.498
-451.77
-466.507
-462.464
-458.275
-472.69
-463.888
-486.852
-498.099
-471.154
-482.868
-496.06
-485.04
-490.827
-494.53
-473.619
-454.018
-448.174
-428.772
-428.575
-415.109
-432.116
-415.013
-445.818
-398.84
-433.143
-406.489
-417.123
-432.404
-432.73
-442.508
-436.493
-426.215
-411.786
-420.14
-408.932
-440.262
-446.437
-457.223
-423.545
-425.343
-423.192
-451.13
-444.685
-456.803
-462.223
-456.465
-492.268
-449.622
-432.525
-434.273
-444.141
-419.071
-459.077
-425.309
-403.824
-464.872
-444.955
-441.479
-424.672
-398.691
-422.953
-422.129
-422.606
-434.534
-414.265
-445.058
-453.636
-447.177
-438.684
-396.325
-446.757
-381.392
-425.478
-428.632
-441.398
-434.117
-404.619
-440.9
-439.656
-424.05
-432.348
-404.374
-408.16
-434.066
-454.568
-460.985
-402.112
-435.589
-417.377
-410.517
-404.141
-432.563
-415.64
-412.611
-401.4
-428.065
-408.612
-410.014
-436.48
-440.914
-423.469
-467.294
-456.762
-455.286
-430.481
-403.295
-358.315
-454.42
-421.325
-425.066
-422.196
-403.982
-450.677
-458.34
-447.697
-425.49
-379.988
-431.367
-430.31
-408.003
-385.327
-413.95
-428.67
-429.315
-425.738
-411.151
-428.32
-435.465
-443.834
-425.655
-434.495
-451.218
-423.319
-419.333
-405.908
-433.741
-389.855
-440.116
-366.058
-397.097
-379.743
-418.231
-403.389
-397.342
-420.053
-431.107
-429.514
-432.023
-384.018
-415.822
-391.38
-414.418
-422.555
-403.666
-408.071
-418.542
-347.889
-423.184
-376.298
-404.953
-396.815
-358.913
-383.367
-382.097
-353.547
-375.477
-327.433
-336.493
-374.681
-370.214
-367.272
-380.501
-331.474
-358.534
-364.633
-339.303
-407.79
-379.627
-410.673
-368.788
-382.041
-322.581
-367.218
-344.625
-327.567
-324.885
-345.873
-339.839
-340.833
-343.978
-427.479
-419.045
-374.629
-444.76
-406.943
-403.355
-361.092
-427.404
-399.616
-425.7
-418.679
-414.993
-401.746
-412.633
-397.341
-381.037
-328.076
-356.989
-359.806
-355.009
-406.177
-346.101
-351.136
-354.116
-411.659
-359.583
-411.846
-409.118
-371.461
-406.308
-343.268
-356.863
-380.104
-398.833
-419.763
-400.681
-408.957
-350.521
-408.671
-424.818
-407.639
-396.997
-391.106
-366.342
-380.198
-376.498
-384.941
-388.73
-382.834
-406.428
-403.014
-460.449
-494.392
-413.24
-408.367
-421.854
-373.635
-396.938
-380.837
-399.554
-418.127
-381.584
-386.729
-399.703
-363.463
-330.627
-387.994
-361.531
-370.556
-363.578
-341.228
-333.715
-358.577
-307.509
-311.347
-313.117
-321.972
-332.25
-322.723
-282.185
-330.546
-364.626
-391.731
-354.997
-330.335
-356.819
-368.609
-402.067
-350.438
-353.78
-382.196
-431.133
-423.341
-388.933
