-0.159
-0.308
-0.134
-0.15
-0.162
-0.199
-0.12
-0.17
-0.155
-0.186
-0.229
-0.162
-0.081
-0.26
-0.164
-0.147
-0.151
-0.06
-0.158
-0.101
-0.09
-0.191
-0.154
-0.077
-0.239
-0.084
-0.131
-0.033
-0.151
-0.116
0.043
-0.128
-0.133
-0.147
-0.181
-0.141
-0.048
-0.079
-0.156
-0.11
-0.004
-0.035
-0.196
-0.058
-0.078
-0.134
-0.135
-0.144
-0.079
-0.082
-0.117
-0.085
-0.208
-0.152
-0.037
-0.03
-0.106
-0.102
-0.155
-0.186
-0.134
-0.185
-0.071
-0.192
-0.205
-0.186
-0.006
-0.071
-0.187
0.015
-0.184
-0.238
-0.19
-0.203
-0.191
-0.244
-0.153
-0.188
-0.161
-0.115
-0.125
-0.307
-0.123
-0.24
-0.17
-0.117
-0.184
-0.2
-0.224
-0.202
-0.177
-0.289
-0.112
-0.182
-0.152
-0.167
-0.03
-0.158
-0.075
0.018
-0.182
-0.128
-0.203
-0.147
-0.117
-0.185
-0.115
-0.053
-0.187
-0.189
-0.23
-0.156
-0.145
-0.18
-0.249
-0.204
-0.082
-0.146
-0.193
-0.203
-0.197
-0.278
-0.211
-0.186
-0.266
-0.155
-0.303
-0.21
-0.193
-0.224
-0.118
-0.239
-0.12
-0.18
-0.158
-0.152
-0.228
-0.104
-0.155
-0.199
-0.101
-0.073
-0.06
-0.103
-0.057
-0.106
-0.147
-0.086
-0.089
-0.114
-0.234
-0.145
-0.189
-0.092
-0.291
-0.28
-0.202
-0.239
-0.294
-0.239
-0.102
-0.187
-0.063
-0.234
-0.215
-0.129
-0.133
-0.112
-0.072
-0.225
-0.199
-0.182
-0.216
-0.068
-0.163
-0.157
-0.14
-0.051
-0.225
-0.19
-0.116
-0.082
-0.027
-0.293
-0.212
-0.207
-0.166
-0.165
-0.173
-0.189
-0.163
-0.14
-0.084
-0.184
-0.12
-0.228
-0.066
-0.142
-0.048
-0.206
-0.114
-0.236
-0.18
-0.242
-0.29
-0.052
-0.211
-0.244
-0.175
-0.118
-0.132
-0.205
-0.106
-0.305
-0.087
-0.263
-0.196
-0.285
-0.276
-0.224
-0.23
-0.257
-0.225
-0.169
-0.231
-0.287
-0.279
-0.174
-0.257
-0.308
-0.26
-0.299
-0.354
-0.247
-0.295
-0.246
-0.203
-0.344
-0.168
-0.227
-0.27
-0.234
-0.307
-0.267
-0.352
-0.244
-0.261
-0.304
-0.29
-0.413
-0.427
-0.276
-0.252
-0.291
-0.263
-0.346
-0.26
-0.202
-0.219
-0.29
-0.215
-0.236
-0.265
-0.181
-0.283
-0.299
-0.235
-0.333
-0.231
-0.272
-0.258
-0.358
-0.316
-0.253
-0.249
-0.285
-0.258
-0.247
-0.24
-0.241
-0.202
-0.315
-0.111
-0.286
-0.19
-0.234
-0.199
-0.161
-0.106
-0.249
-0.198
-0.267
-0.243
-0.245
-0.219
-0.226
-0.163
-0.24
-0.198
-0.19
-0.238
-0.222
-0.348
-0.2
-0.271
-0.283
-0.163
-0.181
-0.216
-0.217
-0.207
-0.236
-0.321
-0.266
-0.218
-0.203
-0.321
-0.312
-0.195
-0.205
-0.249
-0.179
-0.181
-0.236
-0.211
-0.09
-0.239
-0.172
-0.286
-0.227
-0.186
-0.281
-0.193
-0.209
-0.239
-0.155
-0.2
-0.154
-0.296
-0.3
-0.201
-0.218
-0.21
-0.264
-0.171
-0.257
-0.154
-0.19
-0.153
-0.214
-0.098
-0.212
-0.184
-0.113
-0.171
-0.169
-0.256
-0.182
-0.163
-0.202
-0.171
-0.252
-0.211
-0.331
-0.244
-0.198
-0.166
-0.236
-0.249
-0.238
-0.08
-0.237
-0.246
-0.224
-0.303
-0.221
-0.262
-0.229
-0.293
-0.198
-0.221
-0.192
-0.222
-0.129
-0.187
-0.214
-0.167
-0.159
-0.222
-0.159
-0.249
-0.2
-0.114
-0.182
-0.115
-0.168
-0.27
-0.257
-0.117
-0.289
-0.134
-0.173
-0.25
-0.194
-0.185
-0.183
-0.118
-0.196
-0.144
-0.152
-0.26
-0.148
-0.238
-0.329
-0.193
-0.19
-0.261
-0.137
-0.301
-0.21
-0.274
-0.247
-0.193
-0.207
-0.152
-0.184
-0.075
-0.221
-0.281
-0.118
-0.162
-0.174
-0.232
-0.236
-0.222
-0.204
-0.194
-0.204
-0.174
-0.271
-0.123
-0.219
-0.166
-0.167
-0.152
-0.183
-0.172
-0.179
-0.172
-0.187
-0.212
-0.152
-0.212
-0.094
-0.206
-0.15
-0.168
-0.255
-0.286
-0.147
-0.147
-0.225
-0.229
-0.174
-0.214
-0.179
-0.189
-0.057
-0.121
-0.133
-0.177
-0.115
-0.084
-0.12
-0.239
-0.176
-0.173
-0.233
-0.15
-0.156
-0.201
-0.193
-0.108
-0.178
-0.193
-0.154
-0.196
-0.208
-0.125
-0.17
-0.072
-0.139
-0.156
-0.14
-0.182
-0.084
-0.121
-0.3
-0.209
-0.187
-0.253
