-79.07
-68.08
-75.13
-74.15
-71.46
-71.55
-75.34
-76.92
-77.95
-75.65
-71.45
-70.72
-71.6
-77.65
-70.09
-72.46
-73.73
-68.15
-71.44
-78.94
-71.93
-76.82
-79.52
-78.53
-76.44
-79.15
-80.52
-83.7
-78.17
-75.01
-87.48
-73.42
-85.03
-68.76
-71.3
-83.82
-73.4
-81.17
-68.01
-73.86
-76.84
-75.31
-70.54
-73.8
-78.74
-73.29
-69.71
-73.81
-71.82
-75.14
-67.49
-70.8
-78.98
-69.81
-76.5
-79.17
-70.26
-75.68
-74.49
-70.52
-78.37
-64.44
-82.96
-72.59
-75.62
-73.31
-71.15
-79.63
-77.49
-76.93
-74.16
-78.79
-76.07
-66.68
-77.84
-68.37
-75.37
-74.85
-83.81
-76.21
-86.02
-77.67
-64.75
-68.0
-70.83
-73.23
-69.52
-81.3
-68.24
-79.7
-71.96
-66.22
-77.9
-67.48
-73.46
-68.87
-80.66
-78.47
-73.45
-72.97
-75.1
-74.02
-72.96
-76.42
-60.9
-78.14
-74.21
-73.71
-69.04
-75.87
-75.54
-73.96
-71.74
-77.76
-80.0
-82.38
-74.84
-82.58
-72.42
-84.66
-72.97
-68.23
-80.14
-76.73
-79.12
-75.72
-75.96
-79.57
-75.84
-66.03
-75.56
-74.07
-75.56
-72.0
-75.95
-85.59
-81.57
-83.19
-80.23
-77.99
-77.8
-82.81
-78.96
-82.41
-86.0
-78.9
-77.43
-77.27
-72.56
-70.46
-73.04
-77.78
-81.15
-85.01
-75.4
-68.84
-69.78
-76.8
-82.35
-76.82
-77.39
-76.26
-77.15
-74.06
-78.76
-80.02
-72.34
-67.91
-73.91
-76.59
-69.33
-71.4
-67.25
-68.48
-78.92
-63.44
-59.28
-73.95
-75.81
-76.94
-74.32
-70.65
-65.58
-74.68
-68.04
-66.83
-75.17
-68.52
-74.9
-59.18
-62.13
-67.49
-64.38
-61.28
-61.37
-66.99
-63.22
-62.34
-54.92
-58.04
-61.01
-66.51
-60.58
-63.57
-63.05
-69.95
-66.64
-63.2
-68.91
-70.08
-70.79
-71.0
-62.44
-65.24
-68.31
-58.53
-65.83
-68.44
-63.03
-69.62
-73.19
-60.66
-57.65
-58.74
-58.04
-69.33
-55.91
-65.82
-66.21
-68.12
-62.09
-59.19
-55.07
-65.5
-64.14
-62.38
-50.66
-60.35
-55.1
-60.57
-54.97
-65.64
-58.99
-55.81
-45.4
-47.95
-49.24
-51.74
-49.01
-60.42
-56.08
-56.92
-60.47
-52.3
-62.1
-52.02
-59.73
-59.18
-58.96
-59.49
-61.2
-65.37
-65.3
-64.1
-65.43
-62.38
-62.6
-58.55
-67.5
-68.06
-67.44
-61.91
-65.11
-56.45
-65.17
-59.47
-63.31
-63.05
-64.14
-61.95
-61.54
-53.15
-55.77
-65.06
-55.8
-65.33
-42.67
-52.84
-60.61
-53.48
-63.17
-59.66
-51.85
-61.8
-57.51
-64.63
-66.45
-60.47
-65.88
-57.07
-64.81
-62.61
-54.4
-59.0
-60.33
-54.19
-46.19
-47.87
-42.08
-51.79
-57.87
-52.04
-50.03
-54.04
-47.84
-53.0
-53.89
-57.78
-51.05
-52.96
-61.78
-52.84
-52.84
-57.94
-65.6
-50.91
-64.89
-53.42
-46.42
-54.98
-51.66
-59.04
-59.12
-49.11
-49.13
-46.96
-49.24
-46.35
-54.34
-59.0
-56.27
-49.85
-50.41
-54.1
-45.67
-45.79
-51.69
-56.89
-47.2
-52.03
-47.25
-52.79
-50.61
-52.5
-52.14
-46.58
-51.81
-48.23
-50.64
-56.12
-49.31
-55.21
-58.15
-52.87
-50.79
-60.42
-63.41
-54.83
-56.92
-63.76
-50.55
-55.41
-57.75
-50.67
-46.28
-45.13
-55.83
-46.43
-52.04
-43.66
-46.62
-45.35
-41.46
-46.05
-43.03
-47.45
-43.5
-43.55
-43.14
-36.88
-48.46
-40.54
-41.67
-37.88
-44.66
-48.46
-45.37
-47.47
-40.97
-41.15
-47.87
-46.02
-47.5
-46.4
-48.97
-42.8
-44.48
-49.99
-54.51
-40.53
-54.7
-49.37
-42.61
-50.66
-41.22
-48.37
-45.95
-45.47
-51.11
-47.63
-48.71
-47.54
-54.39
-40.57
-47.86
-50.68
-35.17
-48.08
-52.81
-49.06
-46.51
-49.36
-53.09
-44.25
-57.38
-53.09
-44.7
-50.58
-44.55
-41.95
-43.92
-51.92
-50.25
-43.74
-47.93
-48.93
-48.96
-44.45
-48.52
-37.21
-42.04
-45.12
-39.43
-38.92
-52.91
-46.16
-41.76
-56.17
-52.77
-51.73
-53.85
-51.09
-45.21
-53.73
-50.19
-44.2
-52.32
-52.22
-55.9
-50.83
-55.42
-52.74
-47.59
-55.06
-50.59
-50.12
-43.01
-36.62
-50.99
-46.78
-45.17
-41.95
-41.04
-38.21
-49.29
-42.85
-44.08
-48.24
-49.9
-53.2
-46.12
-50.82
-46.58
-44.28
-37.94
-41.62
-55.15
-49.78
-59.07
-57.61
-52.2
