-284.8
-271.17
-293.568
-253.001
-308.837
-333.692
-278.614
-304.757
-274.819
-283.223
-297.409
-294.364
-274.052
-290.528
-349.934
-282.357
-302.778
-249.238
-312.05
-285.354
-243.793
-298.582
-359.32
-354.997
-274.846
-321.894
-306.545
-269.219
-295.769
-311.414
-426.721
-307.013
-352.942
-308.863
-316.246
-340.45
-317.051
-314.639
-320.843
-341.913
-309.638
-327.87
-313.06
-314.244
-340.328
-327.935
-297.907
-308.362
-320.405
-283.452
-353.434
-327.264
-315.578
-336.31
-338.423
-322.724
-343.928
-342.122
-298.456
-321.245
-368.713
-327.921
-351.553
-358.02
-343.511
-349.648
-347.016
-411.823
-381.463
-362.47
-338.791
-304.901
-320.742
-345.27
-378.21
-368.811
-349.483
-371.602
-405.258
-438.753
-445.611
-387.86
-401.168
-324.72
-391.244
-339.145
-375.154
-312.359
-321.075
-381.253
-349.168
-328.433
-399.509
-341.614
-351.188
-347.704
-363.03
-373.449
-376.561
-345.193
-274.248
-307.207
-338.043
-353.431
-367.877
-302.827
-335.937
-317.95
-354.734
-386.77
-351.128
-326.612
-296.88
-338.175
-261.536
-382.036
-333.614
-382.156
-377.954
-344.544
-288.36
-342.532
-314.88
-263.568
-270.246
-249.175
-295.315
-369.125
-363.177
-293.408
-305.534
-305.882
-340.492
-311.29
-330.901
-276.488
-348.258
-367.253
-347.492
-378.941
-347.234
-347.401
-333.605
-396.053
-386.741
-372.601
-376.243
-353.301
-365.39
-393.899
-363.159
-344.114
-365.73
-344.387
-350.526
-332.056
-329.899
-373.27
-364.789
-360.625
-439.641
-419.755
-306.019
-338.111
-373.688
-368.427
-321.255
-343.496
-375.827
-357.061
-354.352
-318.862
-341.693
-344.149
-368.014
-363.196
-358.435
-319.03
-385.347
-327.753
-344.347
-349.547
-327.496
-325.285
-293.45
-338.154
-333.863
-306.602
-325.876
-287.042
-252.309
-232.544
-266.035
-290.627
-288.134
-276.421
-270.239
-261.579
-217.85
-243.765
-267.498
-250.17
-243.328
-355.536
-319.413
-320.675
-329.855
-316.337
-311.226
-319.595
-343.877
-350.527
-292.501
-326.013
-326.495
-315.899
-338.681
-294.053
-337.87
-329.432
-344.581
-356.552
-326.53
-332.606
-322.38
-313.26
-331.831
-336.014
-359.018
-307.861
-343.86
-283.763
-248.358
-234.122
-292.35
-273.653
-252.935
-258.089
-259.388
-248.204
-202.16
-295.722
-248.175
-232.451
-228.977
-201.005
-251.695
-245.279
-280.637
-270.704
-267.978
-273.12
-316.612
-263.853
-278.566
-257.057
-247.51
-269.411
-264.989
-290.739
-252.777
-306.891
-287.227
-325.453
-281.379
-268.585
-277.268
-254.594
-272.689
-286.954
-280.473
-222.95
-302.149
-289.417
-295.429
-273.227
-267.632
-253.969
-270.449
-236.127
-261.504
-253.443
-285.935
-259.676
-240.218
-246.067
-243.453
-243.723
-248.388
-279.456
-250.323
-293.215
-286.966
-230.413
-273.884
-263.921
-254.405
-249.471
-260.382
-227.088
-268.78
-265.781
-231.877
-205.337
-248.55
-231.213
-208.679
-242.083
-206.049
-213.988
-194.14
-242.148
-216.216
-274.466
-208.762
-197.189
-224.765
-256.201
-237.271
-228.531
-269.87
-265.451
-201.82
-247.698
-280.025
-219.222
-176.092
-230.037
-238.348
-310.319
-268.99
-275.019
-269.211
-228.348
-234.267
-247.074
-210.39
-225.014
-264.543
-245.819
-223.515
-264.997
-219.261
-240.324
-253.853
-261.459
-243.463
-260.729
-276.048
-257.257
-234.228
-217.939
-259.186
-238.223
-253.964
-190.368
-237.438
-195.019
-246.03
-236.966
-214.998
-256.469
-243.093
-273.086
-253.292
-255.849
-253.026
-219.49
-292.601
-330.125
-264.616
-305.298
-302.753
-240.973
-331.606
-295.361
-307.379
-286.381
-230.259
-236.463
-262.364
-217.69
-214.693
-183.449
-190.528
-230.12
-237.518
-195.987
-265.148
-206.675
-220.685
-222.774
-187.958
-234.735
-211.273
-232.279
-233.243
-195.398
-183.367
-203.994
-162.85
-170.322
-213.119
-164.626
-185.132
-208.657
-192.443
-318.532
-323.268
-239.726
-287.505
-311.298
-278.114
-221.435
-296.721
-278.441
-310.559
-267.229
-289.499
-253.63
-240.246
-293.475
-262.929
-176.622
-235.129
-234.351
-205.677
-225.446
-207.004
-211.837
-237.063
-291.09
-213.092
-255.794
-278.501
-225.867
-239.21
-195.298
-191.855
-238.073
-250.295
-280.594
-248.724
-241.222
-255.792
-297.851
-281.983
-269.541
-228.761
-241.568
-229.084
-236.946
-224.365
-170.696
-195.922
-218.63
-256.65
-261.783
-274.088
-323.377
-219.696
-267.045
-250.833
-233.703
-242.391
-218.631
-225.121
-246.481
-241.147
-233.832
-228.788
-190.802
-187.409
-208.548
-216.67
-196.744
-222.722
-181.493
-197.063
-215.548
-171.055
-176.33
-191.32
-188.832
-196.555
-181.325
-150.404
-194.094
-264.005
-258.212
-203.22
-168.836
-225.154
-217.975
-231.271
-200.737
-259.926
-273.147
-318.701
-300.172
-234.006
