-24.483
-20.322
-20.69
-19.813
-25.036
-22.928
-19.455
-25.035
-18.008
-31.499
-23.619
-19.985
-27.295
-20.343
-23.498
-19.946
-25.851
-19.667
-16.492
-21.594
-20.208
-19.936
-21.234
-22.364
-24.659
-23.792
-24.437
-27.728
-28.38
-20.381
-24.753
-21.007
-25.807
-25.862
-23.948
-24.474
-24.934
-25.136
-20.313
-23.228
-23.198
-29.464
-21.606
-25.812
-26.968
-21.55
-18.34
-25.937
-18.434
-20.806
-19.415
-24.701
-24.568
-18.896
-21.146
-23.043
-24.016
-19.273
-24.498
-23.363
-23.295
-21.278
-22.771
-21.781
-22.097
-26.171
-23.831
-20.929
-19.94
-25.409
-21.636
-23.17
-24.016
-21.779
-20.793
-22.616
-21.015
-26.611
-26.667
-21.039
-22.528
-25.306
-18.248
-21.897
-23.035
-25.521
-20.76
-27.891
-23.642
-25.783
-20.774
-23.807
-23.258
-19.852
-22.101
-16.669
-23.052
-25.489
-17.178
-23.376
-19.247
-22.29
-24.345
-28.12
-22.167
-19.16
-22.637
-18.14
-21.788
-26.735
-22.384
-21.706
-21.109
-19.016
-23.198
-25.992
-26.133
-25.994
-23.632
-31.786
-21.645
-23.178
-24.435
-18.433
-21.37
-24.414
-18.455
-27.779
-17.609
-20.068
-23.412
-19.775
-25.101
-22.137
-21.498
-24.163
-20.08
-22.684
-19.259
-18.677
-18.262
-24.629
-24.956
-21.214
-19.268
-20.921
-23.267
-24.339
-19.635
-18.915
-20.256
-24.169
-20.941
-21.612
-20.429
-25.566
-20.543
-22.904
-20.412
-20.694
-19.779
-22.949
-20.904
-19.305
-24.824
-22.003
-21.452
-18.47
-27.599
-19.902
-27.243
-25.209
-19.744
-19.471
-25.942
-20.454
-24.102
-24.997
-22.575
-25.098
-16.945
-22.838
-21.0
-19.552
-24.788
-23.551
-19.029
-20.804
-23.249
-23.494
-21.424
-20.036
-16.325
-14.195
-21.306
-22.511
-23.831
-20.497
-20.499
-20.554
-17.581
-17.014
-21.644
-16.582
-20.708
-17.007
-15.278
-15.098
-18.437
-21.539
-23.536
-18.18
-20.257
-18.506
-16.668
-21.285
-21.142
-19.466
-19.676
-20.044
-19.691
-17.302
-19.115
-8.237
-19.195
-13.887
-14.722
-15.723
-17.956
-22.417
-21.943
-22.829
-19.237
-20.782
-16.427
-16.364
-22.326
-17.664
-19.831
-18.57
-16.72
-23.325
-16.928
-21.921
-18.371
-18.688
-15.1
-9.126
-17.216
-17.817
-14.788
-15.936
-14.22
-19.47
-19.771
-19.483
-20.069
-13.537
-18.671
-20.002
-19.896
-15.486
-22.724
-17.298
-21.867
-20.118
-21.005
-20.745
-17.206
-21.877
-16.628
-18.756
-19.671
-14.743
-17.921
-24.068
-20.264
-22.108
-21.075
-15.865
-22.818
-19.911
-17.705
-20.36
-20.453
-14.891
-14.58
-17.439
-18.603
-18.456
-21.129
-20.217
-19.256
-24.84
-18.251
-13.515
-19.39
-15.476
-13.843
-16.95
-13.172
-17.731
-14.441
-16.146
-19.164
-15.479
-13.718
-12.588
-16.329
-17.449
-19.499
-19.627
-14.336
-20.6
-11.238
-13.745
-10.663
-17.091
-16.591
-16.068
-16.274
-17.417
-15.005
-18.224
-18.738
-15.004
-15.055
-11.04
-13.709
-15.391
-14.375
-16.383
-17.287
-16.263
-12.383
-12.667
-14.024
-15.098
-13.203
-14.545
-16.018
-14.615
-14.462
-20.229
-17.502
-9.628
-17.843
-15.674
-12.555
-17.889
-14.238
-17.756
-17.337
-16.355
-19.793
-16.265
-19.497
-13.835
-16.457
-15.568
-17.119
-16.776
-18.847
-15.963
-14.105
-19.578
-18.253
-15.683
-18.966
-22.172
-15.492
-14.784
-17.995
-17.659
-12.054
-13.594
-10.261
-13.335
-15.677
-14.721
-13.244
-10.747
-6.094
-10.089
-12.157
-17.13
-13.344
-13.56
-13.149
-9.262
-11.194
-10.101
-11.545
-12.667
-12.626
-12.014
-14.341
-15.437
-15.3
-10.328
-14.192
-11.244
-11.933
-11.189
-15.382
-18.202
-12.384
-13.295
-14.54
-11.624
-14.538
-13.525
-13.726
-13.058
-10.939
-11.954
-12.413
-14.896
-16.97
-14.555
-10.312
-13.943
-10.799
-15.291
-14.964
-16.689
-16.284
-16.526
-12.833
-14.278
-15.758
-15.468
-14.432
-17.367
-16.627
-9.545
-16.793
-11.773
-12.026
-14.877
-11.282
-11.063
-12.482
-15.527
-9.499
-10.364
-8.787
-14.613
-13.637
-9.661
-12.667
-12.525
-8.842
-13.478
-8.833
-9.388
-10.343
-11.679
-17.431
-15.315
-10.08
-12.182
-13.091
-10.138
-14.046
-16.266
-17.549
-8.559
-7.571
-17.468
-10.721
-15.712
-12.753
-15.148
-13.488
-12.396
-12.724
-11.361
-14.82
-12.344
-7.967
-12.646
-12.412
-9.259
-9.601
-5.457
-9.92
-7.133
-8.705
-15.286
-9.933
-13.294
-13.156
-11.21
-7.368
-9.021
-11.366
-9.565
-18.757
-14.743
-14.284
