-16.626
-22.265
-8.138
-21.835
-17.434
-9.149
-14.115
38.581
-21.951
-11.758
-17.955
-22.22
-14.034
-21.699
-23.206
-11.777
-18.687
-13.975
-17.837
-19.901
-25.434
-11.048
-19.798
-15.195
-10.772
-20.682
-23.454
-18.754
-17.71
-13.422
-25.176
-17.949
-11.749
-17.448
-18.141
-17.397
-8.865
-12.489
-12.709
-20.838
-20.287
-21.682
-23.172
-18.287
-24.768
-13.946
-16.947
-23.697
-19.389
-18.964
-10.904
-14.021
-18.794
-20.367
-21.293
-10.032
-10.982
-22.61
-22.619
-15.687
-13.399
-10.535
-19.693
-12.331
-23.154
-17.707
-21.232
-17.484
-20.059
-19.671
-22.006
-15.112
-12.239
-21.733
-15.704
-23.851
-13.06
-21.585
-21.904
-15.488
-20.903
-8.279
-16.732
-16.149
-24.64
-22.806
-18.272
-15.003
-16.098
-20.026
-17.414
-21.896
-18.872
-21.418
-15.206
-20.654
-19.296
-18.77
-18.378
-21.104
-21.038
-19.154
-20.344
-15.644
-18.76
12.127
-19.722
-20.062
-20.794
-17.08
-25.567
-24.125
-22.71
-24.591
-21.515
-13.338
-18.103
-24.067
-25.515
-22.09
-22.482
-19.929
-21.608
-13.169
-18.926
-26.884
-20.537
-22.451
13.512
-15.983
-17.734
-20.324
-22.264
-23.529
-16.015
-15.044
-18.169
-17.455
-16.977
-5.068
-8.644
-15.364
-18.549
-20.863
-25.006
-18.773
-21.248
-20.763
-26.453
-14.544
-7.12
-16.91
-16.819
-19.324
-20.15
-16.476
-11.71
-14.928
-12.691
-14.134
-18.249
-12.688
-16.181
-22.113
-8.997
-18.794
-20.754
-17.015
-17.541
-17.134
-10.832
-13.631
-15.263
-14.753
-10.236
-11.27
-15.838
-14.553
-15.999
-15.889
-21.312
-15.705
-18.314
-20.458
-14.95
-17.915
-14.614
-17.919
-11.214
-13.577
-14.592
-13.741
-17.107
-15.286
-16.713
-15.231
-11.176
-12.888
-16.742
-12.974
-5.611
-21.152
-20.072
-19.889
-17.509
-12.04
-17.917
-15.19
-5.389
-18.184
-19.829
-14.556
-14.795
-14.325
-12.859
-19.433
-17.385
-18.991
-9.616
-9.916
-15.748
-16.69
-15.306
-13.03
-14.995
-16.977
-12.667
-14.812
-12.739
-10.15
-19.083
-9.99
-13.008
-15.776
-19.848
-14.499
-14.764
-8.619
-15.106
-14.106
-13.628
-13.973
-10.107
-17.821
-4.33
-10.661
-10.41
-16.727
-16.653
-15.493
-12.964
-15.315
-16.215
-20.415
-19.456
-16.681
-17.162
-18.322
-15.916
-15.984
-13.393
-16.585
-8.225
-16.556
-16.961
-11.226
-19.026
-15.06
-20.427
-16.66
-19.293
-20.176
-15.093
-17.686
-16.035
-15.372
-12.086
-16.674
-16.201
-16.969
-15.117
-21.447
-18.579
-20.04
-11.382
-17.846
-21.608
-20.743
-13.276
-11.163
-12.406
-17.273
-20.782
-13.614
-15.344
-17.727
-17.432
-21.524
-21.27
-20.027
-21.889
-24.138
-18.786
-23.509
-16.872
-17.958
-15.972
-21.843
-18.305
-17.096
-18.082
-16.16
-19.122
-17.129
-17.163
-18.507
-18.663
-15.58
-16.976
-16.811
-14.782
-19.33
-17.495
-11.171
-11.449
-17.881
-11.742
-20.995
-18.347
-16.615
-20.648
-20.709
-19.774
-17.684
-16.24
-15.366
-14.063
-14.851
-18.558
-11.991
-22.798
-17.025
-19.096
-15.254
-18.113
-21.114
-15.804
-20.261
-17.025
-19.226
-18.049
-15.249
-18.373
-22.459
-17.97
-18.85
-12.282
-17.613
-14.662
-15.53
-14.189
-18.302
-17.454
-17.536
-20.054
-19.977
-22.514
-20.808
-18.117
-13.506
-17.69
-18.654
-21.035
-21.03
-15.711
-17.025
-17.205
-17.185
-12.582
-16.114
-19.879
-16.356
-19.662
-16.662
-17.873
-18.499
-19.863
-18.304
-17.415
-16.94
-16.093
-18.172
-16.16
-15.809
-19.488
-17.154
-15.923
-16.698
-15.533
-12.671
-10.461
-18.304
-17.098
-13.333
-20.451
-20.132
-19.214
-18.317
-11.959
-15.076
-19.175
-17.23
-17.703
-18.224
-17.977
-14.011
-14.66
-19.785
-17.13
-13.349
-14.523
-16.643
-12.969
-18.645
-19.139
-17.08
-16.434
-14.439
-19.25
-12.289
-16.739
-20.034
-13.865
-13.54
-17.162
-16.559
-12.472
-17.826
-20.516
-11.582
-17.53
-21.576
-19.376
-18.011
-16.818
-13.695
-16.988
-17.974
-11.746
-12.863
-15.497
-22.88
-16.659
-18.508
-18.488
-17.201
-20.472
-14.027
-14.71
-16.133
-19.407
-20.566
-21.381
-12.738
-13.96
-18.425
-11.043
-18.048
-18.686
-19.823
-17.042
-23.744
-18.332
-11.536
-17.005
-21.417
-16.772
-16.064
-17.969
-14.774
-18.345
-15.352
-17.722
-15.231
-16.998
-11.368
-19.94
-15.71
-20.61
-19.943
-9.533
-14.467
-17.948
-20.398
-13.57
-16.461
-20.3
-23.449
-22.002
-21.518
-21.124
