-446.008
-477.352
-376.783
-458.285
-457.641
-417.248
-480.127
-486.41
-502.461
-470.681
-483.603
-476.853
-422.068
-453.737
-453.028
-468.582
-482.38
-471.363
-500.881
-471.555
-486.36
-514.212
-517.091
-506.025
-487.644
-468.651
-500.26
-512.499
-557.546
-548.322
-485.296
-493.524
-508.278
-437.724
-464.468
-484.541
-451.278
-448.359
-479.176
-472.845
-460.409
-438.324
-459.722
-413.926
-450.968
-410.633
-453.61
-464.247
-418.808
-415.678
-472.886
-458.203
-445.148
-469.573
-484.969
-473.239
-453.229
-455.804
-498.275
-465.047
-429.692
-455.403
-525.99
-480.213
-462.866
-444.025
-471.664
-413.429
-414.192
-508.661
-438.785
-440.354
-471.873
-443.807
-452.296
-464.008
-435.936
-496.305
-463.053
-429.468
-458.171
-453.45
-453.455
-465.664
-492.567
-429.549
-467.879
-513.079
-470.927
-460.36
-409.615
-437.759
-406.989
-482.815
-391.77
-447.003
-449.453
-432.943
-504.488
-479.914
-491.369
-496.436
-484.927
-471.344
-509.423
-458.376
-467.874
-497.534
-399.156
-446.209
-435.805
-482.544
-450.149
-464.77
-471.557
-457.009
-448.931
-443.547
-465.716
-402.617
-421.919
-445.127
-472.925
-458.438
-445.584
-483.057
-455.619
-473.906
-455.532
-408.925
-469.711
-419.665
-451.953
-452.004
-435.643
-455.641
-500.61
-484.938
-481.685
-464.209
-440.084
-466.815
-401.576
-445.396
-488.397
-476.334
-480.926
-497.898
-441.971
-452.105
-436.647
-498.81
-533.093
-548.502
-542.463
-477.743
-506.907
-537.66
-489.174
-441.419
-501.832
-505.088
-509.109
-501.618
-442.14
-479.465
-435.987
-495.997
-494.685
-484.381
-496.468
-484.147
-485.602
-461.691
-465.522
-421.601
-438.302
-451.151
-445.627
-442.805
-465.466
-466.081
-464.214
-468.53
-446.102
-453.776
-411.117
-430.21
-490.673
-451.465
-401.417
-413.151
-437.791
-422.052
-445.551
-459.017
-452.505
-485.821
-415.049
-445.693
-450.469
-475.867
-499.328
-576.446
-560.422
-574.656
-598.962
-524.491
-527.749
-530.269
-484.146
-498.42
-488.078
-521.451
-485.877
-445.515
-421.588
-477.381
-445.988
-424.933
-452.95
-411.138
-407.653
-419.226
-473.512
-495.8
-437.44
-480.41
-405.769
-435.643
-447.426
-417.161
-435.079
-469.59
-462.657
-438.731
-416.128
-446.965
-422.393
-440.675
-466.093
-448.523
-416.675
-425.835
-432.577
-437.976
-458.913
-467.601
-408.199
-447.075
-494.984
-509.121
-505.876
-522.116
-514.332
-464.0
-463.101
-485.044
-466.382
-484.272
-481.349
-496.142
-455.026
-498.251
-416.728
-419.42
-468.156
-445.882
-443.639
-483.965
-463.032
-517.422
-505.299
-468.469
-469.931
-433.238
-438.905
-507.156
-533.962
-510.675
-467.507
-495.817
-487.749
-473.443
-502.836
-452.115
-493.462
-508.345
-485.468
-459.037
-472.409
-460.045
-434.294
-456.978
-457.378
-483.6
-490.227
-478.47
-492.14
-461.482
-457.29
-452.585
-455.651
-490.416
-436.296
-415.788
-442.704
-427.427
-451.478
-460.735
-450.347
-457.829
-422.687
-439.786
-431.547
-457.158
-479.302
-456.256
-462.443
-426.582
-433.521
-435.519
-408.074
-377.923
-393.311
-407.453
-403.499
-488.192
-455.977
-442.378
-448.206
-403.507
-428.542
-450.204
-474.547
-470.711
-495.475
-474.108
-476.335
-448.391
-475.185
-484.271
-465.432
-508.803
-508.31
-492.582
-502.015
-466.67
-485.998
-462.136
-417.324
-477.456
-428.815
-466.21
-456.445
-446.518
-441.426
-447.756
-501.422
-476.282
-480.401
-437.282
-422.893
-430.087
-428.253
-462.901
-416.47
-451.142
-422.759
-471.688
-494.507
-436.607
-479.271
-441.908
-445.281
-468.306
-425.218
-432.22
-476.853
-444.147
-435.047
-443.144
-431.448
-400.969
-409.055
-445.495
-424.714
-429.034
-423.927
-398.732
-433.787
-449.643
-423.871
-430.269
-436.138
-445.272
-470.775
-511.946
-483.03
-421.445
-413.213
-393.385
-413.325
-404.247
-477.769
-438.654
-500.546
-459.344
-448.515
-440.231
-402.249
-444.595
-458.905
-492.683
-449.611
-427.206
-457.751
-479.823
-455.175
-442.087
-368.323
-424.642
-423.263
-443.812
-500.12
-499.341
-472.909
-451.954
-455.739
-534.272
-457.968
-423.782
-486.197
-443.827
-492.443
-448.633
-468.735
-502.45
-474.451
-491.204
-497.814
-449.664
-477.922
-426.921
-448.18
-405.027
-437.948
-474.22
-472.563
-451.392
-462.856
-448.488
-458.672
-450.586
-496.042
-469.693
-513.085
-453.447
-466.021
-448.882
-490.034
-447.902
-458.746
-452.08
-458.26
-456.28
-443.682
-466.377
-496.416
-439.341
-386.836
-434.471
-450.736
-471.489
-464.687
-432.064
-448.997
-447.372
-385.165
-412.851
-361.308
-387.319
-421.763
-411.139
-449.413
-427.791
-384.834
-446.058
-479.661
-408.983
-434.471
-420.026
-412.225
-464.989
-421.038
-391.364
-413.867
-385.539
-452.762
-452.188
-410.566
