-2.473
-5.084
-2.481
-1.961
-6.904
-6.222
-7.937
-1.272
-0.982
-4.696
-5.613
-6.375
-6.822
-2.295
-6.197
-4.761
-7.055
-5.396
-2.366
-4.235
-4.457
-7.296
-7.047
-6.059
-5.18
-7.496
-6.345
-4.074
-4.636
-6.026
-4.847
-3.589
-5.051
-4.782
-0.842
-4.948
-5.671
-2.261
-4.384
-2.452
-6.187
-4.133
-7.447
-4.365
-2.439
-6.379
-3.864
-5.27
-6.687
-5.825
-6.969
-5.987
-5.466
-7.562
-6.576
-6.759
-7.576
-3.433
-3.753
-7.039
-7.109
-5.478
-5.404
-2.397
-3.682
-3.07
-5.502
-2.963
-3.511
-2.806
-3.68
-1.899
-6.356
-5.556
-2.82
0.816
-5.774
-1.942
-4.682
-7.051
-5.314
-5.441
-5.841
-5.985
-7.133
-6.8
-5.208
-7.726
-4.101
-6.134
-4.147
-4.075
-2.141
-5.9
-1.965
-4.758
-6.441
-4.713
-3.495
-5.233
-3.01
-5.037
-0.279
-1.851
-4.371
-2.792
-3.68
-4.517
-6.044
-2.809
-1.324
-3.327
-3.178
-5.344
-3.841
-5.834
-2.0
-2.45
-4.549
-7.704
-2.552
-1.437
-1.914
-4.798
-1.587
-2.999
-5.593
-4.899
-3.448
-2.802
-5.421
-6.441
-2.675
-4.121
-5.254
-5.727
-5.649
-6.528
-5.692
-3.35
-2.295
-3.636
-2.975
-3.336
-5.103
-5.787
-4.338
-7.422
-6.691
-7.595
-5.094
-3.79
-6.223
-4.907
-6.341
-7.947
-6.212
-7.767
-5.466
-5.302
-6.611
-8.406
-6.731
-7.014
-8.359
-6.186
-6.62
-7.804
-4.529
-5.921
-6.977
-4.698
-3.743
-6.385
-4.299
-7.064
-4.433
-6.849
-3.393
-4.766
-4.744
-6.098
-5.4
-3.331
-6.334
-4.503
-7.212
-6.374
-6.582
-5.458
-3.537
-3.161
-2.651
-4.89
-2.504
-3.197
-5.814
-3.717
-4.92
-4.852
-6.942
-5.255
-5.247
-7.892
-4.401
-6.216
-4.225
-6.817
-6.161
-4.836
-6.908
-4.813
-7.0
-3.668
-4.549
-4.079
-4.862
-7.935
-6.636
-7.239
-5.268
-5.038
-4.176
-0.224
-5.463
-3.537
-4.771
-3.553
-4.12
-4.386
-4.63
-5.324
-6.055
-4.946
-6.552
-3.53
-6.021
-4.258
-2.282
-5.918
-6.466
-4.084
-5.304
-3.365
0.528
-2.641
-4.349
-4.599
-3.768
0.437
-2.983
-2.632
-3.45
-2.385
-7.13
-4.312
-1.839
-2.024
-3.952
-2.985
-0.145
-3.659
0.242
-4.049
-1.973
-2.431
-3.541
-2.183
-4.651
-2.49
-1.086
-3.391
-3.751
-1.347
-5.72
-3.656
-4.49
-5.284
-3.185
-2.843
-3.379
-2.946
-4.055
-6.149
-4.556
-2.724
-3.792
-3.434
-3.269
-5.24
-2.863
-3.203
-4.044
-3.756
-3.012
-5.294
-5.006
-5.869
-5.034
-3.974
-6.117
-3.141
-6.401
-5.07
-4.369
-5.298
-6.443
-4.95
-4.798
-5.636
-4.899
-5.405
-5.737
-4.968
-5.458
-6.418
-6.065
-6.536
-3.579
-3.795
-4.24
-3.523
-4.653
-2.812
-1.155
-1.905
-2.408
-3.278
-3.8
-5.617
-1.904
-3.537
-3.214
-2.483
-6.247
-2.773
-5.198
-5.209
-5.582
-6.766
-5.34
-2.686
-6.378
-6.703
-6.579
-3.593
-6.276
-2.12
0.375
-4.34
2.793
1.865
-5.37
-2.476
1.075
1.292
1.831
1.228
-2.409
-0.216
0.457
-1.022
0.71
-0.4
1.632
-3.973
0.299
-1.497
-2.12
-1.153
-0.809
-0.558
-1.913
-0.231
0.327
-2.23
-2.885
-3.976
-3.53
-2.897
-0.565
-2.246
-2.05
-2.197
-2.757
-2.353
-5.016
-2.072
-3.384
-5.088
-4.847
-2.642
-5.038
-2.474
-5.533
-4.337
-5.345
-3.637
-4.336
-3.182
-2.828
-1.996
-3.966
-0.444
-1.76
-4.675
-4.644
-3.844
-2.514
-5.65
-3.191
-1.446
-2.601
-1.866
-0.855
-3.838
-4.976
-6.737
-3.395
-5.183
-2.211
-2.588
-2.481
-3.528
-4.251
-3.802
-6.22
-5.698
-4.193
-3.539
-2.335
-4.714
-7.498
-2.871
-3.705
-4.059
-5.694
-4.354
-4.494
-5.152
-3.869
-3.863
-4.661
-2.365
-4.647
-0.811
-2.058
-2.82
-3.448
-5.59
-3.58
-2.543
-2.606
-2.651
-3.314
-2.165
-3.508
-4.659
-2.903
-3.315
-2.6
-3.332
-3.32
1.61
-0.263
1.777
2.389
-0.275
-1.201
0.036
-0.494
-1.651
-0.058
-1.52
-1.958
1.668
-3.811
-4.076
-4.004
-2.532
-2.076
-0.893
-0.632
-2.748
-1.116
-2.677
-1.883
-2.197
-0.094
-3.705
-4.817
-3.042
-2.026
-1.732
-3.674
-3.438
-4.029
-2.748
-3.368
-2.118
-3.05
