-261.598
-280.013
-277.941
-316.546
-297.981
-268.797
-311.064
-339.07
-363.056
-290.535
-314.839
-307.523
-258.557
-282.261
-314.014
-294.129
-313.005
-318.852
-351.057
-332.727
-302.172
-302.642
-318.693
-367.126
-318.259
-312.451
-310.07
-342.937
-369.517
-340.718
-330.328
-330.149
-344.713
-294.847
-262.817
-307.549
-298.191
-266.638
-307.143
-290.399
-298.151
-253.284
-267.646
-231.502
-246.482
-239.628
-263.477
-232.523
-233.165
-224.29
-324.801
-288.698
-289.027
-307.716
-329.615
-281.043
-263.242
-260.419
-271.67
-249.078
-249.712
-259.367
-288.658
-294.749
-292.837
-281.562
-302.297
-252.013
-231.491
-310.8
-235.544
-249.646
-283.126
-250.501
-262.762
-284.021
-270.183
-261.27
-301.715
-248.965
-267.946
-298.15
-307.372
-315.903
-349.906
-283.488
-280.427
-371.711
-345.746
-273.111
-244.587
-297.283
-219.697
-295.242
-249.314
-249.073
-309.706
-233.765
-291.595
-291.782
-305.102
-301.493
-281.273
-277.587
-261.427
-301.315
-266.461
-300.04
-263.916
-308.265
-233.013
-299.877
-329.454
-305.544
-312.359
-328.932
-289.95
-261.146
-362.529
-283.238
-342.926
-314.411
-336.854
-333.723
-301.483
-334.55
-346.762
-352.042
-326.674
-290.533
-323.784
-263.147
-315.399
-322.345
-293.583
-329.71
-387.611
-305.691
-345.907
-331.744
-320.163
-330.25
-269.553
-249.248
-371.839
-354.212
-346.089
-371.288
-333.122
-332.932
-308.521
-326.472
-358.687
-371.142
-372.159
-323.904
-319.183
-431.386
-367.149
-335.602
-365.103
-385.791
-400.97
-406.173
-352.207
-379.948
-364.64
-379.194
-350.906
-330.522
-357.105
-328.298
-352.5
-373.045
-387.167
-345.345
-331.319
-311.642
-349.4
-345.816
-345.973
-371.179
-370.501
-386.244
-390.326
-396.046
-281.072
-351.316
-366.552
-354.005
-312.499
-353.943
-342.371
-351.023
-326.609
-377.951
-355.636
-407.286
-356.613
-336.006
-385.934
-461.947
-436.083
-493.397
-458.983
-483.506
-474.345
-433.106
-368.983
-389.319
-355.963
-367.74
-349.57
-391.545
-382.364
-337.808
-283.839
-359.704
-330.498
-301.621
-320.396
-323.498
-354.156
-308.422
-323.149
-382.935
-324.904
-363.485
-280.887
-296.556
-277.85
-283.525
-288.959
-297.632
-338.449
-312.072
-293.789
-283.816
-297.611
-310.808
-383.759
-315.636
-285.495
-269.329
-273.996
-272.17
-287.725
-329.589
-276.594
-294.261
-380.499
-386.225
-326.511
-370.799
-399.998
-313.061
-372.831
-378.061
-379.119
-344.469
-374.931
-377.68
-366.753
-405.702
-337.022
-271.526
-326.995
-340.041
-407.146
-378.183
-344.809
-429.484
-429.293
-360.714
-417.5
-353.587
-376.294
-355.162
-387.919
-412.891
-403.542
-355.716
-388.188
-359.346
-362.113
-357.328
-417.022
-441.821
-384.984
-428.249
-387.083
-398.325
-414.816
-406.58
-370.425
-382.393
-382.138
-407.286
-424.226
-413.261
-364.806
-375.613
-357.068
-397.912
-384.104
-364.766
-395.895
-362.512
-426.035
-404.149
-367.712
-391.173
-385.611
-374.368
-328.77
-368.837
-395.347
-354.643
-336.932
-332.132
-343.074
-331.531
-327.764
-330.666
-303.004
-328.409
-299.093
-397.05
-320.625
-324.359
-328.979
-322.025
-366.021
-391.746
-405.538
-395.783
-427.367
-412.956
-439.248
-387.786
-413.222
-415.78
-431.764
-386.968
-392.8
-426.801
-412.526
-406.97
-424.077
-362.946
-284.893
-385.509
-293.074
-313.75
-268.773
-283.46
-272.605
-261.249
-373.821
-358.787
-354.315
-322.563
-332.06
-305.163
-282.924
-302.875
-313.029
-338.689
-357.09
-352.723
-346.726
-340.783
-375.595
-335.313
-310.994
-386.822
-383.53
-382.628
-389.958
-357.533
-361.414
-362.027
-328.362
-277.414
-343.119
-343.431
-353.03
-338.577
-329.657
-305.554
-321.042
-304.967
-278.644
-331.377
-326.465
-355.726
-368.565
-362.592
-414.592
-325.99
-364.391
-310.762
-322.543
-314.335
-402.16
-366.622
-360.174
-380.883
-326.519
-327.943
-326.202
-349.156
-366.104
-390.434
-381.472
-361.518
-354.398
-362.036
-350.532
-385.57
-310.292
-311.824
-302.855
-384.107
-399.134
-389.023
-399.727
-366.463
-338.867
-392.535
-336.441
-303.579
-346.35
-340.564
-357.547
-336.341
-341.781
-369.401
-364.443
-343.53
-381.098
-354.391
-345.105
-334.196
-311.997
-298.092
-343.672
-405.393
-356.691
-369.634
-365.242
-371.389
-372.416
-353.342
-395.968
-373.013
-402.692
-348.706
-351.481
-349.923
-368.637
-352.336
-340.27
-339.367
-305.842
-319.554
-288.959
-316.936
-295.054
-279.69
-316.829
-330.743
-362.692
-317.985
-265.368
-283.156
-290.722
-280.878
-271.327
-235.158
-209.932
-251.13
-217.504
-302.499
-329.8
-321.176
-317.053
-354.362
-382.746
-334.617
-352.33
-321.081
-336.362
-371.327
-327.415
-301.031
-328.842
-334.991
-340.453
-400.774
-336.666
