-2.126
-1.315
-0.868
-1.894
-1.949
-1.412
-1.611
-1.126
-1.979
-1.804
-1.595
-1.712
-1.113
-1.55
-1.584
-1.828
-1.537
-1.211
-1.506
-1.33
-1.835
-1.654
-1.705
-1.401
-1.392
-2.004
-1.783
-1.55
-1.229
-1.414
-1.895
-1.412
-1.164
-1.503
-1.845
-1.269
-1.275
-0.859
-1.165
-1.085
-1.617
-1.56
-1.796
-1.701
-1.826
-1.124
-1.398
-1.405
-1.311
-1.577
-1.578
-1.256
-0.927
-1.837
-1.187
-1.267
-1.254
-1.41
-1.627
-1.642
-1.164
-1.166
-1.608
-1.236
-1.255
-1.427
-1.71
-0.916
-1.553
-1.626
-1.479
-1.101
-1.47
-1.47
-1.524
-1.829
-1.687
-1.489
-1.239
-2.255
-1.14
-1.661
-1.342
-1.363
-1.703
-2.385
-1.082
-2.298
-1.987
-1.503
-2.128
-1.487
-1.898
-2.945
-2.044
-2.742
-2.235
-2.264
-1.348
-1.461
-1.433
-1.096
-1.618
-1.853
-1.481
-2.119
-2.54
-2.747
-1.643
-2.113
-1.7
-2.881
-2.582
-2.589
-2.229
-1.823
-2.268
-2.021
-2.377
-2.625
-2.48
-2.324
-2.096
-2.571
-2.476
-2.666
-2.737
-2.232
-1.444
-2.474
-1.665
-2.64
-1.954
-2.092
-1.963
-1.247
-2.16
-2.432
-1.958
-2.001
-1.722
-1.702
-2.543
-2.054
-1.455
-2.044
-1.9
-2.622
-1.769
-2.154
-1.597
-2.043
-2.572
-1.908
-2.363
-1.103
-1.565
-1.219
-0.581
-0.679
-1.329
-2.101
-1.582
-1.072
-1.4
-1.471
-1.801
-1.384
-1.847
-2.27
-1.196
-1.179
-0.904
-1.199
-1.072
-1.363
-1.806
-2.144
-1.864
-1.098
-1.278
-1.483
-2.237
-1.8
-1.319
-1.592
-1.478
-1.511
-1.211
-2.464
-2.148
-1.709
-2.206
-1.523
-2.321
-2.322
-1.3
-2.122
-1.552
-1.891
-1.484
-2.186
-2.153
-2.294
-1.139
-1.348
-1.843
-1.188
-1.508
-0.863
-1.648
-0.79
-1.965
-1.262
-1.554
-1.149
-1.558
-2.095
-1.506
-1.135
-1.428
-2.028
-2.076
-0.901
-1.215
-1.762
-1.079
-1.193
-0.961
-2.089
-1.386
-1.065
-1.466
-1.449
-1.538
-0.945
-1.191
-1.187
-1.142
-1.459
-0.982
-0.914
-0.935
-1.033
-1.303
-0.616
-0.221
-1.14
-1.273
-0.847
-0.936
-1.129
-0.937
-0.657
-1.072
-1.0
-1.016
-1.384
-1.006
-1.578
-1.46
-1.204
-0.283
-1.029
-1.432
-0.617
-0.861
-0.5
-1.068
-1.079
-1.66
-0.869
-1.337
-0.565
-0.861
-1.637
-1.361
-0.726
-1.111
-1.454
-1.886
-1.657
-1.747
-1.055
-0.922
-1.644
-1.155
-1.455
-1.272
-1.39
-1.302
-0.937
-2.079
-1.498
-1.464
-1.1
-1.529
-1.383
-1.585
-1.186
-2.21
-1.65
-1.675
-1.492
-2.19
-2.168
-2.376
-2.216
-1.417
-2.246
-1.627
-1.725
-2.348
-1.317
-1.441
-2.05
-1.201
-1.374
-1.689
-1.506
-1.288
-1.18
-1.452
-1.275
-1.316
-1.326
-1.374
-1.695
-0.923
-1.514
-1.392
-1.221
-1.554
-0.981
-1.506
-1.525
-1.033
-1.465
-1.4
-1.175
-1.243
-1.129
-1.163
-1.29
-1.288
-1.537
-1.037
-0.697
-1.674
-1.635
-1.593
-1.409
-1.226
-1.302
-0.949
-1.302
-1.326
-0.89
-1.025
-0.92
-1.737
-0.997
-0.847
-0.812
-1.336
-1.18
-0.927
-0.955
-1.263
-1.334
-1.693
-1.69
-1.39
-2.24
-1.365
-1.739
-0.871
-1.383
-1.661
-1.584
-1.531
-1.775
-1.37
-1.534
-1.204
-1.759
-1.651
-1.537
-0.907
-1.097
-1.318
-1.362
-0.991
-1.519
-1.599
-1.548
-1.295
-1.075
-1.051
-0.52
-0.377
-0.825
-0.886
-1.094
-1.532
-1.094
-1.607
-1.222
-0.96
-1.198
-1.605
-1.298
-1.596
-1.383
-1.108
-1.641
-1.221
-1.498
-1.408
-1.664
-1.406
-1.407
-1.229
-1.264
-1.53
-1.032
-1.66
-1.405
-2.067
-1.872
-1.265
-1.079
-1.59
-1.386
-1.442
-1.254
-1.508
-1.201
-1.357
-1.377
-1.293
-1.055
-1.485
-1.085
-1.19
-1.198
-0.653
-0.851
-1.937
-1.615
-1.384
-1.246
-1.66
-1.483
-1.467
-1.317
-1.346
-1.155
-1.502
-1.234
-1.362
-1.661
-2.18
-2.137
-1.155
-0.858
-1.184
-1.785
-0.616
-1.28
-1.487
-1.466
-1.283
-1.331
-0.722
-1.34
-1.355
-1.247
-1.281
-1.259
-1.083
-0.923
-1.334
-1.297
-1.166
-1.552
-1.532
-1.614
-1.514
-1.777
-1.702
-1.479
-1.337
-1.451
-1.674
-1.448
-1.717
-1.696
-1.576
-1.476
-1.653
