-77.11
-75.42
-70.23
-71.44
-71.36
-67.39
-67.59
-63.65
-71.79
-71.61
-70.01
-70.53
-66.24
-74.23
-68.43
-68.47
-74.87
-69.96
-77.17
-72.57
-73.15
-63.33
-59.67
-77.65
-71.82
-72.33
-79.79
-68.14
-71.78
-63.49
-75.55
-65.82
-62.58
-60.32
-62.61
-73.86
-69.12
-55.51
-63.84
-55.24
-57.93
-62.74
-59.01
-66.35
-55.65
-54.47
-67.03
-62.04
-64.4
-59.45
-66.26
-66.32
-74.25
-60.52
-64.76
-60.05
-65.52
-58.82
-70.13
-68.96
-64.63
-65.91
-68.82
-64.73
-59.93
-62.8
-60.87
-58.72
-61.09
-66.63
-58.07
-56.23
-64.46
-67.11
-61.45
-71.17
-59.14
-59.29
-63.85
-63.95
-60.67
-52.28
-57.82
-60.99
-72.03
-70.11
-61.83
-79.01
-73.26
-65.95
-64.28
-60.78
-58.42
-63.56
-63.08
-64.79
-67.53
-59.64
-68.92
-66.28
-62.39
-64.73
-63.62
-82.2
-66.03
-66.64
-76.29
-79.02
-67.16
-72.48
-62.02
-74.35
-68.53
-73.54
-71.39
-71.44
-65.71
-61.84
-74.28
-67.82
-71.94
-65.4
-67.99
-70.79
-63.55
-76.12
-70.47
-69.85
-64.21
-68.55
-70.28
-66.7
-70.18
-69.5
-64.75
-57.49
-73.35
-73.49
-71.69
-61.58
-66.6
-68.17
-68.71
-65.84
-73.43
-69.23
-74.23
-71.71
-81.82
-81.16
-72.66
-68.51
-68.29
-66.44
-70.26
-61.02
-60.78
-60.42
-46.73
-58.69
-62.55
-70.52
-60.44
-68.11
-65.8
-74.28
-70.07
-70.33
-52.88
-56.26
-65.49
-72.29
-66.54
-62.04
-56.74
-60.14
-61.21
-62.42
-66.78
-58.23
-62.56
-61.88
-62.12
-54.92
-65.67
-61.95
-49.13
-64.51
-55.5
-60.79
-57.07
-58.57
-66.47
-62.43
-61.17
-65.86
-49.35
-66.05
-57.64
-59.41
-63.45
-73.71
-75.01
-61.93
-61.75
-76.99
-76.43
-68.91
-65.35
-74.15
-64.47
-73.95
-73.08
-67.92
-61.85
-60.58
-57.0
-66.94
-59.01
-53.22
-56.09
-57.99
-62.01
-59.3
-66.22
-66.53
-59.23
-55.09
-58.82
-59.96
-69.89
-57.18
-57.57
-56.34
-63.8
-51.09
-52.53
-59.53
-58.31
-55.69
-59.1
-54.77
-46.81
-59.11
-55.12
-55.63
-58.24
-55.87
-52.59
-63.49
-59.62
-58.4
-70.51
-69.45
-63.99
-46.6
-59.47
-57.64
-65.22
-65.71
-59.33
-58.81
-58.05
-60.02
-61.81
-61.06
-56.42
-65.15
-64.67
-53.56
-66.56
-58.03
-68.21
-59.59
-60.45
-62.45
-59.26
-66.77
-73.66
-78.4
-69.47
-74.93
-65.76
-68.77
-73.41
-58.62
-74.66
-68.41
-59.76
-67.45
-65.32
-59.87
-64.5
-64.35
-70.48
-65.15
-69.81
-59.61
-70.72
-65.35
-68.39
-65.28
-73.84
-70.2
-69.7
-63.87
-56.79
-58.5
-62.28
-60.4
-69.97
-64.6
-64.17
-59.13
-62.19
-58.1
-58.23
-58.58
-67.76
-53.01
-59.61
-47.96
-54.1
-57.44
-41.49
-58.11
-54.99
-61.63
-57.11
-59.81
-59.42
-57.85
-60.59
-57.64
-56.81
-61.21
-63.65
-58.91
-62.63
-60.84
-61.27
-59.7
-58.71
-59.38
-60.59
-66.34
-62.58
-60.26
-63.28
-61.57
-60.79
-65.87
-61.34
-64.11
-61.4
-58.11
-66.26
-64.0
-55.38
-67.19
-63.43
-61.86
-62.33
-67.27
-63.53
-52.91
-60.56
-60.91
-57.86
-69.72
-68.38
-71.86
-56.98
-69.98
-61.87
-62.5
-64.37
-59.37
-57.51
-64.83
-62.85
-54.85
-54.39
-63.52
-58.82
-65.27
-59.15
-62.88
-52.66
-48.32
-60.18
-62.56
-55.0
-54.02
-66.84
-64.17
-63.74
-67.86
-61.41
-54.08
-59.16
-49.36
-53.46
-48.7
-67.2
-62.72
-56.35
-59.56
-44.65
-59.49
-64.38
-61.34
-59.71
-69.48
-62.15
-59.19
-57.79
-59.22
-60.22
-63.35
-67.69
-54.32
-60.85
-64.09
-51.61
-65.63
-62.09
-65.85
-59.57
-57.73
-58.26
-55.44
-55.19
-65.05
-54.74
-68.84
-53.67
-59.29
-60.1
-50.17
-57.4
-55.44
-63.76
-61.46
-53.47
-63.07
-53.68
-65.13
-67.4
-66.57
-66.35
-67.65
-63.99
-64.51
-59.01
-55.04
-62.23
-50.35
-63.03
-64.04
-64.58
-57.04
-56.03
-66.65
-59.48
-60.87
-63.07
-64.55
-55.64
-58.92
-68.38
-61.83
-64.89
-56.01
-56.84
-65.65
-65.11
-54.72
-60.45
-52.99
-59.16
-54.59
-55.37
-56.78
-63.99
-59.8
-61.52
-62.41
-60.73
-64.09
-55.6
-52.13
-52.07
-55.08
-55.63
-51.95
-62.34
-65.33
-64.03
-63.99
-63.71
