-0.176
-0.144
-0.242
-0.203
-0.259
-0.233
-0.06
-0.26
-0.139
-0.167
0.021
-0.175
-0.065
-0.054
-0.185
-0.223
-0.124
-0.069
-0.243
-0.198
-0.156
-0.101
-0.216
-0.141
-0.193
-0.174
-0.077
-0.095
-0.15
-0.199
-0.135
-0.096
-0.145
-0.139
-0.122
-0.16
-0.091
-0.191
-0.181
-0.176
-0.217
-0.147
-0.219
-0.179
-0.151
-0.109
-0.228
-0.187
-0.187
-0.048
-0.149
-0.185
-0.088
-0.095
-0.2
-0.137
-0.161
-0.09
-0.166
-0.117
-0.093
-0.179
-0.216
-0.094
-0.131
-0.229
-0.142
-0.072
-0.169
-0.192
-0.188
-0.059
-0.095
-0.159
-0.137
-0.12
-0.27
-0.18
-0.119
-0.107
-0.165
-0.13
-0.006
-0.081
-0.082
-0.115
-0.186
-0.105
-0.151
-0.142
-0.119
-0.182
-0.149
-0.148
-0.203
-0.208
-0.132
-0.176
-0.156
-0.091
-0.035
-0.074
-0.19
-0.137
-0.201
-0.096
-0.165
-0.172
-0.177
-0.128
-0.173
-0.248
-0.103
-0.169
-0.095
-0.183
-0.163
-0.02
-0.112
-0.085
-0.061
-0.033
-0.12
-0.087
-0.037
-0.085
-0.104
-0.167
-0.049
0.05
-0.02
-0.107
-0.071
-0.113
-0.024
-0.011
-0.106
-0.084
-0.1
-0.177
-0.175
-0.063
-0.054
-0.025
-0.148
-0.075
-0.067
-0.067
-0.087
-0.165
-0.181
-0.193
-0.018
-0.114
-0.082
-0.054
-0.125
-0.031
-0.174
-0.094
-0.181
-0.197
-0.127
-0.195
-0.127
-0.12
-0.097
-0.137
-0.137
-0.188
-0.279
-0.083
-0.075
-0.067
-0.192
-0.153
-0.041
-0.176
-0.245
-0.128
-0.144
-0.136
-0.083
-0.135
-0.133
-0.02
-0.052
-0.023
-0.165
-0.173
-0.054
0.005
-0.156
-0.018
-0.184
-0.174
-0.018
-0.194
-0.079
-0.147
-0.24
-0.103
-0.165
-0.101
-0.18
-0.264
-0.166
-0.147
-0.171
-0.214
-0.172
-0.128
-0.091
-0.22
-0.075
-0.137
-0.059
-0.155
-0.159
-0.064
-0.103
-0.02
-0.118
-0.038
-0.127
-0.065
-0.04
-0.055
-0.097
0.028
-0.023
-0.074
-0.119
-0.137
-0.141
-0.288
-0.186
-0.131
-0.131
-0.173
-0.148
-0.178
-0.116
-0.198
-0.166
-0.064
-0.164
-0.096
-0.171
-0.169
-0.089
-0.102
-0.184
-0.08
-0.118
-0.09
-0.095
-0.198
-0.203
-0.164
-0.099
-0.054
-0.099
-0.12
-0.094
-0.066
-0.063
-0.204
-0.094
-0.19
-0.115
-0.135
-0.231
-0.121
-0.172
-0.187
-0.164
-0.193
-0.118
-0.194
-0.181
-0.161
-0.13
-0.101
-0.225
-0.111
-0.168
-0.222
-0.139
-0.181
-0.142
-0.117
-0.158
-0.14
-0.099
-0.104
-0.17
-0.209
-0.212
-0.112
-0.159
-0.152
-0.045
-0.065
0.113
-0.122
-0.137
0.088
-0.044
-0.041
0.052
0.152
0.044
0.026
-0.036
-0.036
0.043
-0.084
0.072
-0.093
-0.217
-0.1
-0.064
-0.087
-0.003
-0.149
-0.172
-0.122
-0.044
-0.109
-0.119
-0.063
-0.054
-0.083
-0.111
-0.116
-0.218
-0.153
-0.073
-0.235
-0.121
-0.113
-0.132
-0.143
-0.156
-0.133
-0.155
-0.218
-0.059
-0.081
-0.117
-0.009
-0.154
-0.117
-0.213
-0.095
-0.056
-0.095
-0.032
-0.114
-0.106
-0.047
-0.066
0.004
-0.014
-0.056
-0.166
-0.177
-0.14
-0.128
-0.155
-0.176
-0.167
-0.074
-0.017
-0.132
-0.088
-0.091
-0.099
-0.149
-0.128
-0.144
-0.133
-0.081
-0.074
-0.089
-0.032
-0.084
-0.1
-0.099
-0.068
-0.049
-0.051
-0.052
-0.087
-0.087
-0.251
-0.063
-0.224
-0.099
-0.197
-0.202
-0.147
-0.137
-0.106
-0.026
-0.162
-0.113
-0.075
-0.111
-0.134
-0.081
-0.08
-0.111
-0.123
-0.035
-0.105
-0.167
-0.064
-0.018
-0.056
-0.091
-0.141
-0.089
-0.058
-0.028
-0.072
-0.132
-0.061
-0.16
-0.104
-0.084
-0.041
-0.136
-0.082
-0.038
-0.115
-0.085
-0.072
-0.167
-0.127
-0.106
-0.032
-0.049
-0.05
-0.103
-0.073
-0.057
-0.055
-0.081
-0.055
-0.153
-0.168
-0.175
-0.103
-0.16
-0.119
-0.188
-0.039
-0.052
-0.147
-0.078
-0.069
-0.216
-0.099
-0.199
-0.138
-0.107
-0.191
-0.144
-0.088
-0.181
-0.138
-0.071
-0.233
-0.198
-0.2
-0.243
-0.128
-0.171
-0.222
-0.19
-0.181
-0.169
-0.156
-0.142
-0.167
-0.188
-0.235
-0.034
-0.133
-0.11
-0.113
-0.047
-0.066
-0.121
-0.041
-0.043
-0.077
-0.057
-0.149
