-477.603
-463.215
-461.611
-466.351
-415.72
-462.884
-425.807
-479.085
-465.317
-471.104
-511.759
-512.255
-464.686
-516.648
-507.147
-520.422
-493.07
-515.203
-526.52
-505.083
-504.544
-484.115
-470.137
-501.488
-553.347
-488.941
-494.661
-516.974
-543.87
-488.582
-521.225
-513.188
-488.323
-515.471
-466.542
-479.219
-465.071
-516.377
-482.629
-480.16
-478.704
-496.196
-487.836
-489.407
-495.48
-463.675
-491.47
-499.097
-465.8
-484.913
-472.968
-497.51
-494.148
-505.912
-519.139
-495.787
-489.144
-525.23
-459.381
-494.699
-506.946
-508.928
-467.639
-474.364
-417.423
-417.223
-400.684
-438.321
-484.544
-482.766
-489.193
-472.499
-460.268
-398.254
-450.038
-433.468
-463.833
-437.506
-466.288
-463.168
-452.375
-458.794
-462.592
-445.191
-465.162
-467.84
-437.633
-488.943
-465.712
-471.673
-452.766
-467.057
-471.754
-457.774
-460.761
-532.099
-500.476
-477.749
-495.645
-480.232
-481.981
-440.639
-498.293
-480.102
-473.429
-503.93
-507.648
-433.7
-441.275
-488.493
-546.156
-492.937
-502.159
-503.569
-533.345
-488.99
-489.493
-523.028
-551.464
-549.46
-531.172
-512.35
-505.928
-545.293
-524.204
-508.865
-566.522
-514.401
-471.882
-454.068
-452.496
-449.265
-480.624
-475.599
-426.187
-419.13
-457.009
-487.965
-493.027
-422.234
-467.709
-419.147
-413.93
-448.01
-487.476
-449.944
-488.785
-441.628
-429.921
-451.465
-435.124
-433.598
-442.064
-406.507
-445.316
-463.338
-400.962
-431.346
-463.632
-460.118
-476.24
-479.188
-413.983
-432.092
-463.541
-465.184
-470.861
-487.137
-474.773
-488.628
-453.49
-499.374
-446.912
-484.267
-447.752
-448.595
-477.822
-513.82
-518.078
-519.857
-450.958
-514.787
-512.286
-506.252
-499.227
-553.922
-509.022
-517.249
-498.687
-430.937
-468.495
-465.765
-484.639
-460.665
-523.322
-483.995
-549.963
-534.033
-529.576
-499.395
-466.276
-474.728
-471.689
-557.074
-524.259
-538.541
-512.909
-485.348
-506.741
-572.195
-549.892
-516.209
-507.98
-487.253
-482.444
-482.909
-484.908
-483.207
-504.586
-502.79
-513.777
-498.831
-514.983
-531.922
-524.53
-545.22
-489.147
-575.414
-564.937
-606.872
-520.37
-516.215
-569.764
-550.026
-551.518
-520.329
-516.309
-522.078
-528.643
-548.487
-467.475
-465.486
-465.825
-532.093
-523.636
-526.571
-478.251
-518.905
-504.143
-517.708
-520.673
-557.712
-580.585
-563.46
-560.691
-542.657
-506.012
-507.103
-547.014
-525.785
-539.84
-534.517
-536.151
-541.607
-553.484
-574.079
-522.05
-538.618
-558.868
-510.491
-524.544
-559.019
-534.929
-542.736
-541.147
-490.447
-536.343
-455.65
-541.469
-463.221
-497.509
-487.56
-527.023
-417.533
-484.432
-477.189
-501.692
-552.59
-516.692
-555.544
-557.075
-502.704
-565.009
-533.223
-501.656
-557.958
-528.339
-574.273
-535.149
-545.067
-554.226
-562.015
-544.058
-546.022
-519.859
-499.956
-526.489
-551.375
-505.921
-531.778
-475.868
-584.447
-480.759
-459.504
-533.727
-473.839
-533.861
-525.765
-524.271
-530.498
-505.834
-537.132
-496.957
-526.594
-551.532
-455.89
-542.52
-500.101
-477.015
-491.892
-516.584
-510.962
-479.588
-477.381
-463.668
-471.355
-469.5
-480.557
-453.668
-484.875
-487.917
-469.629
-476.159
-450.078
-449.46
-500.856
-523.919
-502.364
-502.851
-495.188
-476.061
-481.728
-539.764
-510.989
-477.366
-488.556
-506.347
-478.648
-475.459
-437.343
-500.7
-454.012
-466.408
-495.065
-460.745
-459.636
-470.272
-508.342
-509.205
-477.36
-490.576
-514.941
-490.81
-449.481
-477.344
-525.333
-490.813
-488.935
-539.114
-567.752
-529.71
-499.975
-560.44
-471.367
-510.45
-521.789
-510.377
-541.422
-462.117
-485.287
-489.065
-490.242
-533.517
-542.194
-574.1
-600.518
-556.903
-525.927
-526.634
-517.368
-479.591
-515.888
-551.47
-561.932
-537.03
-510.773
-545.516
-531.908
-537.151
-514.662
-512.221
-466.998
-510.392
-479.953
-475.16
-450.801
-497.231
-519.51
-490.369
-549.084
-509.654
-560.856
-487.072
-510.882
-503.088
-502.169
-505.786
-548.397
-488.785
-461.317
-512.046
-540.276
-532.454
-557.56
-544.838
-507.053
-551.715
-532.67
-548.547
-523.668
-564.574
-514.889
-515.968
-486.059
-515.73
-554.492
-495.716
-489.172
-548.225
-524.223
-543.842
-572.74
-534.235
-541.48
-544.735
-497.052
-502.957
-498.863
-532.071
-502.389
-445.135
-511.414
-502.873
-513.519
-468.442
-502.54
-525.988
-527.41
-535.843
-490.19
-468.46
-463.177
-518.514
-512.29
-502.281
-513.021
-534.256
-535.875
-504.267
-506.245
-521.749
-496.708
-520.141
-478.292
-474.661
-483.917
-483.201
-495.941
-522.406
-515.59
-524.983
-492.348
-508.955
-506.279
-488.0
-511.383
-538.084
-509.318
-510.923
-547.056
-543.741
