-0.097
-0.185
-0.198
-0.245
-0.129
-0.189
-0.077
-0.21
-0.249
-0.258
-0.162
-0.269
-0.225
-0.272
-0.324
-0.163
-0.228
-0.305
-0.273
-0.304
-0.249
-0.344
-0.234
-0.228
-0.213
-0.265
-0.18
-0.269
-0.29
-0.206
-0.262
-0.195
-0.241
-0.215
-0.08
-0.066
-0.333
-0.308
-0.283
-0.268
-0.213
-0.131
-0.145
-0.324
-0.192
-0.198
-0.196
-0.23
-0.271
-0.166
-0.245
-0.234
-0.28
-0.096
-0.2
-0.222
-0.148
-0.256
-0.244
-0.209
-0.33
-0.336
-0.209
-0.208
-0.252
-0.21
-0.218
-0.241
-0.247
-0.191
-0.32
-0.304
-0.216
-0.254
-0.162
-0.16
-0.124
-0.234
-0.269
-0.255
-0.244
-0.261
-0.276
-0.179
-0.26
-0.337
-0.254
-0.197
-0.312
-0.153
-0.279
-0.139
-0.11
-0.184
-0.213
-0.199
-0.207
-0.191
-0.2
-0.149
-0.169
-0.119
-0.107
-0.183
-0.102
-0.168
-0.167
-0.097
-0.084
-0.193
-0.183
-0.137
-0.162
-0.271
-0.1
-0.237
-0.16
-0.228
-0.216
-0.248
-0.238
-0.301
-0.263
-0.142
-0.313
-0.321
-0.234
-0.232
-0.203
-0.214
-0.395
-0.238
-0.292
-0.223
-0.236
-0.172
-0.201
-0.306
-0.235
-0.264
-0.306
-0.193
-0.148
-0.203
-0.211
-0.239
-0.238
-0.225
-0.183
-0.148
-0.238
-0.185
-0.185
-0.251
-0.257
-0.293
-0.205
-0.219
-0.202
-0.308
-0.313
-0.278
-0.249
-0.18
-0.31
-0.282
-0.167
-0.197
-0.184
-0.172
-0.183
-0.272
-0.254
-0.265
-0.195
-0.234
-0.293
-0.242
-0.168
-0.204
-0.137
-0.161
-0.128
-0.159
-0.073
-0.197
-0.237
-0.069
-0.124
-0.244
-0.15
-0.102
-0.257
-0.166
-0.156
-0.081
-0.127
-0.22
-0.073
-0.245
-0.143
-0.156
-0.199
-0.034
-0.2
-0.275
-0.135
-0.078
-0.258
-0.103
-0.113
-0.223
-0.207
-0.169
-0.111
-0.047
-0.146
-0.135
-0.123
-0.083
-0.128
-0.178
-0.263
-0.06
-0.078
-0.065
-0.118
-0.161
-0.311
-0.185
-0.231
-0.104
-0.147
-0.067
-0.139
-0.172
-0.141
-0.209
-0.179
-0.13
-0.138
-0.127
-0.209
-0.049
-0.136
-0.119
-0.104
-0.176
-0.197
-0.113
-0.273
-0.226
-0.197
-0.258
-0.197
-0.168
-0.243
-0.203
-0.114
-0.269
-0.243
-0.148
-0.251
-0.173
-0.051
-0.127
-0.169
-0.141
-0.166
-0.128
-0.291
-0.192
-0.188
-0.235
-0.146
-0.015
-0.179
-0.098
-0.197
-0.175
-0.195
-0.216
-0.184
-0.188
-0.082
-0.033
-0.179
-0.176
-0.259
-0.11
-0.174
-0.171
-0.228
-0.225
-0.137
-0.197
-0.128
-0.172
-0.188
-0.189
-0.25
-0.111
-0.236
-0.291
-0.23
-0.186
-0.161
-0.16
-0.22
-0.365
-0.103
-0.288
-0.277
-0.253
-0.302
-0.294
-0.195
-0.287
-0.061
-0.187
-0.24
-0.106
-0.05
-0.191
-0.106
-0.192
-0.299
-0.209
-0.268
-0.153
-0.118
-0.119
-0.097
-0.138
-0.086
-0.128
-0.29
-0.163
-0.132
-0.233
-0.093
-0.159
-0.107
-0.034
-0.165
-0.218
-0.173
-0.121
-0.207
-0.283
-0.293
-0.207
-0.229
-0.158
-0.169
-0.242
-0.223
-0.124
-0.199
-0.109
-0.092
-0.215
-0.14
-0.167
-0.168
-0.103
-0.155
-0.164
-0.222
-0.157
-0.208
-0.222
-0.123
-0.14
-0.202
-0.178
-0.174
-0.158
-0.153
-0.288
-0.296
-0.293
-0.288
-0.205
-0.279
-0.339
-0.194
-0.213
-0.245
-0.284
-0.38
-0.14
-0.168
-0.226
-0.181
-0.362
-0.319
-0.228
-0.25
-0.176
-0.272
-0.188
-0.203
-0.382
-0.284
-0.205
-0.241
-0.245
-0.12
-0.318
-0.12
-0.28
-0.177
-0.206
-0.25
-0.279
-0.162
-0.227
-0.28
-0.245
-0.176
-0.173
-0.322
-0.354
-0.17
-0.204
-0.246
-0.318
-0.201
-0.247
-0.29
-0.166
-0.237
-0.368
-0.301
-0.225
-0.218
-0.312
-0.283
-0.433
-0.316
-0.412
-0.291
-0.315
-0.427
-0.432
-0.327
-0.235
-0.25
-0.292
-0.355
-0.245
-0.208
-0.349
-0.171
-0.304
-0.243
-0.27
-0.179
-0.149
-0.067
-0.317
-0.156
-0.37
-0.383
-0.319
-0.286
-0.216
-0.219
-0.288
-0.327
-0.304
-0.28
-0.231
-0.186
-0.251
-0.324
-0.225
-0.137
-0.315
-0.242
-0.202
-0.314
-0.178
-0.194
-0.145
-0.281
-0.251
-0.33
-0.122
-0.184
-0.313
-0.258
-0.201
-0.231
-0.23
-0.266
-0.248
-0.207
-0.287
-0.364
