-4.909
-4.496
-0.715
-3.322
-4.061
-5.154
-4.393
-4.01
-3.367
-2.744
-5.809
-1.22
-4.081
-1.451
-1.301
-0.091
-3.914
-0.388
-1.815
-3.911
-4.905
-2.885
-0.373
-3.369
0.625
-3.188
-1.987
-4.417
-6.549
-5.942
-3.448
-4.941
-4.529
-1.546
-4.968
-6.955
-5.278
-6.612
-6.111
-4.38
-5.602
-4.531
-4.573
-4.077
-5.581
-4.077
-4.907
-6.17
-4.407
-2.423
-4.558
-5.487
-6.55
-4.479
-5.857
-4.977
-4.263
-4.674
-2.598
-4.826
-4.837
-3.361
-4.062
-2.576
-6.322
-4.462
-1.448
-2.603
-4.051
-3.918
-5.58
-7.165
-6.403
-7.343
-5.289
-3.374
-6.138
-5.611
-4.964
-5.874
-6.5
-4.491
-6.413
-3.051
-4.366
-2.655
-3.406
-2.525
-5.526
-3.763
-4.828
-5.157
-6.275
-3.115
-3.887
-2.287
-1.55
-4.667
-6.259
-3.231
-5.736
-5.265
-5.505
-5.147
-6.682
-6.357
-5.606
-5.095
-5.985
-4.292
-6.38
-1.098
-5.34
-5.09
-4.115
-4.887
-3.34
-3.432
-2.685
-4.733
-2.028
-2.4
-5.194
-3.082
-3.831
-2.332
-5.031
-4.531
-5.111
-2.262
-0.272
-5.211
-2.552
-4.556
-4.073
-3.175
-0.067
-0.623
-3.18
-2.314
-0.461
-4.289
-1.875
-1.641
-2.744
-4.792
-1.404
-4.323
-4.453
-1.633
-2.007
-2.768
-5.2
-0.735
-0.124
-1.489
-1.252
-1.401
-3.069
-0.197
-3.131
-2.314
-2.624
-4.965
-3.127
-4.178
-1.49
-5.17
-4.052
-1.069
-3.36
-1.303
-2.289
-3.575
-3.539
-1.143
-2.513
-4.187
-5.182
1.718
-5.645
-2.148
-3.66
-7.657
-1.491
-3.261
-1.33
-4.606
-1.041
-4.944
-6.122
-7.185
-4.451
-4.508
-2.999
-5.799
-4.784
-3.719
-6.025
-6.76
-4.308
-6.507
-2.261
-6.881
-5.75
-4.282
-6.747
-6.936
-6.47
-7.011
-8.765
-7.781
-5.178
-5.201
-7.144
-3.564
-4.499
-6.622
-5.777
-6.873
-4.652
-6.426
-4.271
-6.612
-8.829
-6.401
-5.015
-7.815
-8.666
-9.583
-6.039
-5.03
-6.156
-7.645
-3.198
-5.917
-6.401
-3.96
-7.798
-8.022
-6.089
-8.064
-6.456
-6.093
-7.252
-6.454
-3.945
-2.687
-5.508
-5.182
-4.808
-7.321
-6.49
-5.013
-6.436
-6.353
-3.44
-8.065
-6.82
-8.764
-6.373
-6.782
-5.277
-5.606
-4.221
-6.019
-3.031
-9.496
-6.906
-5.998
-2.566
-4.731
-3.384
-3.898
-7.2
-8.353
-7.954
-1.35
-6.147
-3.639
-5.122
-4.9
-1.276
-2.676
-6.22
-1.848
-6.529
-5.598
-5.517
-4.924
-4.788
-3.293
-1.824
-4.191
-2.707
-3.151
-4.476
-2.965
-4.341
-2.336
-4.792
-3.817
-3.684
-8.079
-6.364
-3.258
-5.264
-5.724
-3.688
-4.178
-2.692
-4.914
-5.417
-6.252
-4.609
-6.412
-1.942
-5.933
-2.211
-7.639
-2.364
-3.102
-4.835
-5.483
-6.73
-4.357
-1.965
-4.599
-6.83
-2.71
-1.496
-3.453
-4.702
-2.527
-2.219
-1.005
-0.847
-3.146
-1.985
-4.511
-5.295
-6.018
-5.651
-4.088
-0.657
-2.586
-2.873
-4.397
-6.714
-5.526
-4.505
-4.236
-5.373
-8.304
-4.653
-1.778
-4.496
-6.436
-1.622
-5.67
-3.888
-3.605
-2.321
-4.146
-8.272
-1.103
-4.035
-2.99
-5.64
-5.728
-6.699
-2.568
-1.435
-0.735
-1.812
-2.994
-0.322
-1.179
-7.609
-2.681
-4.154
-2.809
-3.452
-6.583
-4.062
-3.834
-7.481
-6.613
-6.389
-8.804
-5.476
-6.965
-3.633
-5.076
-6.589
-6.633
-4.397
-6.069
-6.875
-7.605
-4.239
-5.88
-8.067
-6.191
-4.826
-7.045
-8.851
-6.571
-5.503
-2.766
-6.442
-2.682
-5.113
-7.548
-6.784
-4.118
-6.74
-6.0
-8.27
-6.066
-7.529
-4.954
-7.234
-5.112
-8.379
-8.1
-8.438
-8.627
-7.059
-5.022
-8.742
-3.767
-8.152
-6.919
0.679
-7.329
-5.757
-5.852
-6.177
-6.104
-6.013
-4.035
-9.028
-4.519
-7.825
-8.563
-4.929
-6.569
-5.687
-4.478
-6.739
-5.279
-6.916
-7.471
-6.998
-9.355
-8.101
-6.2
-5.685
-4.914
-0.172
-6.008
-4.919
-7.609
-2.464
-2.348
-7.064
-8.148
-8.06
-7.694
-4.357
-6.947
-5.473
-7.973
-3.548
-4.038
-5.534
-4.931
-3.398
-2.904
-3.91
-3.698
-6.408
-7.025
-4.824
-5.262
-5.618
-7.574
-6.237
-4.452
-3.482
-8.897
-3.817
-4.92
-5.407
-3.91
-5.67
-5.698
-8.002
-7.065
-7.761
