-65.35
-56.53
-60.75
-60.34
-61.65
-67.0
-56.95
-65.38
-66.38
-63.39
-60.59
-60.41
-63.01
-73.67
-63.32
-70.12
-62.82
-74.07
-73.64
-65.77
-68.34
-61.28
-64.18
-68.9
-74.67
-64.47
-71.58
-63.53
-67.27
-71.03
-69.05
-62.41
-72.35
-62.83
-59.3
-61.61
-65.67
-57.92
-60.78
-59.65
-54.71
-60.17
-60.9
-60.49
-60.4
-61.05
-52.24
-62.25
-57.86
-56.95
-59.88
-57.05
-61.33
-64.41
-65.12
-63.58
-61.69
-68.29
-64.29
-64.21
-70.89
-70.76
-65.91
-68.14
-63.83
-63.02
-63.3
-68.97
-68.17
-73.7
-76.08
-76.39
-68.55
-65.45
-71.74
-64.51
-66.61
-67.31
-59.38
-62.58
-66.5
-65.64
-71.56
-71.4
-71.59
-70.23
-65.59
-72.73
-64.48
-72.35
-68.59
-63.65
-66.33
-70.9
-56.97
-68.87
-68.1
-57.78
-57.35
-65.65
-67.61
-63.16
-63.89
-73.11
-72.11
-64.55
-64.1
-66.47
-65.96
-59.94
-76.0
-68.09
-71.19
-64.38
-68.76
-73.58
-66.15
-73.71
-74.81
-76.34
-62.22
-66.94
-65.37
-72.25
-74.7
-67.74
-65.12
-73.65
-65.9
-63.66
-69.28
-63.36
-71.23
-61.82
-67.03
-70.35
-69.83
-71.08
-68.91
-65.18
-67.37
-64.47
-62.43
-66.66
-70.29
-72.88
-66.47
-67.92
-67.01
-65.45
-63.93
-63.09
-63.59
-64.08
-64.2
-59.09
-59.57
-57.5
-65.04
-60.69
-61.65
-67.53
-68.17
-65.83
-76.38
-70.8
-76.12
-72.72
-73.86
-66.12
-70.65
-64.94
-61.71
-73.01
-67.26
-68.85
-73.35
-69.74
-73.14
-80.2
-64.12
-77.82
-77.96
-79.46
-74.9
-74.45
-73.66
-74.29
-69.07
-70.55
-67.07
-71.97
-65.34
-71.27
-77.01
-69.38
-66.34
-71.37
-70.7
-73.18
-67.61
-68.95
-60.03
-66.97
-71.19
-65.47
-64.22
-74.32
-73.19
-68.8
-71.66
-72.65
-66.91
-70.65
-70.24
-71.63
-69.41
-69.4
-69.63
-65.16
-64.49
-71.93
-65.46
-73.51
-69.46
-70.35
-69.65
-74.53
-75.82
-75.59
-74.96
-81.21
-82.28
-71.68
-79.97
-82.22
-75.74
-71.5
-75.24
-70.79
-77.7
-66.67
-68.01
-69.94
-80.56
-81.12
-75.19
-84.14
-69.86
-78.27
-72.7
-81.43
-85.38
-75.35
-82.32
-76.25
-81.55
-80.16
-68.84
-72.25
-79.99
-69.93
-86.25
-86.16
-89.14
-78.0
-74.49
-80.77
-77.69
-77.53
-75.89
-77.36
-76.75
-70.42
-77.46
-65.14
-74.27
-64.83
-69.65
-69.81
-73.7
-64.13
-66.36
-59.96
-70.28
-67.71
-83.94
-83.92
-70.86
-74.24
-66.88
-73.51
-83.81
-74.49
-79.03
-78.74
-69.59
-67.94
-73.8
-73.39
-80.3
-77.24
-74.44
-67.89
-73.86
-71.86
-78.28
-73.0
-77.52
-76.08
-70.69
-78.38
-75.12
-77.98
-76.95
-69.64
-67.19
-70.52
-75.17
-74.98
-70.46
-69.69
-65.51
-72.12
-74.35
-61.39
-74.39
-71.32
-64.98
-67.85
-68.61
-58.89
-64.54
-60.75
-62.08
-61.59
-63.21
-70.05
-64.74
-66.06
-60.69
-71.37
-60.52
-58.0
-60.71
-60.85
-64.25
-63.0
-61.84
-68.57
-67.77
-71.81
-70.9
-71.14
-67.88
-65.19
-72.57
-62.4
-74.89
-68.93
-61.16
-55.55
-67.93
-65.98
-64.27
-55.49
-62.89
-65.52
-74.34
-68.58
-63.66
-64.71
-70.04
-70.45
-68.54
-68.53
-70.44
-73.59
-72.83
-75.54
-69.37
-75.35
-74.14
-71.82
-79.93
-67.86
-63.24
-65.28
-67.03
-70.03
-72.01
-57.89
-72.41
-80.49
-68.02
-76.52
-68.04
-69.43
-61.54
-75.22
-57.44
-74.0
-73.74
-78.66
-77.49
-72.87
-72.8
-72.48
-76.23
-68.52
-74.95
-68.38
-69.03
-56.61
-63.66
-66.28
-69.95
-72.37
-68.44
-74.27
-66.99
-70.75
-73.12
-75.31
-74.38
-65.73
-61.23
-78.35
-65.35
-79.46
-76.02
-70.46
-67.19
-67.06
-61.86
-64.19
-70.37
-63.7
-68.38
-80.34
-74.52
-61.8
-73.61
-69.12
-68.19
-72.54
-70.24
-66.43
-74.19
-70.33
-70.7
-72.36
-60.95
-78.69
-73.45
-73.24
-73.13
-69.4
-64.65
-68.16
-67.24
-64.45
-70.74
-75.41
-76.13
-68.86
-70.12
-60.6
-65.91
-70.4
-71.94
-70.82
-70.24
-68.5
-66.1
-73.13
-78.28
-68.44
-72.26
-68.46
-71.68
-76.7
-70.72
-73.06
-67.09
-76.84
-71.14
-67.68
-72.24
-67.9
-74.04
-68.65
-70.59
-70.73
-67.95
-77.04
-74.4
-79.29
-74.65
-69.23
-72.85
