-2.277
-1.986
-1.487
-1.804
-1.644
-1.739
-1.349
-1.531
-1.724
-1.521
-1.643
-1.339
-2.492
-1.64
-1.532
-1.855
-1.447
-0.805
-1.735
-2.268
-1.298
-1.92
-1.904
-1.892
-1.65
-1.102
-1.685
-2.409
-1.935
-2.192
-1.519
-1.344
-1.998
-1.149
-1.791
-1.493
-1.38
-1.586
-2.028
-1.218
-1.223
-1.707
-1.893
-2.037
-2.448
-2.078
-1.728
-1.652
-0.958
-1.218
-1.537
-1.285
-1.419
-2.128
-1.368
-1.369
-2.058
-1.737
-1.892
-1.125
-2.054
-1.681
-1.549
-1.026
-1.855
-2.314
-1.644
-1.444
-2.008
-1.257
-1.563
-1.999
-1.867
-1.651
-1.563
-1.457
-1.228
-1.494
-1.677
-1.485
-1.538
-1.172
-1.445
-2.027
-1.799
-1.653
-1.279
-2.507
-1.768
-1.365
-1.418
-2.258
-1.301
-1.893
-1.57
-1.434
-1.448
-1.261
-2.103
-1.52
-1.659
-1.689
-1.629
-1.226
-1.876
-1.922
-1.44
-1.77
-2.071
-1.552
-1.701
-1.787
-0.995
-2.189
-1.722
-2.064
-1.68
-2.144
-1.339
-1.651
-1.418
-1.312
-1.477
-1.096
-1.635
-1.59
-1.428
-1.446
-1.621
-1.617
-2.161
-1.819
-1.212
-1.818
-1.231
-1.714
-1.505
-2.041
-1.635
-1.259
-0.953
-1.873
-2.188
-1.506
-1.38
-1.862
-1.384
-1.873
-1.973
-1.429
-1.64
-2.095
-1.736
-1.975
-1.652
-0.766
-1.253
-1.6
-0.869
-1.487
-0.374
-0.839
-1.739
-2.195
-2.209
-1.597
-1.968
-1.611
-1.008
-0.879
-1.95
-2.019
-1.219
-1.91
-1.944
-1.957
-1.547
-1.707
-1.542
-1.85
-1.333
-1.286
-1.699
-1.688
-0.995
-1.411
-1.682
-1.677
-2.064
-1.588
-1.963
-1.548
-1.047
-0.838
-1.669
-1.428
-1.574
-1.201
-1.971
-1.639
-1.918
-1.858
-1.501
-1.776
-1.801
-2.057
-1.434
-1.29
-1.371
-1.822
-1.957
-1.574
-0.687
-1.955
-1.68
-1.789
-0.988
-1.687
-1.898
-0.959
-1.545
-1.588
-1.072
-1.921
-1.271
-1.485
-1.848
-1.293
-1.446
-1.843
-1.976
-1.422
-1.758
-2.12
-1.853
-1.29
-0.364
-0.735
-1.139
-1.991
-1.424
-1.455
-1.596
-1.878
-1.723
-1.882
-1.638
-1.345
-2.04
-1.891
-1.741
-2.033
-1.992
-2.135
-1.709
-2.132
-1.836
-1.804
-1.714
-2.628
-2.143
-1.645
-1.99
-2.415
-2.158
-2.159
-1.981
-1.88
-2.021
-2.007
-1.523
-2.254
-1.923
-1.217
-1.791
-2.225
-1.455
-1.676
-1.26
-1.841
-1.904
-1.473
-1.786
-1.226
-1.852
-2.012
-2.249
-1.762
-1.874
-1.202
-2.364
-1.789
-1.363
-1.188
-2.089
-1.669
-2.044
-1.67
-2.068
-2.122
-1.721
-1.63
-1.365
-1.791
-1.263
-1.829
-1.755
-1.004
-1.537
-1.686
-1.587
-1.842
-2.171
-1.151
-1.852
-1.413
-1.515
-1.471
-2.008
-1.166
-1.177
-1.775
-1.578
-2.003
-1.699
-1.258
-1.141
-1.593
-1.688
-1.52
-1.381
-1.428
-1.482
-1.42
-0.918
-1.171
-1.417
-1.692
-1.287
-1.592
-0.928
-1.751
-1.593
-1.015
-1.399
-0.939
-1.587
-1.336
-1.14
-1.79
-1.833
-1.484
-1.837
-1.957
-1.547
-0.771
-1.566
-1.194
-1.892
-1.486
-0.988
-1.335
-1.813
-1.87
-1.416
-1.491
-1.429
-1.176
-2.289
-1.753
-1.867
-1.607
-2.096
-2.212
-1.549
-1.789
-2.367
-1.294
-1.272
-1.064
-1.355
-2.254
-1.908
-1.991
-1.591
-1.603
-1.393
-0.573
-1.865
-1.432
-1.912
-0.74
-1.797
-2.068
-0.978
-1.624
-1.401
-1.496
-1.482
-1.431
-2.104
-2.155
-2.098
-1.739
-1.631
-1.861
-1.498
-1.198
-1.922
-1.967
-1.168
-1.711
-1.675
-1.174
-1.541
-2.115
-2.722
-1.696
-2.281
-1.916
-1.403
-2.292
-1.6
-2.208
-2.246
-1.847
-2.078
-1.683
-0.979
-2.146
-1.963
-0.698
-2.182
-1.902
-1.92
-1.603
-1.399
-1.762
-2.352
-1.947
-1.689
-1.308
-0.993
-2.245
-1.688
-1.456
-1.554
-0.841
-1.241
-1.83
-1.596
-2.238
-1.624
-2.136
-1.297
-2.079
-2.055
-1.843
-1.91
-1.914
-1.302
-1.77
-2.299
-2.314
-1.607
-1.747
-2.373
-1.492
-1.678
-1.573
-1.697
-1.723
-1.288
-1.994
-1.369
-2.191
-2.339
-1.825
-1.235
-1.184
-2.298
-1.499
-2.167
-2.152
-1.99
-1.371
-1.432
-1.768
-1.912
-1.999
-2.38
-1.72
-2.275
-1.682
-1.951
-2.234
-2.13
-2.515
-1.976
-2.287
-2.315
