-306.192
-282.042
-268.946
-284.137
-256.875
-285.224
-217.22
-288.311
-292.595
-289.436
-358.015
-311.245
-309.057
-312.998
-306.624
-328.214
-249.655
-302.912
-352.902
-295.667
-343.236
-284.612
-306.13
-294.334
-357.929
-304.094
-316.145
-317.973
-299.651
-283.758
-287.46
-299.672
-285.31
-262.064
-288.344
-315.633
-296.048
-337.618
-286.316
-286.686
-293.372
-306.264
-304.23
-267.872
-310.406
-233.868
-291.916
-283.85
-301.449
-270.181
-243.135
-286.151
-295.23
-299.749
-299.012
-232.516
-263.153
-266.445
-314.988
-287.1
-276.654
-288.667
-293.787
-233.465
-232.827
-250.27
-239.673
-192.086
-285.335
-265.421
-218.241
-221.894
-268.265
-238.704
-326.266
-257.48
-261.238
-249.121
-288.572
-255.778
-266.66
-291.33
-327.773
-295.942
-326.787
-283.769
-247.447
-297.328
-267.136
-283.63
-263.414
-272.156
-276.411
-273.805
-271.62
-279.661
-275.558
-219.579
-281.649
-258.727
-230.948
-277.06
-310.276
-257.377
-303.121
-261.734
-332.922
-289.336
-294.365
-250.98
-325.732
-318.425
-301.514
-277.631
-326.306
-302.713
-316.337
-315.827
-342.939
-307.873
-301.059
-284.564
-293.024
-332.013
-304.034
-236.557
-301.743
-282.595
-273.682
-276.975
-287.41
-276.518
-312.227
-281.198
-216.915
-251.395
-246.934
-228.872
-237.761
-222.224
-215.815
-257.44
-221.666
-229.735
-266.915
-242.122
-255.854
-248.35
-247.16
-250.818
-252.06
-229.684
-269.194
-232.789
-247.831
-266.018
-225.597
-233.186
-264.965
-284.086
-301.044
-302.127
-275.862
-276.842
-313.794
-317.288
-310.089
-312.603
-313.767
-298.294
-272.497
-315.322
-255.65
-334.593
-286.839
-268.746
-293.012
-236.349
-309.148
-273.991
-289.484
-307.765
-286.858
-298.552
-331.819
-352.923
-344.514
-335.2
-310.171
-281.896
-312.403
-333.782
-295.49
-344.923
-351.233
-310.785
-342.361
-360.011
-358.656
-340.607
-300.32
-267.411
-249.056
-313.914
-371.729
-345.458
-319.196
-285.74
-313.553
-330.994
-327.716
-312.903
-288.088
-349.199
-297.891
-318.162
-312.614
-283.043
-333.927
-278.038
-319.63
-349.309
-311.305
-369.783
-384.603
-369.408
-320.343
-381.858
-362.882
-454.883
-408.921
-412.612
-446.76
-406.569
-419.637
-450.955
-421.693
-422.167
-409.539
-394.313
-359.03
-341.782
-331.928
-429.859
-398.798
-398.143
-407.054
-398.128
-398.242
-394.61
-387.096
-407.491
-424.604
-395.58
-382.47
-414.671
-376.892
-405.22
-403.136
-405.547
-396.665
-357.202
-378.734
-423.365
-362.41
-385.737
-368.166
-413.29
-413.706
-384.748
-415.018
-388.353
-419.975
-342.077
-360.199
-359.938
-378.115
-313.396
-331.704
-318.999
-318.479
-332.195
-363.45
-345.726
-322.911
-363.543
-341.362
-302.353
-329.635
-381.261
-334.62
-354.957
-361.53
-333.256
-336.343
-309.036
-384.556
-362.291
-369.811
-350.056
-369.278
-327.906
-378.521
-350.035
-325.3
-319.593
-382.685
-313.821
-327.729
-321.625
-260.905
-350.992
-309.795
-315.895
-308.283
-322.142
-334.602
-333.149
-299.613
-351.764
-302.161
-270.867
-258.811
-329.214
-315.689
-292.272
-325.845
-312.097
-272.644
-240.35
-276.238
-246.81
-276.028
-266.36
-267.007
-242.525
-316.809
-264.91
-267.44
-254.189
-283.374
-252.786
-246.598
-280.321
-279.391
-263.774
-357.206
-288.05
-278.492
-312.229
-308.632
-300.24
-326.835
-359.806
-315.799
-293.903
-328.902
-275.494
-282.715
-272.928
-282.303
-255.247
-295.595
-309.77
-295.848
-293.539
-271.304
-298.077
-269.501
-310.425
-294.551
-297.96
-311.66
-294.494
-278.973
-309.224
-278.532
-269.492
-292.764
-313.541
-278.057
-369.556
-375.874
-309.1
-346.053
-310.238
-327.433
-337.656
-292.29
-307.014
-343.363
-286.156
-353.408
-335.411
-329.18
-373.058
-356.563
-351.917
-349.547
-339.478
-346.245
-306.357
-325.059
-362.329
-315.262
-348.168
-327.321
-345.418
-306.201
-324.82
-316.977
-281.501
-304.21
-314.031
-333.366
-338.731
-296.214
-333.345
-329.026
-408.64
-362.016
-343.298
-318.53
-348.017
-279.661
-330.122
-281.363
-325.013
-231.089
-247.384
-271.347
-312.123
-340.715
-377.448
-350.633
-328.608
-360.46
-377.319
-358.518
-337.982
-376.94
-368.789
-395.705
-306.835
-378.648
-327.102
-303.493
-333.256
-350.616
-304.558
-323.766
-341.243
-316.025
-332.644
-299.099
-317.582
-330.058
-309.546
-344.96
-342.307
-318.293
-297.41
-271.567
-391.1
-354.534
-332.556
-339.582
-329.344
-326.382
-321.616
-307.47
-322.906
-333.982
-321.355
-304.692
-307.473
-357.01
-359.876
-402.553
-374.337
-371.405
-396.96
-352.342
-348.324
-338.594
-349.691
-312.145
-338.348
-367.508
-285.177
-357.618
-339.284
-351.546
-338.94
-376.015
-338.658
-346.767
-367.197
-392.903
-329.472
-363.509
