-20.364
-21.657
-23.751
-19.747
-20.043
-19.648
-23.588
-19.598
-21.232
-20.364
-17.932
-13.727
-20.337
-20.673
-17.335
-18.044
-19.078
-21.726
-18.774
-13.453
-10.052
-19.154
-18.459
-18.914
-21.765
-11.254
-20.114
-17.374
-18.247
-19.609
-18.115
-13.762
-18.455
-15.119
-18.944
-18.714
-16.886
-19.166
-17.952
-16.221
-19.188
-13.171
-16.545
-15.823
-16.783
-18.675
-14.074
-10.029
-17.58
-15.522
-19.248
-21.17
-19.489
-15.163
-18.15
-15.892
-16.583
-20.472
-16.879
-15.262
-16.359
-18.536
-14.708
-16.032
-17.796
-21.268
-16.096
-13.706
-16.678
-20.939
-19.228
-18.292
-18.016
-18.876
-19.651
-17.917
-14.235
-17.041
-13.714
-13.054
-9.071
-16.406
-19.769
-21.619
-17.965
-21.372
-17.674
-8.45
-20.169
-20.265
-19.413
-17.36
-20.713
-17.622
-17.95
-19.921
-14.427
-10.783
-14.603
-19.998
-19.975
-14.933
-17.011
-23.307
-22.61
-13.313
-21.965
-19.338
-22.279
-17.04
-22.159
-15.867
-17.646
-20.507
-19.048
-16.915
-16.746
-22.242
-15.217
-21.505
-16.475
-18.364
-17.985
-16.885
-17.693
-15.987
-20.958
-17.585
-22.428
-20.629
-19.487
-19.075
-18.023
-18.67
-17.564
-20.247
-21.523
-18.559
-21.078
-16.487
-16.078
-18.917
-22.14
-16.742
-21.109
-23.769
-20.859
-18.315
-21.223
-18.773
-19.646
-18.87
-17.803
-17.471
-18.808
-20.171
-16.33
-19.226
-19.581
-17.905
-20.025
-19.821
-16.283
-16.848
-18.202
-20.614
-19.423
-16.597
-22.193
-15.143
-17.875
-11.897
-15.691
-15.697
-16.053
-20.668
-15.696
-16.184
-16.16
-22.532
-13.264
-16.021
-22.328
-18.156
-19.751
-15.733
-17.206
-22.927
-17.545
-16.177
-14.95
-17.816
-16.245
-19.785
-22.615
-12.176
-17.081
-15.64
-20.595
-19.414
-14.983
-14.484
-18.319
-18.49
-21.553
-18.79
-19.789
-16.832
-19.47
-20.024
-18.708
-23.631
-16.239
-22.302
-16.603
-22.887
-19.312
-18.872
-13.592
-21.25
-17.221
-20.038
-22.954
-21.034
-19.586
-21.547
-20.084
-19.205
-17.347
-25.408
-18.014
-22.243
-25.714
-21.214
-18.734
-22.595
-21.779
-26.122
-22.121
-17.633
-19.107
-11.028
-22.354
-17.636
-21.589
-21.371
-20.007
-20.505
-16.016
-24.715
-21.347
-19.22
-28.702
-20.737
-24.18
-25.103
-27.929
-25.132
-20.555
-25.391
-22.988
-22.409
-22.408
-24.466
-23.305
-17.797
-15.459
-21.299
-23.351
-19.89
-23.005
-22.407
-22.575
-17.86
-18.558
-16.448
-12.98
-14.946
-15.19
-16.154
-20.727
-19.623
-20.718
-18.377
-16.065
-17.219
-21.952
-20.979
-16.95
-13.453
-15.109
-18.071
-12.606
-17.654
-18.425
-16.86
-28.184
-17.821
-23.261
-21.088
-20.578
-16.538
-19.188
-16.838
-18.769
-15.393
-23.345
-17.786
-14.589
-21.78
-15.798
-17.086
-18.578
-15.348
-18.744
-19.067
-23.042
-19.737
-16.111
-17.168
-12.506
-17.006
-18.655
-19.568
-20.666
-22.273
-19.233
-15.401
-22.531
-18.86
-21.172
-15.195
-15.047
-16.384
-14.159
-19.152
-14.913
-15.355
-17.613
-12.68
-12.277
-11.096
-19.812
-15.779
-14.343
-15.525
-18.157
-19.623
-21.583
-19.937
-17.369
-18.573
-18.769
-17.51
-21.686
-19.757
-18.849
-13.979
-18.076
-16.631
-20.763
-16.374
-16.413
-18.716
-20.574
-18.704
-18.271
-17.519
-21.778
-17.074
-18.708
-17.799
-14.541
-21.212
-16.938
-18.419
-20.074
-19.922
-21.579
-18.949
-14.983
-18.515
-20.183
-18.431
-23.224
-20.807
-14.901
-19.355
-19.091
-17.006
-18.901
-21.128
-16.471
-18.532
-19.859
-21.056
-20.416
-19.138
-19.578
-17.264
-13.515
-16.793
-13.883
-19.553
-17.881
-20.711
-19.601
-17.26
-17.772
-22.86
-14.366
-18.537
-20.246
-14.318
-20.373
-20.751
-21.09
-17.816
-23.843
-18.079
-19.394
-13.7
-18.997
-23.3
-20.907
-22.426
-17.635
-19.79
-20.049
-19.011
-18.567
-18.072
-18.663
-21.644
-15.183
-18.639
-9.657
-14.154
-21.215
-20.033
-22.806
-17.005
-14.986
-19.187
-20.932
-17.494
-21.526
-14.324
-18.7
-20.88
-18.971
-13.505
-22.699
-20.669
-15.902
-17.91
-22.434
-18.522
-22.373
-16.701
-20.058
-14.2
-17.985
-17.227
-20.988
-19.257
-19.203
-20.614
-16.801
-14.787
-20.14
-19.492
-19.649
-19.365
-17.769
-20.809
-17.806
-14.136
-13.153
-20.362
-21.968
-19.8
-21.291
-17.047
-16.498
-15.354
-22.76
-19.723
-23.757
-18.637
-24.512
-16.922
-20.786
-17.857
-25.854
-25.295
-21.542
-25.023
-14.796
-10.749
-18.581
