-6.219
-6.266
-6.92
-3.16
-4.687
-2.442
-4.114
-1.835
-4.552
-3.745
-5.061
-3.896
-4.594
-5.138
-1.497
-2.435
-5.958
-3.531
-2.146
-5.058
-2.583
-6.637
-4.725
-4.892
-5.038
-3.538
-3.354
-3.917
-3.119
-3.056
-4.213
-3.902
-4.467
-1.524
-3.248
-4.26
-5.825
-4.614
-5.315
-3.943
-5.307
-2.158
-4.95
-2.929
-4.235
-4.623
-1.898
-5.354
-5.759
-3.115
-4.015
-2.189
-3.984
-2.142
-3.135
-2.032
-1.513
-4.068
-0.627
-4.765
-1.679
-4.193
-5.372
-3.321
-4.092
-4.925
-4.018
-3.713
-3.517
-3.475
-5.109
-4.057
-5.562
-4.114
-1.615
-2.657
-3.483
-6.21
-6.857
-3.877
-3.552
-4.956
-2.495
-4.419
-5.027
-2.775
-3.675
-1.006
-5.814
-3.106
-3.452
-2.985
-2.412
-5.165
-5.432
-2.028
-1.59
-4.502
-4.105
-5.056
-4.016
-3.109
-5.514
-3.769
-4.941
-3.116
-2.681
-5.426
-4.565
-4.272
-4.038
-0.909
-3.614
-2.598
-4.735
-2.538
-2.65
0.094
-2.212
-1.546
-2.082
-4.988
-2.576
-0.094
-1.798
-5.01
-2.388
-2.446
-1.772
-0.766
-6.413
-5.575
-6.968
-5.492
-4.78
-3.131
-4.856
-3.924
-2.504
-2.201
-2.037
-3.387
-3.435
-2.922
-3.674
-3.363
-3.226
-6.43
-4.284
-6.34
-4.71
-5.082
-6.254
-5.265
-5.052
-6.935
-5.167
-4.761
-6.62
-4.97
-4.844
-7.787
-7.357
-4.518
-6.323
-6.646
-3.192
-4.637
-6.663
-4.141
-5.283
-6.444
-6.739
-4.91
-5.98
-4.464
-7.059
-5.268
-5.154
-4.45
-4.659
-5.997
-3.554
-5.559
-4.12
-5.607
-6.694
-4.306
-2.181
-5.077
-5.81
-2.506
0.918
0.244
-0.818
-2.513
-1.064
-1.537
-0.337
1.852
-1.768
-3.951
-1.251
-4.038
-2.379
-0.804
-1.875
-2.954
-2.872
-4.996
-2.213
-0.865
-4.13
-2.701
0.107
0.675
2.234
1.621
2.188
1.003
1.132
-0.876
-1.787
0.399
-2.899
-3.534
-0.164
0.184
-3.064
-3.463
-2.377
0.524
1.575
1.01
-2.917
-3.316
-0.227
0.721
-4.315
0.182
-3.768
-1.23
-2.911
-3.212
-3.633
-2.014
-1.61
-2.114
-2.515
-2.22
-2.885
1.292
-1.762
-3.084
-3.191
1.274
-3.177
-1.226
-2.154
0.179
-1.761
2.18
-2.645
-0.812
1.058
-2.376
1.261
-1.49
-2.74
-2.048
-1.94
-1.437
2.389
-0.64
0.772
-0.966
0.915
-1.486
-0.457
-2.512
0.496
-2.018
-0.658
-1.358
0.983
-1.334
-3.385
-3.982
-3.017
-3.538
-1.442
-2.285
-1.535
-3.243
-0.643
1.034
-3.615
-0.934
-1.746
2.36
-1.54
-0.305
1.849
-0.626
-1.995
-1.038
-1.868
-0.84
-1.129
-0.531
-2.743
-0.381
0.193
-0.321
-0.498
-1.812
0.297
0.293
-2.218
-0.211
0.323
0.499
0.462
0.441
-2.815
-1.457
-0.249
0.338
-1.395
-1.588
-1.216
-4.44
0.038
-3.583
-0.181
1.156
-1.215
-2.39
-1.955
-1.76
-2.782
-6.25
-2.369
-2.151
-2.278
1.274
-2.086
-1.246
-0.573
1.844
-3.358
-2.367
-1.549
-0.681
-2.509
-0.883
-3.089
-2.058
-1.804
-0.846
-0.688
-2.809
-2.575
-0.306
-1.388
-0.403
-1.064
-2.551
-3.297
-2.837
-2.125
-1.437
-2.701
-0.816
-1.501
-1.435
-0.413
-1.68
-0.557
-1.971
-0.733
-3.46
-1.931
-1.394
-0.808
-2.124
-2.739
-5.01
-1.912
-1.612
-0.512
0.875
-1.141
-1.796
1.003
-2.639
-0.553
0.253
0.544
-2.134
-1.697
-0.521
0.532
0.18
-2.024
1.236
0.662
1.49
-0.203
-1.26
-0.399
-0.159
-0.668
-1.113
-1.879
-0.074
-1.446
-1.97
-0.923
1.167
0.304
1.412
-0.421
-0.605
0.314
-1.318
-2.853
-1.051
-1.37
-0.718
-1.467
-0.136
-1.947
-1.411
-1.497
2.193
-1.229
-0.893
-1.356
2.26
-1.069
1.873
1.15
-1.275
-3.002
-0.189
-3.618
-0.921
-3.768
-4.78
-1.131
-2.322
-1.559
0.628
-1.948
-1.365
-0.122
-1.783
-1.277
-3.778
-1.584
-1.114
-3.439
-1.057
-3.201
-0.775
-1.643
-2.915
-2.233
-6.05
-0.999
-2.705
-2.671
-1.286
1.265
-1.745
-2.047
-0.636
-2.071
-3.38
-2.663
-1.267
-0.497
-2.648
-0.718
-2.327
-4.405
-3.79
0.095
-2.896
-4.728
-2.715
-4.002
-4.993
-3.956
-4.246
-4.146
-1.661
-1.597
-2.023
-1.941
