0.011
-0.351
-0.771
-0.125
-0.793
-0.593
-0.749
-1.041
-0.534
-0.259
0.108
-0.964
-0.412
-0.715
-0.793
-0.437
-1.011
-0.816
-0.78
-0.521
-1.062
-1.319
-0.592
-1.142
-0.489
-1.194
-0.179
-0.926
-0.841
-0.372
-0.446
-0.511
0.006
0.507
0.081
-0.336
-0.393
-0.872
-0.011
-0.253
-0.084
-0.875
-0.951
-0.495
-0.607
-0.599
0.16
-0.501
-0.644
-0.271
-0.23
-0.405
-0.243
-0.383
-0.914
-0.09
-0.761
-0.75
-0.717
-0.936
-0.53
-0.195
-0.379
0.303
0.091
-0.356
-0.573
-0.545
-0.034
0.087
-0.344
-0.21
-0.49
-0.586
0.055
0.282
-0.912
-0.94
-0.734
-0.365
-0.679
-0.409
0.25
-0.404
-0.505
-0.699
-0.764
-0.288
-0.043
-0.279
-0.442
-0.27
-0.317
-0.369
-0.499
-0.43
-0.703
-0.788
-0.127
-0.341
-0.251
-0.37
-0.068
-0.112
-0.453
0.406
-0.27
-0.703
-0.003
-0.212
0.199
0.538
0.03
-0.013
-0.39
-0.391
0.309
0.278
-0.174
0.134
-0.295
-0.433
0.155
-0.396
0.34
0.231
-0.1
0.056
0.059
0.312
0.332
0.198
-0.662
-0.487
-0.128
0.245
0.12
-0.171
1.244
0.503
0.583
0.611
1.185
0.291
0.224
0.448
0.574
0.074
-0.078
0.788
0.332
0.182
0.352
-0.257
0.171
0.059
0.093
-0.295
-0.382
-0.361
-0.408
-0.432
-0.148
-0.207
-0.029
-0.379
-0.229
-0.018
-0.257
-0.311
0.135
0.235
0.359
-0.185
0.058
0.241
-0.051
-0.357
-0.285
0.235
0.247
0.261
-0.245
-0.095
-0.523
-0.105
0.188
-0.282
-0.594
-0.284
-0.38
0.202
1.151
0.641
0.457
0.544
0.405
0.102
1.034
0.139
0.379
0.478
0.896
0.802
0.636
0.975
0.817
1.263
1.081
1.274
0.796
0.958
0.84
1.011
1.024
1.284
1.598
1.289
1.041
1.132
1.365
1.476
1.582
1.098
1.423
0.951
1.687
1.124
1.176
1.342
0.963
0.723
0.681
0.578
0.755
1.137
1.421
0.98
0.944
0.746
1.327
1.28
0.893
0.63
1.057
0.926
1.109
1.004
0.591
1.139
1.105
1.047
1.031
1.571
0.842
1.039
0.885
0.941
0.843
1.331
1.216
1.166
0.879
1.441
1.182
1.453
1.285
1.187
1.126
1.342
1.196
1.557
1.37
1.254
1.407
1.706
1.513
1.75
1.303
1.459
1.475
1.064
0.924
1.428
1.53
1.274
0.467
0.958
0.692
0.9
0.629
1.269
1.182
1.117
1.176
0.847
0.619
1.23
1.116
0.882
1.12
1.06
1.099
0.888
0.985
0.992
1.178
1.234
1.048
1.387
0.868
1.257
0.982
1.109
0.729
0.963
0.658
1.253
0.231
0.903
1.296
1.007
1.381
1.221
0.49
1.005
0.824
0.882
0.772
0.99
1.1
0.773
0.851
0.608
0.8
1.108
0.626
0.41
0.398
0.479
0.379
0.043
0.295
0.577
0.384
0.75
1.037
0.172
0.87
1.043
1.349
1.526
1.595
1.354
1.433
1.27
1.169
1.224
1.386
0.872
1.383
1.205
1.397
1.575
0.949
0.97
0.651
1.525
1.229
0.811
0.34
0.736
1.388
0.945
1.251
1.094
1.344
0.925
0.897
0.983
1.017
1.12
1.155
0.776
1.009
0.878
0.756
0.744
0.655
0.857
0.963
0.747
1.024
0.794
1.254
1.118
1.208
0.737
1.155
1.168
0.725
0.986
1.245
0.738
1.003
1.122
1.004
0.968
0.958
0.809
0.8
0.684
0.469
0.615
0.901
1.314
0.618
0.786
1.097
1.135
0.727
1.121
0.747
0.997
1.05
0.71
1.043
1.111
1.321
1.12
0.772
1.52
0.927
1.469
1.575
1.48
1.553
1.806
0.288
1.047
1.132
0.848
0.714
0.957
0.592
0.849
0.252
0.074
0.328
-0.079
0.389
-0.261
-0.364
0.42
0.573
0.226
0.402
0.032
0.605
-0.612
0.006
0.02
-0.34
0.474
0.538
0.123
0.653
-0.48
0.463
0.507
0.967
1.136
0.777
1.319
1.317
1.726
1.371
1.403
1.111
0.988
1.651
1.484
0.401
1.14
1.325
1.769
0.442
0.024
1.247
1.201
1.578
1.615
1.423
1.215
1.053
0.933
0.664
1.164
1.005
0.222
0.626
