-10.454
-12.814
-10.461
-13.61
-12.32
-16.044
-13.787
-12.465
-15.023
-15.785
-10.893
-14.011
-12.371
-14.259
-19.042
-14.666
-15.258
-17.259
-12.138
-13.522
-15.62
-17.317
-12.229
-16.61
-12.786
-14.866
-14.868
-11.776
-15.471
-10.605
-9.833
-14.099
-11.84
-10.283
-10.569
-12.106
-10.713
-15.718
-12.789
-14.245
-12.27
-11.72
-11.266
-11.477
-13.438
-10.303
-9.271
-8.174
-9.894
-11.266
-9.131
-11.114
-13.888
-9.784
-11.463
-13.906
-9.833
-11.095
-10.123
-11.189
-12.644
-11.815
-15.137
-5.877
-8.09
-11.594
-12.395
-9.763
-13.73
-15.307
-14.565
-12.543
-13.418
-14.089
-10.293
-11.776
-19.533
-13.934
-14.71
-12.332
-13.597
-12.871
-15.952
-12.334
-11.481
-6.986
-11.004
-11.802
-12.617
-12.91
-8.61
-12.185
-15.309
-11.345
-9.023
-12.034
-12.467
-14.083
-17.374
-13.371
-8.707
-11.13
-16.22
-15.909
-11.232
-11.8
-15.237
-13.262
-14.873
-13.97
-12.719
-10.406
-10.213
-11.975
-16.927
-11.987
-11.464
-16.099
-17.113
-16.313
-17.439
-16.317
-16.475
-16.674
-16.271
-14.127
-18.399
-18.724
-17.779
-18.522
-14.258
-15.029
-14.657
-14.246
-11.987
-18.947
-13.144
-14.847
-9.785
-10.861
-9.883
-14.031
-5.516
-9.578
-11.126
-6.069
-10.993
-11.872
-11.138
-13.572
-14.514
-10.177
-12.253
-12.364
-14.583
-15.313
-13.173
-16.712
-13.839
-17.162
-10.3
-15.41
-11.981
-13.178
-9.064
-11.635
-14.702
-14.389
-8.32
-16.487
-12.848
-10.959
-13.168
-12.207
-10.172
-13.44
-12.164
-16.135
-9.634
-10.596
-10.59
-14.104
-14.156
-12.858
-14.205
-11.884
-12.276
-15.993
-16.091
-8.185
-11.192
-9.987
-15.001
-9.654
-10.974
-15.648
-12.075
-12.683
-9.601
-9.496
-6.781
-8.252
-10.945
-9.67
-11.675
-9.57
-11.088
-8.66
-7.153
-10.843
-14.367
-11.935
-14.53
-11.131
-11.788
-10.236
-9.173
-11.978
-11.966
-12.056
-6.79
-5.748
-8.769
-10.26
-10.752
-6.199
-9.102
-12.831
-9.69
-10.99
-9.87
-13.361
-9.612
-11.811
-13.188
-7.779
-9.567
-12.862
-13.534
-10.27
-10.143
-6.04
-11.114
-12.734
-13.376
-4.685
-5.977
-15.304
-15.161
-8.675
-11.033
-11.701
-9.578
-9.229
-11.75
-9.508
-9.65
-9.969
-8.291
-8.926
-14.902
-11.97
-11.96
-15.484
-13.475
-8.266
-11.806
-10.847
-14.372
-15.093
-11.126
-12.026
-12.681
-13.252
-14.429
-13.153
-14.965
-9.379
-14.544
-10.784
-10.927
-9.704
-11.357
-11.402
-16.292
-15.452
-12.23
-15.282
-12.75
-8.712
-12.489
-11.466
-12.006
-10.03
-10.162
-15.691
-12.644
-14.189
-14.839
-14.658
-11.224
-11.334
-15.661
-11.711
-7.886
-13.576
-14.348
-15.171
-13.211
-16.088
-11.53
-11.343
-10.689
-12.509
-12.393
-13.407
-12.203
-11.172
-14.877
-8.314
-9.238
-12.455
-12.771
-12.102
-13.208
-14.927
-12.325
-12.019
-14.976
-11.662
-11.459
-13.924
-11.806
-14.675
-17.115
-15.497
-14.097
-18.412
-13.853
-11.859
-13.884
-10.661
-13.446
-13.559
-10.273
-10.778
-11.889
-15.907
-11.539
-14.115
-12.939
-12.115
-12.598
-13.533
-9.194
-13.771
-14.325
-11.675
-10.383
-13.63
-10.647
-9.62
-11.844
-10.645
-13.069
-14.067
-10.136
-10.975
-14.985
-15.18
-12.64
-13.529
-14.817
-13.46
-13.357
-13.781
-11.764
-14.509
-17.043
-15.428
-13.493
-14.518
-16.374
-17.596
-17.949
-15.17
-15.716
-9.754
-14.084
-13.192
-15.827
-13.62
-13.133
-12.048
-13.574
-8.297
-10.587
-10.587
-13.503
-14.604
-15.459
-14.396
-11.197
-16.852
-12.89
-17.675
-18.634
-13.541
-12.293
-18.107
-14.279
-13.934
-9.67
-12.104
-12.568
-10.332
-7.604
-8.665
-8.567
-11.838
-11.41
-6.9
-7.138
-7.435
-11.818
-12.285
-10.593
-7.948
-10.177
-11.363
-9.884
-9.788
-11.191
-10.146
-9.554
-10.127
-8.93
-6.44
-10.447
-12.994
-11.496
-12.448
-15.262
-9.479
-6.774
-15.348
-10.279
-15.84
-12.246
-8.833
-15.038
-12.201
-11.068
-15.167
-10.015
-12.822
-14.736
-14.826
-13.929
-14.945
-9.92
-10.811
-15.479
-10.074
-10.328
-10.851
-13.672
-14.005
-12.297
-8.513
-11.344
-12.13
-13.363
-11.572
-11.924
-9.838
-7.308
-9.853
-8.788
-10.253
-9.639
-10.797
-7.523
-9.802
-12.165
-10.805
-10.692
-10.497
-10.016
-6.442
-5.75
-5.956
-9.984
-14.399
-12.172
-12.029
-13.833
-10.327
-11.332
-10.963
-13.064
