-41.11
-49.5
-42.83
-48.28
-47.57
-39.44
-47.31
-43.18
-44.2
-49.23
-45.07
-53.27
-51.48
-38.47
-51.84
-49.07
-47.48
-50.67
-53.73
-49.8
-47.47
-55.56
-50.55
-54.12
-37.63
-35.43
-37.01
-37.87
-44.86
-29.57
-35.5
-41.79
-35.1
-21.52
-27.88
-31.24
-32.7
-36.03
-39.47
-45.5
-46.23
-39.12
-41.19
-40.41
-39.12
-35.42
-31.41
-34.11
-37.94
-37.64
-29.31
-33.71
-37.45
-37.45
-39.83
-36.42
-36.57
-40.23
-37.07
-38.24
-40.91
-42.45
-40.31
-31.48
-32.58
-29.51
-38.98
-39.66
-44.02
-36.65
-50.94
-52.77
-48.44
-39.91
-40.67
-43.09
-45.11
-47.69
-49.94
-42.51
-45.85
-50.07
-48.55
-51.5
-45.91
-49.09
-47.22
-43.2
-40.88
-49.34
-46.11
-44.48
-44.88
-43.57
-42.74
-43.9
-43.39
-44.72
-50.61
-51.52
-47.97
-47.88
-44.63
-44.89
-40.22
-47.82
-44.01
-55.1
-55.36
-53.73
-49.38
-48.81
-48.79
-45.4
-54.52
-53.0
-48.44
-51.67
-50.25
-46.51
-45.91
-50.45
-51.42
-52.64
-53.4
-54.31
-56.53
-49.54
-60.06
-57.9
-54.56
-51.04
-56.78
-47.83
-51.43
-53.56
-54.87
-49.25
-44.01
-42.89
-42.02
-46.11
-43.35
-53.87
-55.25
-56.42
-57.63
-54.75
-57.98
-54.18
-54.88
-44.57
-54.21
-50.45
-59.65
-50.8
-51.96
-62.0
-59.39
-56.35
-61.77
-53.1
-59.34
-51.41
-52.72
-50.69
-61.64
-56.53
-54.13
-54.26
-48.12
-46.82
-52.24
-51.62
-54.38
-55.65
-52.58
-52.54
-51.41
-44.03
-50.69
-50.44
-52.46
-45.39
-43.03
-41.57
-44.14
-39.4
-41.62
-46.36
-43.23
-40.39
-40.74
-39.16
-39.09
-48.02
-49.12
-41.51
-34.92
-43.5
-37.65
-32.89
-34.01
-30.09
-32.0
-32.65
-30.39
-32.38
-38.77
-33.39
-39.41
-37.12
-39.19
-33.25
-31.97
-32.1
-37.27
-30.94
-40.46
-36.88
-28.5
-31.09
-26.18
-29.33
-33.45
-31.58
-23.77
-37.04
-38.89
-39.75
-33.89
-38.22
-30.44
-41.43
-34.88
-33.57
-36.85
-38.04
-31.86
-32.02
-32.91
-31.65
-37.96
-30.38
-32.57
-30.98
-31.47
-40.86
-38.65
-40.28
-31.79
-40.51
-33.7
-30.48
-32.97
-36.1
-40.65
-34.79
-28.17
-31.87
-41.26
-33.64
-32.49
-37.48
-46.02
-35.4
-44.4
-42.23
-42.98
-43.88
-40.08
-44.48
-42.54
-44.06
-41.62
-35.19
-43.23
-38.53
-41.94
-43.05
-42.04
-35.78
-32.54
-33.78
-39.9
-40.5
-44.38
-41.04
-48.02
-35.77
-35.39
-37.13
-43.53
-34.79
-36.33
-46.9
-45.61
-43.9
-40.03
-36.45
-43.0
-44.82
-45.38
-44.62
-42.4
-41.06
-48.64
-40.35
-42.38
-41.14
-42.32
-37.05
-43.01
-39.87
-47.51
-40.57
-39.36
-38.47
-44.05
-44.8
-36.85
-35.74
-35.78
-39.2
-44.92
-46.35
-42.94
-30.9
-43.86
-43.16
-41.34
-47.6
-47.56
-39.18
-42.93
-41.42
-56.3
-50.81
-45.46
-42.95
-47.0
-51.57
-42.23
-40.96
-42.74
-48.09
-43.83
-46.52
-48.73
-44.37
-42.33
-37.33
-45.29
-42.33
-41.08
-40.01
-44.74
-34.33
-42.68
-38.21
-41.07
-40.29
-36.89
-37.47
-40.44
-42.3
-40.25
-37.07
-39.39
-43.1
-39.25
-47.24
-45.44
-43.35
-34.36
-38.08
-37.98
-36.66
-42.1
-37.85
-46.88
-44.98
-40.27
-40.0
-43.64
-43.15
-35.73
-35.65
-34.07
-33.81
-41.25
-40.76
-35.69
-34.57
-31.78
-31.01
-34.4
-35.13
-46.57
-44.55
-47.6
-45.82
-39.55
-47.48
-36.93
-46.37
-44.69
-39.49
-34.23
-38.55
-40.6
-42.23
-40.69
-38.87
-33.07
-32.88
-37.18
-29.52
-27.75
-28.77
-30.38
-30.6
-29.49
-33.44
-34.55
-40.8
-28.12
-24.01
-26.82
-25.56
-25.85
-29.26
-34.25
-33.03
-29.15
-27.82
-23.86
-31.26
-36.0
-36.73
-39.88
-41.04
-40.71
-39.24
-42.2
-44.29
-41.5
-46.48
-47.33
-39.99
-41.63
-46.86
-50.69
-50.65
-45.08
-39.61
-52.24
-48.81
-39.44
-44.73
-48.97
-49.27
-49.19
-38.38
-44.47
-47.53
-42.56
-40.1
-38.82
-37.71
-33.69
-39.06
-48.0
-38.28
-38.04
-26.91
-32.99
-33.1
-37.58
-38.83
-38.38
-37.37
-35.55
-33.51
-39.33
-37.4
-42.26
-34.81
-33.6
-28.59
-33.59
-32.52
-33.38
-37.61
-42.44
-43.18
-45.41
-45.8
-36.46
-36.99
-37.68
