-0.14
-0.057
-0.108
-0.183
-0.2
-0.215
-0.172
-0.212
-0.285
-0.183
-0.168
-0.208
-0.179
-0.127
-0.048
-0.092
-0.155
-0.177
-0.128
-0.112
-0.215
-0.248
-0.029
-0.189
-0.132
-0.138
-0.108
-0.086
-0.047
-0.117
-0.1
-0.176
-0.119
-0.122
-0.217
-0.044
-0.043
-0.153
-0.158
-0.188
-0.176
-0.03
-0.077
-0.059
-0.115
-0.111
-0.078
-0.157
0.033
-0.014
-0.047
0.024
-0.181
-0.162
-0.165
-0.05
-0.059
-0.072
-0.124
-0.155
-0.102
-0.182
-0.259
-0.076
-0.086
-0.175
-0.195
-0.07
-0.084
-0.039
-0.246
-0.203
-0.294
-0.192
-0.136
-0.179
-0.116
-0.131
0.009
-0.18
-0.227
-0.201
-0.226
-0.155
-0.135
-0.21
-0.107
-0.162
-0.123
-0.186
-0.29
-0.215
-0.247
-0.296
-0.221
-0.229
-0.232
-0.275
-0.328
-0.196
-0.197
-0.127
-0.247
-0.117
-0.15
-0.174
-0.202
-0.276
-0.133
-0.266
-0.166
-0.168
-0.146
-0.089
-0.123
-0.099
-0.161
-0.222
-0.113
-0.157
-0.061
-0.232
-0.249
-0.191
-0.238
-0.239
-0.11
-0.204
-0.186
-0.215
-0.196
-0.218
-0.223
-0.142
-0.208
-0.173
-0.117
-0.1
-0.077
-0.089
-0.125
-0.186
-0.303
-0.194
-0.15
-0.189
-0.298
-0.223
-0.257
-0.196
-0.225
-0.182
-0.145
-0.138
-0.284
-0.176
-0.148
-0.296
-0.114
-0.231
-0.175
-0.163
-0.297
-0.254
-0.126
-0.239
-0.457
-0.393
-0.375
-0.282
-0.364
-0.31
-0.267
-0.265
-0.336
-0.322
-0.273
-0.297
-0.359
-0.21
-0.275
-0.324
-0.233
-0.161
-0.302
-0.24
-0.249
-0.313
-0.303
-0.228
-0.333
-0.234
-0.321
-0.17
-0.233
-0.314
-0.245
-0.209
-0.262
-0.256
-0.292
-0.161
-0.21
-0.227
-0.129
-0.149
-0.155
-0.135
-0.148
-0.177
-0.2
-0.182
-0.203
-0.098
-0.182
-0.186
-0.272
-0.218
-0.143
-0.095
-0.16
-0.206
-0.151
-0.176
-0.186
-0.198
-0.132
-0.126
-0.233
-0.204
-0.313
-0.283
-0.255
-0.318
-0.191
-0.216
-0.242
-0.138
-0.349
-0.176
-0.221
-0.298
-0.262
-0.218
-0.243
-0.153
-0.277
-0.281
-0.266
-0.252
-0.225
-0.208
-0.165
-0.198
-0.239
-0.153
-0.265
-0.105
-0.231
-0.168
-0.124
-0.227
-0.098
-0.223
-0.197
-0.243
-0.294
-0.247
-0.188
-0.254
-0.314
-0.221
-0.237
-0.169
-0.259
-0.115
-0.268
-0.288
-0.262
-0.276
-0.248
-0.231
-0.139
-0.088
-0.154
-0.181
-0.12
-0.203
-0.061
-0.139
-0.133
-0.284
-0.201
-0.196
-0.173
-0.192
-0.172
-0.159
-0.13
-0.174
-0.179
-0.263
-0.162
-0.323
-0.224
-0.203
-0.181
-0.185
-0.187
-0.173
-0.296
-0.204
-0.26
-0.141
-0.107
-0.174
-0.104
-0.231
-0.238
-0.175
-0.215
-0.198
-0.2
-0.249
-0.332
-0.23
-0.195
-0.143
-0.161
-0.193
-0.225
-0.222
-0.24
-0.108
-0.265
-0.218
-0.147
-0.243
-0.269
-0.243
-0.185
-0.292
-0.195
-0.209
-0.234
-0.212
-0.175
-0.235
-0.241
-0.144
-0.196
-0.212
-0.137
-0.28
-0.144
-0.158
-0.226
-0.123
-0.197
-0.206
-0.222
-0.26
-0.123
-0.266
-0.216
-0.194
-0.171
-0.214
-0.207
-0.194
-0.168
-0.131
-0.327
-0.126
-0.231
-0.182
-0.194
-0.221
-0.222
-0.179
-0.13
-0.098
-0.132
-0.119
-0.304
-0.16
-0.166
-0.173
-0.126
-0.186
-0.176
-0.249
-0.244
-0.171
-0.235
-0.288
-0.107
-0.26
-0.236
-0.14
-0.175
-0.131
-0.177
-0.277
-0.12
-0.245
-0.182
-0.174
-0.3
-0.216
-0.125
-0.198
-0.167
-0.236
-0.142
-0.174
-0.235
-0.197
-0.207
-0.207
-0.199
-0.173
-0.083
-0.072
-0.169
-0.119
-0.114
-0.233
-0.116
-0.233
-0.228
-0.117
-0.074
-0.176
-0.195
-0.17
-0.106
-0.239
-0.168
-0.108
-0.161
-0.057
-0.14
-0.176
-0.086
-0.197
-0.257
-0.265
-0.168
-0.304
-0.267
-0.296
-0.243
-0.323
-0.321
-0.335
-0.354
-0.439
-0.306
-0.372
-0.351
-0.318
-0.337
-0.197
-0.255
-0.257
-0.321
-0.251
-0.178
-0.232
-0.166
-0.16
-0.087
-0.224
-0.211
-0.237
-0.204
-0.252
-0.234
-0.184
-0.227
-0.229
-0.159
-0.206
-0.213
-0.2
-0.253
-0.264
-0.276
-0.166
-0.168
-0.111
-0.179
-0.222
-0.271
-0.274
-0.209
-0.217
-0.117
-0.288
-0.292
