-259.493
-219.141
-185.374
-148.459
-208.249
-243.569
-278.802
-220.007
-245.127
-268.487
-240.345
-280.533
-321.123
-238.833
-290.306
-286.121
-267.952
-241.893
-258.799
-279.1
-240.45
-220.195
-198.036
-219.069
-176.667
-126.707
-174.2
-163.422
-117.328
-136.115
-113.62
-133.463
-99.714
-133.602
-96.034
-141.38
-159.86
-186.743
-144.761
-217.773
-241.501
-170.147
-149.685
-215.042
-261.311
-195.961
-135.882
-156.541
-176.094
-148.648
-144.424
-148.741
-162.309
-176.248
-118.537
-145.194
-115.401
-164.948
-174.751
-152.931
-127.958
-219.246
-160.303
-136.447
-95.955
-122.471
-150.683
-119.756
-158.562
-120.42
-200.87
-239.454
-138.276
-173.201
-201.628
-173.009
-153.032
-228.677
-188.164
-197.8
-210.404
-226.03
-274.329
-252.718
-270.808
-283.311
-228.232
-112.209
-202.511
-260.933
-213.727
-107.906
-159.323
-258.404
-241.919
-141.887
-211.285
-217.209
-261.535
-226.323
-241.824
-194.361
-221.578
-239.262
-266.588
-237.208
-215.082
-263.211
-70.561
-267.063
-264.414
-224.704
-220.546
-256.382
-246.501
-248.622
-202.621
-233.685
-230.941
-224.461
-200.462
-253.22
-227.464
-235.142
-209.779
-243.848
-285.706
-260.581
-284.249
-260.979
-285.916
-304.223
-311.877
-316.293
-258.534
-206.385
-251.968
-242.048
-244.41
-224.216
-248.833
-249.056
-246.422
-320.745
-281.257
-321.628
-343.845
-298.056
-324.154
-308.712
-341.596
-337.237
-111.162
-307.826
-370.524
-353.071
-347.218
-376.469
-317.669
-365.686
-339.52
-294.656
-346.725
-272.722
-294.871
-256.19
-314.846
-312.423
-265.142
-226.186
-243.6
-247.647
-286.763
-279.769
-320.9
-312.782
-269.994
-287.18
-341.956
-266.701
-248.758
-340.557
-263.657
-263.024
-194.974
-252.95
-220.601
-179.061
-143.424
-235.15
-221.939
-223.386
-230.354
-166.369
-261.372
-245.84
-261.356
-193.089
-169.929
-214.615
-162.833
-145.295
-135.036
-108.23
-159.999
-123.597
-136.614
-167.669
-203.982
-180.668
-187.452
-169.118
-181.373
-124.605
-97.702
-136.132
-206.648
-125.681
-149.877
-143.534
-121.809
-141.991
-112.474
-127.179
-215.474
-166.538
-143.505
-149.109
-192.467
-184.588
-177.732
-169.205
-194.06
-188.347
-210.145
-206.448
-250.053
-199.491
-182.589
-143.25
-125.46
-203.636
-185.028
-172.925
-146.328
-189.333
-190.701
-196.807
-179.571
-157.303
-196.184
-202.569
-169.063
-139.145
-169.855
-153.265
-174.974
-138.517
-123.648
-138.427
-129.358
-153.434
-122.953
-155.611
-202.217
-173.351
-170.879
-180.93
-158.408
-169.599
-178.548
-188.868
-186.468
-191.01
-201.962
-189.16
-190.42
-202.195
-263.486
-221.614
-250.349
-212.456
-173.581
-189.212
-189.075
-194.822
-191.29
-195.392
-193.781
-177.228
-190.564
-165.613
-207.006
-224.064
-207.255
-211.563
-218.764
-196.641
-222.952
-191.517
-211.388
-216.605
-197.404
-183.484
-225.105
-211.896
-214.366
-180.779
-173.128
-173.839
-187.206
-146.822
-195.473
-191.031
-187.911
-191.544
-185.977
-214.648
-249.975
-211.377
-179.43
-143.941
-183.636
-207.722
-235.147
-204.814
-224.202
-200.747
-192.255
-240.796
-189.741
-202.827
-184.608
-174.121
-139.409
-201.944
-235.098
-222.61
-185.524
-170.572
-227.451
-195.71
-180.814
-186.54
-188.887
-222.667
-207.885
-212.345
-189.259
-255.761
-191.993
-189.775
-176.823
-202.676
-223.442
-201.599
-168.167
-146.758
-220.233
-196.602
-149.543
-173.334
-218.058
-204.733
-171.811
-170.185
-158.308
-197.473
-202.13
-176.736
-187.559
-166.049
-197.855
-159.373
-192.997
-178.857
-188.291
-194.516
-209.307
-173.704
-238.27
-209.748
-212.599
-180.525
-191.745
-174.691
-178.376
-173.856
-166.434
-198.54
-151.768
-185.952
-198.911
-162.282
-167.442
-147.844
-152.69
-173.366
-215.436
-225.593
-248.098
-184.198
-215.49
-201.509
-187.305
-205.108
-211.973
-206.935
-187.382
-154.342
-198.435
-189.937
-172.415
-170.893
-148.965
-131.132
-177.574
-145.124
-109.5
-98.496
-134.674
-82.699
-64.205
-109.496
-125.748
-128.143
-144.569
-100.38
-76.393
-67.445
-70.055
-50.203
-46.826
-91.969
-82.479
-80.73
-92.75
-108.766
-168.657
-160.967
-123.594
-156.271
-135.418
-162.743
-169.444
-187.155
-199.375
-195.892
-212.6
-151.806
-138.772
-152.228
-206.264
-174.949
-214.684
-187.494
-249.39
-239.796
-243.961
-194.645
-257.838
-228.749
-212.17
-248.375
-241.392
-254.129
-233.871
-117.803
-125.263
-223.171
-214.447
-256.737
-254.14
-206.697
-187.524
-120.698
-174.521
-244.562
-259.392
-226.148
-276.007
-219.799
-158.044
-140.47
-234.225
-194.957
-226.177
-167.743
-166.125
-180.389
-185.203
-179.785
-183.035
-237.105
-285.651
-249.709
-287.528
-265.565
-177.976
-207.416
-196.345
