-400.718
-377.856
-338.004
-421.7
-400.744
-390.902
-396.104
-365.598
-408.478
-385.272
-361.082
-421.384
-375.276
-356.859
-424.348
-373.452
-369.613
-412.715
-381.146
-384.953
-378.382
-376.485
-338.706
-372.465
-333.646
-322.343
-301.724
-310.837
-285.384
-284.209
-255.081
-308.884
-313.777
-311.793
-311.231
-310.659
-335.876
-314.281
-309.287
-333.83
-306.321
-317.767
-320.85
-362.227
-387.656
-337.801
-298.266
-339.136
-343.692
-316.187
-305.02
-296.888
-315.134
-326.024
-272.326
-303.007
-291.366
-305.245
-316.44
-332.183
-302.411
-345.403
-337.129
-289.916
-296.219
-306.014
-305.733
-318.498
-323.728
-310.614
-342.196
-371.481
-303.408
-304.035
-334.767
-309.213
-301.26
-357.828
-336.375
-323.081
-340.238
-359.688
-358.847
-347.538
-343.871
-391.999
-329.977
-299.775
-350.192
-358.678
-324.192
-313.522
-311.428
-346.98
-348.063
-298.464
-344.927
-341.044
-352.098
-342.358
-352.886
-356.657
-336.367
-368.087
-357.965
-364.489
-361.36
-380.016
-400.143
-378.457
-400.133
-389.782
-381.163
-372.766
-376.821
-384.018
-354.888
-354.538
-375.364
-369.888
-335.198
-371.369
-387.238
-386.083
-349.187
-394.83
-423.144
-416.326
-397.717
-405.164
-426.692
-441.145
-428.825
-400.823
-365.18
-375.057
-387.125
-387.46
-378.599
-362.674
-357.483
-362.903
-397.381
-440.618
-473.152
-432.476
-482.826
-446.299
-449.831
-441.046
-457.254
-417.72
-455.354
-429.743
-488.388
-471.609
-456.998
-465.082
-472.21
-498.006
-488.278
-442.785
-481.394
-414.16
-429.451
-395.397
-458.635
-478.205
-440.787
-389.661
-378.414
-415.569
-452.083
-404.557
-474.805
-425.157
-428.482
-455.364
-472.888
-409.009
-434.059
-448.562
-411.508
-418.927
-326.007
-401.586
-361.674
-346.629
-327.81
-373.628
-339.217
-371.73
-380.183
-335.17
-387.533
-390.174
-379.505
-371.23
-373.797
-377.744
-349.53
-298.854
-286.944
-272.785
-302.748
-300.627
-318.513
-289.492
-321.136
-310.236
-276.311
-307.246
-307.802
-278.001
-266.958
-289.084
-327.51
-296.534
-286.682
-287.782
-274.555
-275.034
-293.603
-305.537
-368.921
-332.099
-315.62
-326.851
-338.165
-306.223
-333.926
-321.431
-362.614
-312.134
-310.635
-329.671
-308.547
-300.042
-342.05
-289.776
-264.683
-320.304
-340.142
-300.266
-279.635
-304.612
-339.881
-301.094
-317.715
-335.252
-340.67
-331.096
-321.049
-287.737
-329.959
-312.863
-290.823
-278.166
-274.356
-313.5
-345.772
-348.605
-311.553
-290.02
-364.423
-345.657
-355.218
-372.875
-357.516
-340.891
-342.571
-355.147
-384.566
-333.388
-353.894
-328.303
-355.763
-354.302
-391.304
-362.37
-389.478
-365.166
-327.767
-318.538
-330.721
-342.415
-339.427
-358.707
-333.046
-321.781
-338.615
-337.74
-339.672
-356.467
-338.656
-329.712
-313.848
-334.668
-358.823
-302.013
-332.604
-354.325
-370.499
-348.534
-355.634
-331.628
-383.615
-376.234
-353.284
-341.828
-368.481
-339.482
-332.76
-355.922
-345.855
-339.331
-330.847
-362.66
-347.349
-376.292
-348.745
-324.483
-336.916
-342.06
-386.634
-352.055
-360.76
-354.376
-346.726
-395.03
-339.078
-316.799
-347.251
-350.465
-360.035
-373.169
-390.278
-367.871
-371.225
-382.304
-371.612
-337.471
-338.28
-369.593
-357.847
-370.186
-396.077
-380.866
-343.91
-422.189
-351.263
-371.981
-368.51
-349.178
-368.081
-348.178
-353.023
-340.191
-350.877
-347.209
-360.442
-343.657
-355.065
-363.796
-353.636
-384.063
-382.679
-345.567
-379.822
-342.767
-358.076
-330.706
-368.424
-342.164
-351.457
-332.171
-313.138
-342.93
-344.524
-324.98
-346.28
-340.445
-370.157
-323.969
-396.383
-359.312
-376.559
-351.171
-339.418
-344.408
-355.993
-349.436
-375.664
-346.295
-314.564
-332.314
-309.542
-322.082
-357.842
-363.653
-377.07
-335.302
-319.425
-372.885
-322.985
-371.443
-329.156
-337.75
-324.394
-325.997
-338.437
-338.953
-337.307
-300.63
-303.521
-284.907
-310.436
-293.599
-222.413
-251.851
-244.771
-224.447
-238.389
-225.264
-280.614
-262.093
-273.779
-269.132
-245.721
-233.312
-246.541
-213.016
-239.776
-234.486
-224.675
-229.872
-207.903
-216.908
-279.046
-320.032
-285.363
-311.374
-285.813
-299.804
-281.613
-319.971
-307.118
-301.716
-332.247
-337.808
-303.644
-296.752
-339.532
-328.547
-335.875
-288.92
-380.877
-347.711
-344.832
-327.773
-403.265
-372.525
-346.025
-352.082
-329.068
-343.433
-320.543
-290.666
-259.985
-326.923
-318.785
-322.618
-350.872
-291.615
-311.448
-261.692
-282.937
-318.372
-322.471
-288.418
-324.965
-296.317
-275.571
-292.162
-310.815
-295.058
-326.054
-285.837
-272.511
-271.23
-281.874
-281.542
-269.076
-312.697
-375.678
-334.097
-350.897
-363.395
-290.936
-323.381
-311.454
