-77.32
-76.2
-81.31
-83.69
-76.78
-76.14
-73.8
-79.01
-86.46
-75.78
-82.43
-81.46
-84.43
-84.66
-82.42
-90.53
-75.03
-74.97
-83.83
-76.23
-82.07
-74.17
-79.51
-83.42
-84.73
-80.62
-78.65
-90.05
-82.18
-83.57
-86.44
-78.98
-78.55
-78.24
-77.46
-83.83
-77.15
-74.72
-80.23
-90.48
-89.32
-83.4
-80.9
-81.15
-78.69
-93.01
-80.05
-89.84
-87.79
-77.66
-87.7
-90.72
-90.53
-86.32
-82.45
-86.94
-96.5
-85.12
-77.02
-84.38
-88.78
-84.74
-94.31
-90.02
-89.73
-81.0
-74.07
-99.21
-92.94
-83.95
-81.58
-92.04
-89.71
-92.55
-95.91
-88.66
-92.21
-84.62
-89.46
-87.51
-82.95
-93.83
-86.71
-86.1
-84.65
-96.89
-88.88
-90.97
-85.96
-80.63
-81.94
-78.06
-96.05
-85.96
-77.09
-79.73
-77.65
-76.57
-81.81
-85.99
-77.94
-87.58
-83.59
-85.66
-88.55
-75.88
-81.97
-80.14
-81.1
-84.93
-85.87
-82.93
-77.53
-88.14
-89.27
-84.95
-86.34
-73.28
-67.01
-88.0
-79.6
-78.37
-74.56
-69.71
-85.45
-84.79
-74.22
-88.26
-76.36
-92.59
-87.06
-79.97
-86.82
-86.27
-90.65
-77.47
-87.9
-77.81
-83.58
-88.95
-86.31
-86.35
-83.86
-74.6
-84.2
-80.69
-85.44
-76.33
-71.86
-79.28
-85.74
-86.14
-81.29
-87.35
-91.75
-89.04
-83.3
-86.04
-82.31
-85.54
-84.42
-88.67
-77.31
-85.43
-72.48
-86.65
-87.82
-77.64
-81.06
-79.37
-79.38
-71.6
-85.37
-74.54
-86.52
-90.56
-85.09
-79.35
-83.99
-94.55
-81.45
-85.63
-86.69
-73.09
-71.63
-81.75
-78.1
-72.93
-98.02
-89.3
-83.63
-90.47
-79.16
-76.86
-73.3
-84.81
-86.27
-81.79
-75.62
-77.12
-79.05
-77.52
-73.56
-71.54
-71.9
-60.73
-80.82
-79.46
-77.55
-83.79
-79.4
-81.31
-79.25
-80.9
-81.83
-69.72
-77.89
-68.39
-81.14
-65.82
-68.88
-77.82
-76.38
-71.35
-82.05
-87.15
-84.34
-88.09
-80.8
-90.27
-84.66
-84.35
-77.24
-79.51
-100.11
-85.9
-95.52
-83.95
-78.88
-77.99
-87.47
-88.37
-89.41
-85.63
-90.93
-94.76
-95.42
-78.39
-85.07
-78.98
-91.83
-90.04
-89.29
-89.11
-91.32
-87.91
-81.51
-81.87
-81.06
-83.19
-86.66
-93.81
-93.19
-87.39
-73.33
-80.98
-84.67
-81.97
-88.14
-87.59
-93.74
-84.26
-84.75
-87.36
-74.1
-75.85
-91.38
-86.46
-90.27
-96.51
-91.65
-87.36
-83.65
-71.32
-77.61
-86.57
-81.76
-86.24
-85.92
-85.85
-90.49
-90.11
-89.16
-88.42
-86.3
-89.87
-88.73
-83.02
-77.76
-86.72
-89.13
-89.94
-74.21
-93.23
-97.87
-87.94
-91.91
-90.06
-92.48
-88.69
-90.78
-94.59
-94.12
-96.26
-92.23
-101.08
-92.88
-93.75
-94.39
-90.22
-92.84
-91.17
-95.07
-96.01
-105.68
-92.98
-95.61
-90.44
-94.42
-95.74
-85.64
-98.4
-97.1
-95.67
-89.78
-88.97
-92.09
-96.53
-88.34
-93.43
-86.27
-81.23
-88.4
-99.29
-99.96
-95.92
-88.14
-92.83
-82.73
-92.35
-85.73
-91.53
-85.03
-99.53
-97.14
-87.16
-100.9
-101.73
-95.97
-96.76
-97.69
-107.75
-95.69
-99.78
-93.26
-102.37
-94.71
-97.08
-100.9
-96.9
-99.02
-89.24
-95.19
-94.69
-100.28
-91.47
-93.41
-101.9
-93.89
-97.08
-79.05
-88.7
-92.28
-93.27
-95.13
-97.35
-95.44
-92.98
-87.64
-92.15
-91.77
-89.9
-94.49
-93.92
-95.78
-93.99
-93.03
-99.32
-81.33
-93.49
-83.73
-92.01
-95.08
-94.01
-86.95
-91.27
-88.34
-85.67
-93.0
-94.21
-88.72
-101.11
-85.24
-99.64
-91.76
-92.39
-91.75
-87.27
-91.04
-96.38
-92.21
-90.02
-89.04
-95.07
-97.36
-93.26
-91.66
-102.41
-94.15
-89.17
-84.95
-96.35
-83.26
-93.2
-90.39
-91.17
-91.35
-95.27
-88.99
-107.9
-96.03
-97.63
-91.79
-90.54
-96.04
-89.5
-82.3
-95.88
-94.44
-90.36
-104.0
-99.59
-103.0
-97.12
-98.69
-85.07
-88.65
-102.13
-93.6
-101.44
-91.82
-100.72
-89.36
-89.21
-95.38
-89.82
-94.02
-98.69
-93.93
-90.6
-83.44
-98.39
-93.65
-87.21
-98.61
-92.94
-92.0
-94.45
-94.05
-86.04
-91.03
-93.01
-98.2
-96.44
-95.4
-89.47
-92.97
-91.62
-99.17
-84.91
-92.31
-87.91
-97.78
-97.54
-99.54
-95.94
-91.07
-85.88
-83.41
-93.42
-90.38
