-18.549
-19.271
-23.526
-19.51
-19.047
-23.267
-22.432
-24.673
-18.523
-22.05
-25.686
-21.461
-22.547
-21.729
-24.125
-24.609
-22.483
-21.518
-23.749
3.505
-19.766
-20.013
-20.731
-23.805
-23.547
-18.814
-16.674
-24.289
-18.097
-23.873
-18.018
-17.327
-18.525
-21.86
-21.02
-24.975
-20.51
-21.654
-22.728
59.937
-21.93
-20.305
-25.167
-18.916
-24.321
-21.617
-16.679
-18.269
-23.806
-21.128
-30.27
-30.861
-26.219
-25.942
-20.545
-20.24
-26.24
-20.953
-21.594
-22.763
-23.642
-23.83
-21.413
-25.334
-25.194
-28.917
-20.32
-20.489
-24.791
-18.089
-23.988
-19.352
-23.904
-25.949
-26.22
-23.777
-23.535
-17.961
-24.559
-23.882
-19.042
-22.911
8.415
-26.163
-25.113
-26.503
-25.173
-23.994
-24.194
-23.45
-21.436
-24.536
-27.523
-24.694
-23.663
-17.785
-23.146
-20.033
-21.041
-20.933
-25.279
-18.158
-24.867
-23.595
-25.353
-9.346
-19.817
-24.726
-21.586
-21.934
-9.437
-19.841
-13.332
-26.911
-20.81
-23.301
-20.057
-16.265
-19.986
-21.828
-18.791
-20.239
-22.615
-21.763
-21.595
-18.45
-22.388
-22.405
-17.019
-25.608
-21.724
-22.731
-22.575
-24.1
-23.719
-23.013
-26.506
-19.961
-24.139
-28.054
-18.109
-22.345
-21.519
-14.488
-20.359
-19.056
-19.579
-18.383
-17.319
-22.975
-18.776
-24.928
-17.619
-17.9
-24.904
-26.576
-20.114
-22.722
-23.219
-23.028
-21.336
-24.898
-22.439
-23.409
-22.032
-15.86
-23.527
-20.383
-20.462
-21.438
-19.057
-20.112
-25.478
-23.471
-23.556
-21.761
-21.367
-22.734
-22.679
-22.129
-18.896
-17.631
-24.453
-26.572
-23.109
-18.992
-27.07
-20.827
-22.312
-24.989
-21.045
-20.404
-21.59
-23.29
-20.525
-22.876
-20.774
-22.665
-26.01
-23.869
-10.54
-19.927
-21.707
-19.692
-24.579
-21.81
-23.81
-20.365
-18.99
-25.143
-24.3
-24.108
-25.747
-24.87
-23.693
-22.946
-24.077
-17.805
-23.28
-21.018
-18.54
-19.472
-13.577
-20.251
-15.328
-21.677
-20.271
-22.701
-24.181
-13.673
-22.575
-23.269
-18.185
-18.313
-24.901
-24.967
-20.158
-26.252
-26.788
-25.982
-16.394
-23.922
-26.729
-22.5
-22.072
-20.419
-24.028
-24.487
-26.628
-19.289
-19.202
-24.538
-23.731
-12.32
-23.703
-3.223
-26.583
-21.896
-14.155
-19.681
-16.922
-24.631
-22.307
-20.473
-21.895
-26.259
-21.497
-21.305
-27.052
-18.572
-24.033
-20.446
-26.111
-18.769
-20.823
-22.632
-19.495
-26.059
-19.735
-20.699
-21.312
-24.043
-23.145
-21.39
-22.89
-22.999
-26.373
-22.624
-23.961
-21.188
-25.617
-22.412
-25.215
-27.598
-25.274
-26.696
-23.886
-25.36
-20.91
-16.75
-22.325
-24.511
-19.981
-22.518
-28.308
-19.627
-25.777
-25.524
-18.508
-24.71
-22.814
-25.814
-24.103
-23.534
-23.511
-23.107
-26.194
-23.888
-27.027
-26.393
-24.89
-24.687
-24.058
-28.545
-29.987
-23.504
-25.408
-20.805
-25.455
-25.22
-24.084
-23.895
-27.603
-21.768
-22.085
-24.395
-24.655
-23.813
-21.015
-26.741
-22.204
-21.232
-27.425
-26.223
-24.827
-24.797
-23.121
-28.856
-24.994
-24.61
-20.629
-23.0
-24.708
-28.138
-24.756
-21.085
-20.26
-26.857
-23.81
-23.546
-28.315
-23.249
-22.011
-28.486
-23.016
-30.509
-23.621
-28.548
-22.36
-19.018
-26.105
-25.842
-26.054
-28.645
-22.316
-23.932
-24.054
-18.375
-24.659
-21.352
-26.769
-23.626
-21.946
-25.151
-26.123
-25.758
-17.395
-24.611
-27.446
-23.084
-22.192
-22.8
-22.194
-24.589
-27.194
-25.603
-28.105
-23.911
-25.299
-21.572
-24.765
-27.555
-21.473
-24.005
-23.332
-18.607
-24.912
-19.899
-22.98
-24.299
-27.743
-21.814
-27.806
-26.31
-25.458
-23.496
-24.1
-27.923
-21.711
-25.849
-23.889
-21.465
-20.011
-24.707
-21.155
-27.233
-20.155
-27.741
-15.134
-20.67
-19.322
-26.621
-19.869
-19.632
-20.828
-24.092
-25.061
-18.846
-20.295
-25.452
-24.611
-23.003
-26.112
-27.373
-18.563
-25.786
-25.784
-24.966
-17.827
-25.556
-27.041
-26.57
-24.607
-22.989
-25.052
-19.992
-27.998
-24.14
-25.223
-26.692
-22.067
-23.058
-18.536
-22.935
-29.696
-21.28
-20.123
-25.501
-23.103
-21.292
-20.151
-20.919
-28.885
-20.77
-28.623
-20.41
-24.221
-27.932
-28.916
-28.956
-23.432
-24.327
-25.724
-25.315
-22.807
-23.681
-28.998
-25.078
-31.267
-25.614
-25.842
-23.353
-20.372
-25.971
-22.294
-22.57
-27.672
-20.71
-26.925
-25.094
-24.794
