-3.54
-2.45
-5.452
-4.779
-6.713
-5.35
-4.778
-4.08
-3.557
-1.815
-6.366
-6.299
-6.234
-6.768
-5.603
-7.67
-6.15
-5.772
-2.526
-6.077
-2.175
-6.169
-6.01
-6.406
-5.895
-5.602
-6.775
-6.366
-7.026
-9.191
-7.87
-3.768
-0.765
-3.884
-4.532
-7.894
-6.167
-8.818
-7.337
-5.885
-6.268
-4.34
-4.173
-5.053
-8.421
-6.241
-3.563
-5.797
-10.831
-8.225
-4.372
-5.666
-5.915
-4.941
-4.98
-4.332
-6.129
-3.047
-9.042
-8.852
-5.467
0.885
-2.649
-2.902
-4.684
-6.637
-5.969
-6.058
-5.195
-5.304
-4.176
-4.615
-3.943
-8.021
-4.518
-5.321
-4.504
-4.38
-3.075
-9.387
-7.147
-4.884
-7.004
-8.741
-5.797
-6.866
-6.467
-8.403
-5.091
-6.412
-6.647
-10.272
-9.229
-8.431
-6.533
-6.101
-7.758
-5.578
-8.579
-8.858
-8.036
-7.632
-9.273
-9.082
-9.216
-6.675
-7.442
-5.618
-5.86
-8.254
-6.147
-8.123
-5.062
-6.334
-4.77
-8.515
-6.839
-7.827
-5.242
-7.367
-6.082
-6.811
-7.474
-8.04
-7.262
-8.22
-9.56
-4.975
-6.763
-6.663
-6.53
-6.508
-7.09
-3.782
-7.264
-5.32
-4.597
-4.936
-4.874
-6.881
-7.877
-6.74
-4.77
-7.636
-4.399
-7.134
-7.418
-8.334
-5.394
-6.476
-7.489
-7.134
-6.261
-8.259
-10.44
-5.61
-6.661
-6.572
-9.579
-6.929
-5.4
-7.29
-4.153
-7.11
-8.289
-6.906
-5.425
-7.926
-6.993
-2.356
-6.451
-7.552
-4.812
-3.669
-8.675
-8.994
-6.097
-5.449
-5.404
-7.368
-6.027
-8.184
-4.894
-8.057
-7.635
-8.162
-3.478
-5.582
-4.03
-4.801
-5.972
-7.491
-5.69
-6.457
-5.941
-7.85
-5.564
-7.185
-4.912
-8.034
-5.731
-7.118
-3.213
-7.901
-4.665
-6.06
-8.213
-7.033
-8.353
-8.074
-7.965
-6.807
-7.395
-7.508
-8.379
-5.378
-3.463
-5.611
-6.12
-6.923
-4.196
-3.08
-5.718
-5.443
-2.576
-3.255
-5.499
-4.265
-0.624
-4.235
-3.794
-0.947
-2.124
-1.729
-8.03
-0.467
-7.008
-7.563
-7.339
-6.553
-5.073
-8.144
-4.771
-7.764
-9.676
-10.691
-6.06
-8.052
-5.976
-6.598
-7.863
-5.025
-9.854
-5.244
-6.851
-5.245
-2.741
-2.375
-6.81
-4.02
-6.728
-5.958
-5.557
-6.205
-6.813
-5.913
-2.481
-8.378
-6.494
-5.185
-7.134
-8.465
-9.863
-6.129
-7.641
-5.975
-6.386
-5.471
-3.392
-4.99
-5.566
-6.466
-4.016
-5.464
-2.037
-3.301
-3.21
-4.869
-3.14
0.716
-2.402
0.797
-6.429
-1.446
-0.901
-1.36
-4.654
-3.412
-0.936
-1.981
-4.065
-1.881
-2.542
0.032
-3.643
-7.999
-6.916
-3.485
-5.085
-5.204
0.436
-4.6
-4.317
-2.716
-3.635
-6.573
-5.354
-1.859
-3.582
1.898
-3.99
-5.714
-6.462
-3.503
-4.856
-3.501
-4.208
-4.744
-5.65
-4.497
-5.302
-4.68
-4.988
-4.018
-7.482
-4.344
-6.964
-3.598
-3.985
-4.543
-3.17
-5.185
-4.483
-5.845
0.446
-2.147
-3.962
1.288
0.088
-3.989
-1.006
-2.926
-6.148
-0.532
1.083
-4.507
-4.302
0.174
-5.134
-4.052
-2.164
-6.809
-2.982
-2.22
-4.668
-2.81
-4.79
0.145
-4.285
-4.388
-1.422
-2.749
-3.874
-0.908
-1.401
-7.046
-3.626
-0.179
-1.785
-2.069
-1.614
0.093
-3.765
-3.608
-4.676
-6.824
-0.681
0.9
-1.744
-3.605
-5.853
-4.028
-4.053
-1.359
-4.023
-5.534
-7.018
-3.94
-6.084
-6.829
-1.863
-3.42
-4.947
-3.844
-2.524
-3.029
-3.163
-5.474
-1.763
-2.35
-2.102
-3.073
-2.169
-1.92
0.201
-7.219
-3.333
-3.277
-4.325
-1.146
0.57
0.739
-5.725
-2.118
-4.035
-0.938
-3.046
-5.264
-1.636
-5.128
-4.112
-5.156
-4.725
-2.927
-2.284
-3.622
-5.259
-1.776
-8.085
-5.301
-0.827
-1.892
-4.028
-5.743
-4.83
-6.575
-6.545
-4.836
-0.425
-4.428
-4.378
-3.437
0.516
-2.359
-3.254
-0.333
-3.129
-1.059
-1.619
-0.677
-3.726
1.77
0.938
1.027
1.631
0.78
-3.446
-0.811
0.921
1.567
1.839
-1.341
2.376
2.413
0.835
-4.011
0.574
1.845
-4.596
-3.533
1.714
-0.991
1.523
-0.63
-1.981
-3.471
1.47
-4.007
-0.215
-2.808
1.605
-3.076
-0.876
-1.437
-5.194
-6.656
-4.169
-6.139
0.154
-3.484
-5.402
