-0.123
-0.272
-0.224
-0.268
-0.42
-0.235
-0.242
-0.238
-0.31
-0.388
-0.346
-0.346
-0.364
-0.302
-0.383
-0.263
-0.269
-0.284
-0.31
-0.311
-0.305
-0.258
-0.319
-0.225
-0.307
-0.203
-0.259
-0.284
-0.245
-0.249
-0.39
-0.302
-0.281
-0.266
-0.242
-0.283
-0.196
-0.296
-0.335
-0.302
-0.229
-0.267
-0.414
-0.343
-0.269
-0.232
-0.238
-0.256
-0.327
-0.364
-0.177
-0.214
-0.331
-0.273
-0.158
-0.264
-0.259
-0.228
-0.244
-0.245
-0.224
-0.322
-0.382
-0.186
-0.215
-0.25
-0.367
-0.345
-0.227
-0.214
-0.223
-0.303
-0.282
-0.371
-0.288
-0.314
-0.351
-0.187
-0.3
-0.314
-0.248
-0.344
-0.352
-0.238
-0.35
-0.241
-0.44
-0.342
-0.325
-0.28
-0.332
-0.239
-0.291
-0.263
-0.36
-0.304
-0.318
-0.3
-0.158
-0.239
-0.271
-0.3
-0.341
-0.16
-0.303
-0.256
-0.242
-0.286
-0.211
-0.325
-0.339
-0.341
-0.187
-0.371
-0.284
-0.293
-0.208
-0.227
-0.186
-0.188
-0.3
-0.134
-0.286
-0.24
-0.279
-0.258
-0.203
-0.253
-0.246
-0.252
-0.278
-0.193
-0.212
-0.267
-0.217
-0.216
-0.264
-0.28
-0.241
-0.262
-0.208
-0.27
-0.242
-0.36
-0.221
-0.178
-0.192
-0.319
-0.269
-0.232
-0.257
-0.304
-0.24
-0.284
-0.275
-0.272
-0.257
-0.306
-0.19
-0.196
-0.246
-0.321
-0.274
-0.17
-0.312
-0.377
-0.335
-0.245
-0.205
-0.299
-0.263
-0.328
-0.304
-0.327
-0.21
-0.362
-0.281
-0.272
-0.306
-0.281
-0.362
-0.327
-0.321
-0.307
-0.28
-0.234
-0.341
-0.28
-0.237
-0.277
-0.182
-0.312
-0.384
-0.376
-0.234
-0.228
-0.332
-0.242
-0.299
-0.287
-0.299
-0.262
-0.264
-0.245
-0.3
-0.239
-0.284
-0.106
-0.21
-0.256
-0.183
-0.113
-0.199
-0.213
-0.314
-0.277
-0.233
-0.284
-0.302
-0.08
-0.299
-0.294
-0.217
-0.384
-0.337
-0.369
-0.356
-0.375
-0.227
-0.371
-0.396
-0.332
-0.26
-0.275
-0.275
-0.29
-0.469
-0.305
-0.406
-0.392
-0.358
-0.344
-0.388
-0.43
-0.346
-0.362
-0.315
-0.454
-0.432
-0.374
-0.346
-0.339
-0.405
-0.36
-0.38
-0.143
-0.244
-0.268
-0.29
-0.233
-0.299
-0.251
-0.231
-0.228
-0.211
-0.262
-0.329
-0.304
-0.256
-0.197
-0.195
-0.227
-0.395
-0.267
-0.277
-0.245
-0.315
-0.255
-0.271
-0.235
-0.277
-0.363
-0.316
-0.225
-0.297
-0.274
-0.184
-0.355
-0.292
-0.207
-0.346
-0.336
-0.267
-0.157
-0.329
-0.401
-0.315
-0.378
-0.345
-0.407
-0.402
-0.182
-0.344
-0.294
-0.368
-0.323
-0.433
-0.289
-0.305
-0.329
-0.362
-0.326
-0.39
-0.3
-0.268
-0.398
-0.36
-0.164
-0.34
-0.301
-0.334
-0.365
-0.338
-0.326
-0.418
-0.383
-0.312
-0.397
-0.286
-0.427
-0.269
-0.295
-0.34
-0.228
-0.175
-0.265
-0.295
-0.349
-0.342
-0.302
-0.356
-0.334
-0.223
-0.4
-0.34
-0.418
-0.352
-0.36
-0.304
-0.335
-0.303
-0.393
-0.289
-0.382
-0.348
-0.318
-0.442
-0.383
-0.402
-0.338
-0.329
-0.322
-0.304
-0.344
-0.407
-0.431
-0.376
-0.355
-0.415
-0.197
-0.392
-0.394
-0.337
-0.379
-0.35
-0.348
-0.446
-0.3
-0.277
-0.249
-0.304
-0.177
-0.38
-0.384
-0.306
-0.356
-0.389
-0.291
-0.279
-0.252
-0.223
-0.338
-0.329
-0.317
-0.45
-0.318
-0.285
-0.457
-0.319
-0.29
-0.17
-0.177
-0.375
-0.365
-0.273
-0.326
-0.308
-0.251
-0.312
-0.321
-0.302
-0.293
-0.246
-0.354
-0.302
-0.298
-0.274
-0.314
-0.281
-0.346
-0.366
-0.397
-0.286
-0.324
-0.294
-0.354
-0.279
-0.342
-0.343
-0.347
-0.18
-0.301
-0.305
-0.312
-0.218
-0.347
-0.387
-0.394
-0.318
-0.379
-0.309
-0.264
-0.352
-0.344
-0.298
-0.227
-0.313
-0.323
-0.316
-0.326
-0.338
-0.336
-0.271
-0.265
-0.335
-0.337
-0.326
-0.406
-0.413
-0.451
-0.364
-0.291
-0.323
-0.385
-0.351
-0.365
-0.377
-0.343
-0.291
-0.284
-0.299
-0.338
-0.264
-0.358
-0.239
-0.242
-0.209
-0.319
-0.467
-0.355
-0.357
-0.366
-0.372
-0.384
-0.427
-0.348
-0.389
-0.428
-0.272
-0.409
-0.311
-0.229
-0.294
-0.328
-0.327
-0.441
-0.348
-0.289
-0.501
-0.426
-0.383
