-535.64
-514.165
-492.446
-484.617
-545.22
-566.239
-549.918
-512.464
-557.952
-518.227
-560.528
-538.468
-624.109
-597.861
-549.317
-571.918
-545.231
-536.069
-530.896
-510.288
-551.082
-552.385
-564.063
-538.37
-560.029
-562.431
-525.97
-540.631
-604.655
-530.435
-618.473
-573.29
-530.005
-512.396
-496.27
-545.637
-545.444
-536.892
-564.389
-555.768
-571.927
-546.419
-577.719
-614.966
-542.82
-576.522
-566.433
-550.944
-592.501
-621.973
-587.173
-607.533
-619.817
-613.269
-567.021
-592.462
-579.44
-571.589
-549.936
-548.611
-557.046
-548.935
-617.812
-592.135
-595.201
-559.095
-539.328
-536.834
-565.104
-555.037
-597.938
-605.382
-643.299
-638.374
-651.611
-619.261
-594.93
-602.54
-621.809
-649.822
-618.145
-581.642
-600.799
-580.189
-615.72
-594.226
-643.101
-622.562
-600.114
-605.99
-612.439
-630.85
-607.325
-599.827
-515.368
-592.862
-557.783
-539.33
-600.801
-596.112
-602.464
-569.485
-582.715
-553.528
-600.296
-580.922
-573.462
-570.925
-602.311
-545.122
-542.832
-561.637
-588.221
-576.977
-581.747
-561.412
-543.814
-576.903
-556.28
-573.285
-553.809
-561.487
-565.562
-578.156
-552.339
-580.227
-563.527
-553.323
-587.682
-579.256
-586.53
-581.893
-597.156
-592.815
-591.098
-522.047
-599.202
-563.38
-586.383
-621.729
-563.909
-571.127
-587.603
-595.837
-554.886
-579.312
-566.506
-582.709
-540.042
-555.209
-579.393
-577.545
-629.757
-588.243
-652.15
-637.788
-562.036
-588.244
-594.815
-564.276
-551.895
-557.05
-594.929
-589.29
-565.028
-550.931
-586.269
-552.965
-567.713
-595.232
-591.07
-575.635
-569.323
-583.463
-563.942
-578.197
-600.136
-619.694
-602.429
-622.612
-605.76
-605.172
-600.321
-596.494
-603.275
-629.343
-532.63
-529.3
-600.339
-626.279
-570.996
-582.271
-519.042
-581.975
-503.508
-571.791
-551.858
-527.52
-554.264
-506.332
-546.355
-528.447
-557.253
-543.863
-500.802
-520.653
-508.862
-540.457
-552.451
-576.89
-543.37
-527.121
-518.662
-516.678
-554.487
-532.584
-548.623
-516.554
-568.597
-584.798
-509.014
-530.429
-540.512
-505.428
-578.699
-571.969
-548.856
-539.169
-549.46
-560.067
-574.179
-556.307
-584.942
-584.285
-627.811
-577.116
-620.545
-619.783
-627.453
-661.413
-635.917
-633.431
-644.67
-653.494
-702.341
-668.403
-653.377
-669.826
-697.376
-617.757
-606.649
-599.809
-647.853
-597.73
-613.907
-613.521
-568.323
-600.882
-539.541
-564.166
-606.28
-597.814
-557.351
-564.21
-596.854
-587.86
-552.01
-572.668
-564.532
-611.477
-595.538
-616.952
-599.752
-575.776
-585.618
-596.941
-575.852
-576.865
-623.477
-582.254
-630.442
-617.486
-612.049
-580.484
-630.266
-586.087
-593.166
-561.94
-577.689
-566.567
-621.579
-599.004
-599.53
-601.697
-571.149
-560.664
-540.962
-616.709
-569.759
-584.243
-578.404
-590.078
-582.544
-641.703
-626.953
-614.602
-637.236
-660.62
-620.165
-679.523
-635.607
-613.533
-643.094
-605.555
-632.146
-635.157
-626.811
-656.248
-655.647
-663.799
-601.348
-684.486
-635.844
-644.371
-632.492
-638.525
-632.605
-631.947
-616.483
-634.284
-631.261
-619.16
-625.496
-637.551
-598.966
-650.083
-634.504
-606.184
-611.31
-640.437
-631.559
-646.194
-623.836
-608.864
-607.227
-648.882
-616.335
-618.398
-607.722
-594.235
-591.617
-658.066
-607.879
-566.291
-614.035
-638.107
-647.358
-647.005
-643.638
-625.874
-675.261
-684.655
-614.255
-647.54
-622.266
-632.9
-633.512
-651.991
-673.44
-641.843
-666.162
-637.939
-662.63
-653.175
-662.537
-678.678
-627.138
-629.986
-596.345
-659.241
-622.938
-621.479
-680.757
-663.537
-643.115
-628.488
-647.956
-642.916
-620.099
-609.12
-649.99
-587.984
-656.828
-675.333
-687.178
-639.513
-639.928
-620.561
-595.849
-609.326
-626.05
-618.78
-630.607
-588.291
-612.776
-636.094
-594.477
-621.839
-658.492
-655.076
-645.706
-623.14
-652.847
-613.089
-645.411
-656.818
-614.244
-626.341
-612.632
-641.93
-624.368
-663.214
-626.858
-645.957
-669.707
-660.717
-624.932
-648.848
-606.925
-603.338
-588.983
-609.655
-613.241
-621.882
-635.934
-617.577
-607.112
-638.693
-635.258
-629.945
-604.718
-608.201
-605.156
-662.39
-599.57
-603.749
-592.854
-604.772
-577.606
-625.15
-618.022
-645.318
-625.29
-653.071
-629.441
-617.863
-634.957
-626.256
-661.262
-694.014
-652.377
-679.556
-645.185
-650.576
-706.318
-690.554
-676.688
-669.681
-670.984
-629.173
-621.844
-601.246
-619.389
-610.254
-703.422
-606.677
-663.495
-655.361
-675.235
-667.932
-622.697
-690.323
-669.491
-636.42
-632.41
-635.0
-673.919
-648.701
-615.437
-635.834
-602.947
-624.079
-637.884
-672.605
-665.107
-619.029
-665.981
-693.536
-624.642
-638.431
-670.844
