-1.543
-2.495
-2.331
-2.336
-2.644
-3.361
-2.293
-2.133
-2.179
-2.217
-1.743
-2.018
-1.729
-2.307
-2.388
-2.36
-2.222
-2.075
-2.891
-2.463
-2.338
-2.225
-2.512
-3.049
-2.506
-2.479
-2.585
-2.239
-2.294
-2.115
-2.359
-1.963
-2.727
-2.781
-2.392
-2.004
-2.046
-2.837
-2.432
-2.905
-2.333
-1.77
-2.269
-2.278
-1.994
-2.429
-2.632
-2.508
-2.984
-2.341
-2.704
-2.705
-2.551
-2.485
-2.684
-2.516
-2.884
-2.109
-2.151
-2.447
-2.822
-2.167
-2.348
-2.837
-2.932
-2.269
-2.757
-3.317
-2.199
-1.855
-2.33
-2.191
-2.827
-1.929
-2.375
-2.51
-2.401
-2.276
-1.875
-2.266
-2.47
-2.55
-2.452
-2.732
-2.684
-2.47
-2.696
-2.257
-2.794
-2.324
-1.962
-2.539
-2.952
-1.879
-2.666
-1.77
-2.042
-1.674
-1.858
-2.368
-2.195
-2.14
-2.772
-2.052
-2.668
-1.78
-2.176
-2.233
-2.457
-2.311
-1.376
-2.509
-1.943
-2.225
-2.019
-2.42
-2.498
-2.126
-2.168
-2.209
-1.423
-2.213
-1.447
-2.712
-2.373
-2.283
-2.375
-2.161
-1.777
-1.611
-1.99
-2.6
-2.45
-2.713
-1.749
-1.79
-2.31
-2.273
-3.052
-2.002
-1.626
-1.506
-1.923
-1.641
-2.356
-2.485
-2.449
-2.069
-2.073
-2.035
-2.395
-2.23
-2.726
-2.858
-2.951
-1.632
-2.21
-2.339
-2.084
-1.514
-2.216
-2.427
-2.748
-2.252
-1.95
-1.928
-1.682
-2.095
-1.942
-1.931
-1.981
-1.862
-1.464
-2.081
-2.118
-2.199
-2.194
-2.067
-2.393
-2.006
-1.817
-1.824
-2.382
-1.838
-1.871
-2.442
-1.469
-2.053
-2.379
-2.037
-2.036
-2.131
-2.444
-2.17
-1.734
-2.876
-1.964
-1.52
-2.625
-1.614
-2.455
-1.499
-2.53
-2.341
-1.953
-1.986
-2.519
-1.759
-1.662
-1.39
-2.301
-2.3
-2.293
-2.093
-2.229
-2.294
-2.423
-2.106
-2.037
-2.468
-1.77
-2.765
-2.934
-2.214
-2.069
-2.627
-2.536
-3.116
-2.054
-1.982
-2.392
-1.563
-1.988
-1.721
-2.188
-2.145
-2.652
-1.888
-2.706
-1.759
-2.523
-2.208
-1.93
-1.91
-2.335
-1.978
-2.68
-1.856
-2.094
-2.344
-1.945
-1.883
-2.913
-2.826
-2.615
-2.446
-2.448
-2.92
-2.224
-1.254
-1.888
-2.608
-1.928
-2.272
-1.705
-1.798
-2.218
-2.418
-2.103
-2.067
-2.336
-1.802
-2.357
-2.715
-2.004
-1.54
-2.23
-1.594
-2.538
-2.268
-2.676
-2.507
-2.201
-1.799
-2.023
-1.869
-2.037
-1.659
-2.068
-2.595
-1.706
-1.664
-1.836
-1.871
-2.295
-2.186
-2.408
-2.029
-2.075
-1.954
-2.639
-2.428
-2.01
-2.821
-3.522
-2.26
-2.232
-2.259
-1.792
-1.829
-1.814
-2.515
-2.584
-2.755
-2.532
-1.657
-2.419
-2.233
-2.667
-1.953
-2.037
-2.081
-2.102
-2.149
-2.489
-1.625
-2.209
-2.181
-2.235
-2.445
-2.241
-2.366
-2.029
-1.936
-2.402
-2.299
-1.955
-2.292
-1.529
-1.259
-2.01
-2.555
-1.55
-2.843
-1.925
-1.966
-1.909
-2.438
-2.464
-2.397
-2.08
-2.333
-2.482
-1.865
-2.502
-2.45
-2.099
-2.009
-2.955
-2.398
-1.967
-1.838
-2.329
-2.206
-1.395
-2.327
-2.131
-2.234
-2.371
-2.13
-2.651
-2.07
-2.297
-2.763
-2.335
-2.596
-2.527
-2.45
-2.368
-2.159
-2.295
-2.145
-2.663
-2.0
-2.285
-2.17
-2.383
-1.207
-2.405
-2.05
-2.367
-1.903
-2.873
-2.083
-2.331
-2.414
-1.994
-2.027
-1.6
-2.461
-2.447
-2.501
-2.196
-2.157
-1.911
-1.637
-1.981
-1.912
-2.001
-1.868
-2.276
-2.385
-2.122
-2.174
-2.254
-2.259
-2.222
-2.661
-2.331
-2.813
-2.321
-2.188
-2.445
-2.76
-2.217
-2.122
-1.909
-2.332
-2.071
-2.044
-2.356
-2.241
-2.129
-2.432
-2.014
-1.824
-2.029
-2.387
-2.29
-2.497
-2.772
-2.775
-1.964
-2.902
-2.367
-1.973
-2.018
-2.468
-1.788
-1.859
-1.624
-2.492
-1.985
-2.688
-2.245
-2.251
-1.554
-2.133
-1.643
-2.713
-1.976
-1.927
-1.695
-2.202
-2.195
-2.691
-2.423
-2.592
-2.107
-2.144
-2.065
-2.417
-1.972
-1.308
-2.165
-1.961
-1.938
-1.917
-2.4
-1.585
-1.972
-2.105
-2.529
-2.44
-2.348
-1.979
-2.493
-1.688
-2.843
-2.267
-2.4
-2.592
-2.815
-2.719
-2.604
-2.131
-2.265
-1.194
-2.06
-1.706
-2.188
