-403.723
-432.392
-433.809
-426.857
-441.862
-476.971
-439.43
-389.103
-407.522
-395.842
-449.64
-457.686
-506.763
-482.536
-456.582
-458.1
-437.5
-455.809
-445.897
-448.52
-459.853
-461.99
-486.037
-461.871
-417.08
-481.184
-411.106
-418.473
-453.849
-476.947
-505.175
-491.914
-435.508
-423.123
-406.061
-420.623
-451.465
-441.829
-469.549
-469.277
-497.466
-457.11
-495.658
-530.529
-478.555
-486.971
-518.172
-533.25
-526.265
-540.222
-529.131
-532.614
-544.77
-521.336
-494.283
-547.21
-522.943
-525.009
-487.884
-454.269
-481.727
-511.726
-513.7
-519.002
-479.36
-468.24
-454.231
-489.228
-471.276
-457.574
-505.68
-532.472
-549.373
-578.72
-578.595
-546.715
-529.163
-489.169
-500.539
-538.381
-508.295
-493.749
-499.646
-489.946
-488.311
-494.537
-545.958
-543.726
-483.256
-523.445
-501.303
-505.763
-522.858
-482.907
-471.401
-500.398
-450.377
-435.775
-502.98
-472.625
-484.913
-498.861
-476.613
-479.288
-488.957
-484.558
-490.255
-462.085
-476.142
-452.553
-470.58
-459.853
-491.943
-471.662
-477.07
-472.937
-434.429
-469.45
-428.821
-465.523
-466.806
-449.658
-436.047
-484.448
-429.117
-488.223
-444.187
-486.397
-462.687
-504.027
-487.397
-467.912
-469.893
-480.877
-504.999
-470.187
-480.436
-453.921
-434.787
-502.046
-442.205
-459.98
-470.558
-458.691
-449.072
-470.333
-460.057
-494.276
-440.497
-499.7
-493.085
-467.985
-504.287
-555.202
-561.728
-519.492
-441.823
-522.139
-496.806
-471.788
-474.245
-460.141
-460.368
-463.13
-447.912
-498.408
-470.331
-450.463
-474.468
-526.275
-493.25
-519.263
-534.325
-484.179
-499.966
-503.848
-513.629
-542.901
-508.416
-519.011
-513.622
-507.648
-457.119
-521.553
-502.264
-523.772
-440.337
-412.386
-507.356
-535.608
-487.042
-496.956
-417.266
-476.665
-424.763
-472.049
-474.989
-437.819
-459.432
-360.844
-465.83
-495.658
-462.836
-408.302
-420.93
-447.13
-422.583
-439.248
-458.262
-484.98
-474.243
-409.749
-404.285
-421.457
-411.832
-377.467
-398.343
-375.52
-434.414
-428.401
-391.148
-374.914
-400.513
-376.868
-399.432
-451.737
-448.234
-460.959
-442.272
-482.29
-496.743
-459.544
-532.022
-467.511
-493.795
-496.537
-533.464
-527.719
-546.258
-567.24
-530.936
-511.678
-507.803
-468.694
-576.394
-573.31
-554.359
-577.901
-617.445
-536.594
-556.485
-490.693
-518.56
-488.289
-511.617
-515.038
-478.215
-482.14
-463.464
-471.623
-528.5
-507.891
-498.499
-481.049
-494.862
-460.986
-460.805
-472.072
-517.947
-579.839
-513.685
-518.994
-486.617
-466.145
-468.491
-517.684
-490.367
-505.95
-521.257
-519.419
-556.468
-533.095
-563.237
-449.675
-538.029
-489.235
-509.436
-529.082
-546.404
-522.161
-577.488
-548.612
-531.549
-542.223
-528.759
-523.28
-516.165
-544.769
-485.279
-511.176
-497.683
-532.703
-517.173
-575.33
-545.34
-565.76
-627.496
-613.754
-596.604
-642.621
-578.39
-615.015
-627.341
-553.405
-616.103
-599.348
-610.371
-633.089
-608.748
-645.517
-610.286
-638.345
-591.898
-618.674
-610.618
-588.911
-620.437
-610.554
-607.049
-629.853
-583.873
-573.429
-616.122
-612.767
-572.931
-606.555
-585.979
-582.92
-559.563
-595.973
-567.634
-596.323
-562.147
-595.623
-577.287
-566.657
-537.967
-516.604
-545.869
-570.197
-531.699
-597.438
-584.572
-593.758
-601.806
-579.299
-619.685
-618.494
-606.204
-585.09
-612.343
-662.949
-612.589
-643.826
-570.33
-656.395
-595.397
-586.121
-609.491
-601.722
-607.927
-591.347
-626.689
-600.085
-595.15
-627.37
-601.582
-597.973
-614.576
-629.793
-602.77
-558.365
-636.519
-619.911
-608.101
-592.993
-579.442
-590.132
-558.253
-571.487
-602.725
-549.084
-594.394
-603.054
-598.565
-585.25
-609.092
-567.372
-586.851
-555.851
-527.473
-546.104
-564.399
-587.042
-596.657
-606.914
-555.09
-568.631
-624.55
-627.499
-577.139
-603.944
-604.433
-565.769
-626.001
-615.498
-561.846
-565.672
-552.589
-594.284
-595.482
-606.9
-598.606
-613.521
-626.002
-622.318
-606.291
-611.938
-583.433
-563.543
-583.54
-569.363
-596.107
-599.05
-630.361
-625.923
-537.453
-581.343
-618.752
-642.697
-596.996
-582.289
-572.689
-621.092
-545.578
-575.716
-580.02
-573.697
-577.178
-601.734
-627.45
-661.996
-636.454
-630.127
-629.956
-612.148
-652.563
-676.449
-606.528
-666.192
-680.461
-668.667
-632.254
-632.014
-688.153
-702.893
-668.899
-657.73
-673.727
-615.109
-635.795
-632.844
-655.843
-614.343
-724.067
-615.612
-669.04
-652.295
-681.972
-653.571
-689.702
-666.83
-658.249
-660.393
-649.464
-598.774
-674.671
-629.485
-644.371
-663.286
-631.013
-635.695
-706.977
-701.512
-710.545
-643.877
-681.839
-702.624
-662.992
-686.771
-672.745
