-83.59
-88.22
-89.41
-83.48
-80.72
-85.26
-80.74
-79.76
-73.94
-87.93
-84.26
-78.87
-83.32
-79.89
-77.19
-77.62
-76.28
-87.63
-86.46
-77.01
-73.73
-83.64
-80.23
-67.29
-84.95
-84.4
-87.72
-86.24
-81.03
-76.2
-78.4
-77.31
-75.15
-88.34
-82.45
-82.21
-78.42
-75.08
-74.75
-85.87
-79.06
-83.66
-82.12
-86.98
-80.69
-77.39
-80.81
-71.32
-73.98
-79.29
-78.07
-73.84
-83.32
-76.56
-85.64
-79.98
-81.47
-77.49
-82.72
-86.03
-78.86
-81.33
-78.15
-83.58
-74.63
-76.04
-81.53
-73.04
-79.96
-70.72
-77.15
-74.74
-75.24
-80.97
-89.08
-80.52
-87.05
-77.2
-80.83
-77.36
-75.9
-89.62
-76.62
-84.99
-84.99
-82.66
-79.75
-77.06
-79.02
-71.59
-84.72
-80.45
-79.52
-74.49
-78.42
-76.68
-83.24
-73.3
-70.0
-70.04
-61.01
-73.83
-71.85
-78.3
-78.07
-72.79
-61.54
-74.99
-71.22
-73.58
-63.85
-75.14
-75.23
-58.94
-67.9
-76.04
-72.16
-74.77
-73.41
-68.89
-74.9
-79.44
-72.33
-69.22
-72.65
-75.58
-66.23
-72.26
-69.63
-81.28
-73.77
-72.98
-68.6
-76.69
-75.26
-68.92
-68.89
-63.84
-73.78
-70.2
-70.94
-83.41
-71.95
-66.34
-76.9
-71.79
-71.59
-75.96
-81.45
-75.56
-74.64
-66.05
-81.17
-73.74
-80.66
-81.76
-75.52
-80.26
-73.31
-88.89
-79.81
-83.89
-74.63
-79.66
-75.53
-80.94
-77.57
-81.82
-78.93
-65.85
-69.41
-66.91
-74.12
-69.02
-68.63
-67.33
-69.34
-78.64
-74.66
-77.42
-76.62
-69.6
-78.36
-84.68
-74.58
-82.13
-78.28
-80.96
-70.42
-72.96
-76.64
-79.76
-74.5
-73.94
-79.38
-81.93
-74.61
-68.47
-75.12
-66.44
-70.31
-69.55
-74.53
-73.82
-71.29
-67.15
-70.65
-78.72
-78.19
-74.44
-71.42
-72.51
-81.14
-66.97
-69.57
-70.85
-71.59
-67.18
-73.4
-70.7
-65.03
-70.42
-70.22
-67.06
-65.53
-65.99
-68.25
-62.92
-62.14
-63.11
-53.64
-60.8
-63.86
-57.97
-63.15
-59.05
-66.84
-60.05
-62.52
-65.41
-59.44
-64.09
-69.18
-66.88
-74.86
-57.14
-72.64
-68.25
-66.4
-65.07
-63.46
-58.48
-61.66
-66.68
-68.36
-68.48
-61.58
-69.29
-62.58
-73.85
-63.75
-60.27
-60.29
-74.32
-67.63
-68.78
-73.82
-66.27
-65.65
-67.43
-84.16
-68.05
-75.45
-67.49
-72.77
-75.56
-74.42
-68.08
-68.83
-58.91
-68.3
-60.34
-68.52
-70.85
-67.2
-71.21
-65.84
-70.69
-70.42
-66.99
-62.05
-68.13
-74.07
-64.31
-72.1
-66.4
-70.15
-72.81
-66.1
-69.01
-64.35
-64.83
-74.02
-62.35
-70.2
-70.81
-69.81
-62.55
-67.89
-59.07
-64.34
-71.09
-64.29
-59.01
-66.14
-64.46
-62.07
-74.0
-66.95
-73.73
-66.08
-69.22
-62.65
-67.55
-73.17
-75.71
-71.7
-74.88
-76.29
-73.68
-65.02
-69.95
-75.63
-78.77
-70.37
-78.19
-78.87
-69.92
-78.39
-83.97
-69.53
-68.93
-80.06
-71.32
-71.31
-63.88
-67.85
-84.94
-72.83
-79.67
-70.29
-73.41
-71.57
-81.85
-68.75
-77.36
-71.91
-74.54
-82.09
-71.36
-72.53
-82.04
-78.27
-83.93
-82.96
-82.46
-83.3
-75.53
-87.9
-78.5
-75.72
-82.8
-74.07
-82.32
-79.3
-74.42
-77.45
-78.28
-73.5
-75.78
-79.13
-79.33
-80.86
-79.9
-81.78
-77.24
-78.21
-84.85
-76.84
-68.61
-75.96
-69.19
-67.07
-71.12
-76.72
-85.21
-74.4
-75.64
-70.47
-64.97
-73.43
-72.66
-79.16
-70.71
-75.92
-65.5
-75.61
-83.87
-79.24
-73.45
-81.57
-86.5
-70.16
-81.51
-78.99
-77.47
-79.54
-79.29
-76.18
-71.47
-78.11
-79.06
-70.53
-63.35
-70.83
-69.3
-73.64
-74.68
-76.3
-90.94
-80.41
-78.54
-88.55
-78.84
-73.84
-84.91
-79.67
-88.1
-85.72
-77.3
-75.4
-90.02
-88.15
-81.44
-76.76
-85.7
-80.65
-82.38
-78.1
-80.21
-79.69
-75.1
-69.4
-77.37
-78.37
-79.52
-74.29
-70.89
-87.47
-81.4
-84.51
-78.57
-75.6
-72.13
-72.41
-81.44
-78.27
-78.39
-79.9
-83.43
-79.53
-81.46
-87.37
-80.68
-85.27
-86.82
-85.66
-77.47
-73.34
-85.88
-79.21
-79.07
-74.99
-67.08
-77.24
-77.65
-77.24
-80.04
-76.85
-77.63
-67.2
-70.27
-82.15
-76.15
-78.54
-73.78
-78.11
-73.25
-82.5
-77.47
-86.45
