-444.067
-487.651
-448.501
-443.047
-445.749
-381.021
-394.832
-407.816
-376.946
-398.248
-371.701
-396.049
-399.033
-392.159
-416.656
-408.272
-407.878
-382.914
-366.297
-363.073
-400.142
-380.781
-395.964
-392.568
-387.763
-432.774
-425.229
-416.767
-442.763
-395.479
-381.38
-417.61
-432.888
-414.738
-387.227
-408.3
-396.531
-387.092
-348.307
-414.474
-419.02
-422.584
-404.924
-383.272
-371.654
-390.845
-354.46
-372.754
-369.018
-348.857
-378.576
-388.38
-362.964
-320.755
-383.858
-363.465
-364.975
-388.835
-402.674
-412.56
-365.603
-381.323
-382.366
-364.932
-312.482
-329.201
-359.213
-358.501
-340.579
-365.275
-345.056
-339.833
-390.521
-380.113
-366.606
-384.623
-387.107
-292.56
-302.804
-304.939
-326.956
-438.328
-424.173
-399.138
-391.521
-384.343
-385.06
-296.809
-344.805
-380.77
-386.478
-400.706
-370.983
-378.312
-390.65
-364.116
-373.268
-360.065
-385.244
-370.687
-319.093
-326.2
-351.349
-354.85
-285.411
-292.557
-277.345
-308.011
-295.861
-312.437
-252.79
-346.575
-326.154
-322.719
-322.598
-324.731
-306.745
-336.672
-306.372
-272.32
-280.387
-323.703
-310.496
-303.854
-300.139
-310.086
-281.348
-296.98
-308.746
-343.094
-311.051
-348.062
-338.381
-365.984
-360.887
-306.779
-322.238
-344.19
-349.191
-361.13
-380.686
-404.814
-347.244
-355.506
-353.958
-394.09
-452.145
-443.027
-405.48
-345.781
-373.329
-353.72
-361.667
-404.864
-397.311
-408.318
-365.171
-365.441
-353.03
-385.713
-359.188
-367.176
-375.529
-357.206
-384.55
-368.158
-441.87
-452.746
-351.206
-371.087
-370.463
-316.716
-355.194
-315.227
-308.13
-290.813
-337.007
-388.193
-361.588
-349.54
-349.963
-386.21
-398.228
-416.548
-400.265
-378.212
-378.376
-366.866
-362.483
-353.956
-366.297
-387.824
-372.755
-378.586
-374.529
-356.477
-363.97
-338.787
-326.674
-307.086
-345.136
-343.936
-371.307
-353.348
-331.201
-314.283
-325.041
-351.169
-362.676
-283.422
-344.804
-276.933
-336.099
-273.724
-257.182
-302.064
-293.533
-307.217
-335.102
-325.343
-320.646
-302.869
-326.888
-340.558
-302.058
-312.146
-305.085
-305.929
-308.193
-287.892
-296.922
-287.345
-264.847
-270.429
-308.045
-254.829
-291.735
-269.552
-278.211
-281.449
-248.646
-227.094
-283.548
-297.49
-312.722
-301.079
-317.095
-304.563
-341.729
-253.693
-274.865
-278.257
-308.183
-269.658
-302.165
-277.953
-294.03
-251.492
-323.886
-311.475
-265.861
-300.639
-300.868
-313.068
-298.004
-271.873
-341.489
-325.08
-380.85
-357.398
-361.024
-281.718
-345.281
-334.363
-333.005
-369.756
-330.204
-286.921
-322.729
-294.952
-290.441
-280.719
-391.533
-372.219
-354.539
-327.101
-288.165
-309.227
-351.741
-379.277
-327.454
-352.272
-381.183
-354.244
-382.103
-365.872
-380.992
-381.02
-336.574
-364.687
-310.794
-319.68
-352.988
-295.316
-351.351
-307.401
-345.608
-283.055
-290.496
-296.067
-319.388
-307.708
-307.592
-294.058
-294.702
-284.814
-270.588
-287.292
-335.934
-365.772
-352.149
-346.408
-317.029
-333.096
-313.766
-318.183
-293.709
-344.551
-370.835
-338.479
-336.52
-371.494
-321.964
-319.6
-306.298
-358.562
-370.105
-332.983
-387.649
-421.303
-303.365
-299.364
-383.378
-315.89
-323.317
-294.408
-350.079
-394.073
-382.243
-365.423
-350.673
-332.76
-356.705
-371.869
-342.551
-358.457
-364.85
-365.407
-367.358
-358.011
-321.652
-326.334
-343.165
-340.064
-279.393
-375.262
-385.803
-342.002
-361.805
-354.187
-324.483
-353.397
-305.135
-346.845
-381.316
-390.032
-316.895
-317.933
-355.017
-372.573
-344.616
-397.526
-323.553
-308.036
-319.976
-329.546
-293.053
-334.733
-338.374
-343.171
-353.854
-346.495
-388.109
-385.16
-381.087
-407.323
-390.626
-365.129
-382.697
-293.207
-351.965
-318.115
-354.928
-325.145
-330.807
-326.814
-362.754
-406.464
-372.446
-389.985
-413.841
-424.964
-388.929
-393.845
-339.704
-386.112
-352.851
-397.88
-401.011
-407.095
-425.447
-391.127
-369.699
-350.724
-396.792
-362.174
-386.971
-405.399
-386.716
-415.042
-433.371
-417.56
-417.341
-389.128
-396.048
-418.778
-373.531
-391.61
-397.593
-314.967
-345.689
-415.843
-374.487
-329.303
-372.891
-371.173
-375.088
-358.775
-356.434
-365.727
-367.587
-367.788
-368.704
-364.916
-402.964
-359.478
-339.187
-366.134
-420.839
-362.004
-372.175
-360.408
-315.022
-309.906
-329.721
-370.42
-340.008
-382.139
-398.912
-439.906
-359.323
-354.885
-357.768
-337.148
-372.983
-398.188
-368.762
-356.477
-307.264
-394.024
-356.66
-295.109
-280.899
-303.872
-300.832
-334.483
-316.639
-314.212
-370.951
-365.69
-307.266
-342.964
-332.933
-342.798
-303.928
-336.677
-373.773
-362.491
-380.928
-346.938
-364.847
