-4.945
-6.514
-8.584
-6.306
-5.982
-5.949
-8.001
-7.379
-8.6
-7.048
-4.734
-8.334
-5.446
-4.082
-7.157
-5.596
-6.832
-6.519
-7.689
-5.574
-8.522
-8.125
-7.785
-5.184
-6.759
-7.765
-8.156
-8.49
-6.721
-7.797
-10.044
-9.423
-8.65
-5.855
-5.249
-10.4
-9.453
-8.789
-10.684
-7.201
-6.636
-8.518
-6.015
-9.757
-11.931
-6.861
-10.202
-7.298
-8.855
-9.562
-6.78
-9.321
-6.188
-10.532
-6.45
-6.656
-8.052
-6.47
-9.155
-8.338
-9.551
-8.29
-8.519
-5.872
-8.316
-7.232
-9.081
-6.174
-7.505
-7.245
-7.496
-7.192
-6.22
-7.962
-7.555
-6.057
-6.649
-4.447
-5.887
-5.855
-4.849
-6.603
-6.896
-5.215
-7.332
-5.639
-8.086
-10.608
-10.397
-6.848
-3.944
-8.003
-6.768
-4.208
-5.561
-2.555
-4.126
-4.279
-4.929
-5.364
-5.493
-3.255
-7.081
-6.532
-4.149
-7.808
-5.851
-7.813
-4.309
-7.412
-4.516
-6.681
-4.398
-3.498
-6.921
-5.506
-7.869
-4.861
-6.265
-2.897
-6.132
-4.511
-0.107
-4.304
-3.2
-7.46
-0.559
-6.281
-3.716
-5.121
-7.173
-4.625
-3.778
-6.079
-5.082
-1.447
-1.509
-7.042
-5.674
-6.615
-5.081
-2.888
-8.139
-5.597
-0.88
-2.831
-3.801
-6.025
-4.502
-7.194
-6.383
-6.87
-5.493
-9.226
-6.494
-7.324
-4.238
-7.672
-9.266
-5.661
-5.548
-8.379
-3.241
-4.435
-7.241
-5.536
-7.878
-5.633
-5.908
-6.397
-3.661
-5.133
-3.387
-3.91
-6.539
-7.009
-4.775
-5.144
-8.721
-5.68
-7.036
-4.851
-7.954
-8.828
-5.86
-8.673
-5.311
-4.7
-6.245
-4.593
-4.732
-4.887
-5.131
-5.843
-7.859
-6.004
-5.902
-4.477
-6.341
-3.193
-5.62
-4.949
-6.643
-1.502
-2.059
-5.189
-6.85
-6.36
-6.355
-6.343
-5.595
-3.364
-2.853
-2.334
-1.699
-6.001
-9.442
-3.32
-4.908
-5.791
-6.486
-4.944
-4.972
-3.418
-3.264
-4.159
-6.453
-2.463
-2.384
-4.306
-3.997
-6.894
-0.669
-6.076
-5.226
-1.326
-3.496
-6.481
-4.115
-3.248
-5.924
-5.6
-2.528
-3.849
-4.166
-3.568
-7.038
-7.16
-3.096
-3.704
-2.532
-3.901
-2.14
-5.512
-3.907
-5.134
-6.049
-9.367
-5.182
-4.579
-2.382
-5.443
-4.673
-6.469
-5.616
-5.757
-4.593
-7.731
-7.415
-6.797
-6.583
-1.86
-3.406
-6.701
-6.021
-6.158
-4.064
-4.146
-4.92
-3.097
-4.206
-5.194
-6.553
-4.262
-7.509
-7.396
-5.5
-4.424
-6.788
-4.654
-4.75
-7.115
-4.258
-5.453
-7.227
-7.222
-7.21
-8.074
-5.474
-3.287
-6.457
-6.501
-6.241
-7.239
-7.223
-6.969
-7.518
-1.925
-5.983
-2.505
-4.999
-5.914
-6.292
-4.049
-5.37
-6.697
-7.192
-7.202
-5.713
-6.894
-7.689
-5.257
-4.675
-2.184
-5.409
-4.668
-6.493
-7.879
-6.753
-5.15
-8.661
-6.312
-5.591
-6.511
-5.433
-7.995
-7.536
-7.689
-5.352
-5.128
-8.348
-9.315
-6.83
-6.814
-6.524
-5.804
-5.42
-6.091
-4.732
-8.277
-8.234
-8.148
-4.251
-7.128
-6.541
-6.583
-6.587
-6.56
-7.701
-5.24
-8.317
-6.666
-8.655
-5.436
-5.584
-7.052
-4.769
-4.076
-6.634
-4.962
-5.487
-6.748
-5.615
-4.37
-4.683
-4.348
-5.662
-4.155
-7.676
-6.64
-5.22
-9.727
-8.457
-6.991
-8.25
-4.632
-5.393
-6.151
-9.315
-4.023
-5.816
-6.149
-5.897
-7.317
-9.346
-10.706
-8.105
-6.663
-8.145
-6.71
-6.91
-7.491
-5.216
-4.125
-6.392
-9.949
-7.666
-6.81
-8.13
-9.751
-7.516
-7.874
-5.358
-8.37
-6.549
-6.654
-8.833
-8.619
-7.636
-6.99
-9.532
-7.135
-6.991
-8.016
-5.702
-7.257
-6.609
-9.142
-8.96
-6.747
-7.918
-8.155
-8.402
-8.266
-4.013
-2.792
-7.035
-6.052
-6.483
-7.667
-7.065
-7.163
-5.1
-9.859
-8.187
-4.74
-5.147
-5.145
-7.003
-5.382
-4.977
-8.633
-5.182
-7.489
-9.592
-2.336
-3.928
-8.163
-7.063
-7.324
-6.789
-8.465
-4.694
-8.171
-6.866
-7.089
-9.493
-9.697
-6.885
-8.267
-7.808
-6.633
-7.75
-7.993
-5.386
-3.694
-7.153
-4.118
-4.998
-6.832
-6.047
-7.602
-4.886
-6.133
-4.351
-9.538
-8.765
-6.885
-5.579
-6.624
-9.104
-7.612
-5.746
-7.202
-6.234
-6.468
-4.944
-6.839
-9.245
-7.067
-4.083
