-21.119
-25.956
-22.435
-24.426
-22.014
-22.944
-23.624
-18.008
-21.138
-23.582
-20.75
-26.704
-21.661
-21.679
-24.898
-20.879
-21.935
-28.024
-18.866
-26.951
-26.407
-22.516
-24.5
-21.167
-23.084
-24.411
-19.186
-24.827
-21.307
-24.889
-18.583
-23.89
-20.287
-24.624
-20.421
-28.79
-24.047
-17.924
-14.527
-21.237
-12.538
-23.46
-20.119
-20.176
-24.813
-20.881
-22.627
-21.738
-17.537
-24.175
-21.848
-25.321
-25.58
-19.839
-19.461
-19.55
-23.694
-23.508
-22.58
-14.117
-20.413
-24.55
-18.801
-22.618
-16.597
-18.253
-11.112
-14.56
-17.897
-22.797
-20.438
-13.703
-18.518
-19.583
-22.167
-11.469
-20.733
-20.387
-22.377
-20.54
-22.306
-24.138
-19.566
-24.502
-19.256
-23.799
-23.431
-25.276
-22.968
-22.495
-19.898
-19.079
-15.482
-15.79
-23.558
-20.67
-20.857
-16.915
-20.042
-17.058
-20.63
-20.637
-13.96
-23.076
-20.784
-22.055
-12.818
-19.538
-24.479
-22.914
-20.66
-19.199
-22.508
-17.383
-18.861
-18.236
-18.611
-21.114
-18.696
-16.084
-22.645
-23.168
-17.624
-20.358
-17.855
-15.996
-13.789
-17.022
-19.215
-19.955
-18.314
-22.16
-19.328
-19.667
-22.52
-21.266
-17.361
-18.075
-15.263
-16.747
-21.935
-19.496
-21.703
-18.589
-19.154
-23.001
-20.925
-24.95
-28.375
-19.097
-18.867
-20.511
-22.565
-16.657
-19.39
-21.344
-18.937
-17.46
-17.578
-17.609
-22.36
-18.329
-22.783
-17.852
-20.636
-20.198
-20.541
-24.057
-19.203
-18.407
-22.95
-18.828
-23.756
-20.907
-17.051
-16.814
-11.728
-17.769
-24.754
-20.694
-23.288
-19.914
-23.587
-20.209
-22.576
-18.471
-19.832
-19.638
-17.487
-22.166
-22.978
-24.72
-20.906
-16.623
-18.002
-19.131
-18.708
-18.568
-22.494
-16.597
-19.621
-21.852
-17.281
-24.713
-19.483
-23.662
-21.16
-24.295
-21.035
-22.072
-23.579
-19.449
-21.991
-20.4
-18.809
-17.767
-17.132
-14.54
-22.627
-18.569
-11.033
-18.777
-18.434
-24.001
-17.66
-21.24
-23.427
-18.258
-13.453
-13.615
-17.731
-10.594
-21.646
-17.512
-16.584
-14.688
-22.363
-19.054
-16.971
-18.968
-15.787
-17.39
-18.177
-18.256
-20.957
-16.49
-20.653
-20.307
-16.083
-10.215
-19.699
-17.7
-17.902
-18.116
-17.434
-17.893
-17.319
-22.011
-16.819
-24.513
-16.824
-17.417
-21.06
-20.146
-16.969
-18.348
-18.955
-21.73
-14.119
-16.18
-21.037
-14.932
-20.44
-20.996
-21.596
-14.405
-20.124
-16.224
-13.984
-16.201
-16.549
-17.196
-17.278
-15.115
-18.009
-22.0
-19.628
-8.639
-19.042
-13.63
-14.908
-16.04
-22.232
-10.743
-22.18
-19.472
-14.589
-19.789
-18.406
-20.905
-19.248
-17.462
-18.683
-15.762
-22.941
-17.43
-15.085
-22.052
-18.702
-15.911
-20.955
-20.321
-20.112
-18.044
-10.419
-13.997
-17.502
-12.616
-15.973
-16.463
-13.426
-18.591
-18.403
-18.715
-15.783
-14.541
-15.392
-20.063
-21.493
-13.828
-16.101
-17.142
-19.692
-19.801
-11.129
-17.92
-20.276
-11.642
-18.353
-21.849
-20.155
-17.676
-17.368
-18.572
-14.516
-16.283
-13.916
-24.193
-22.083
-19.536
-16.923
-19.189
-9.887
-24.251
-22.52
-20.618
-20.55
-17.336
-20.65
-21.304
-17.178
-15.384
-21.74
-20.36
-16.261
-21.264
-21.062
-18.216
-24.334
-19.634
-20.241
-21.535
-19.92
-23.196
-20.372
-23.761
-20.906
-19.902
-22.435
-15.018
-8.421
-17.984
-24.939
-19.613
-20.19
-19.805
-19.137
-16.201
-18.149
-17.316
-19.997
-17.432
-18.987
-24.81
-11.809
-23.704
-18.088
-21.023
-19.449
-20.656
-18.468
-13.339
-15.352
-17.754
-18.851
-17.316
-16.519
-19.059
-15.779
-17.451
-20.759
-20.528
-14.069
-10.991
-17.688
-19.575
-21.938
-15.149
-19.359
-16.002
-14.525
-15.494
-21.22
-16.065
-18.937
-16.236
-16.987
-18.671
-22.981
-21.815
-14.775
-20.125
-21.022
-21.555
-21.506
-24.358
-15.105
-11.166
-18.213
-14.903
-18.845
-19.306
-19.343
-19.268
-12.412
-21.354
-20.276
-15.866
-19.712
-18.889
-19.699
-21.765
-18.346
-18.215
-20.847
-21.442
-13.444
-13.26
-18.307
-14.288
-26.159
-21.176
-14.964
-13.515
-24.839
-24.037
-19.402
-17.204
-17.676
-20.973
-19.106
-21.985
-21.936
-21.817
-22.255
-22.923
-22.948
-18.744
-21.006
-21.856
-15.096
-20.198
-16.028
-14.369
-19.647
-19.486
-22.985
-22.322
-19.558
-18.697
-20.54
-17.888
-22.789
-15.1
-23.087
-20.502
-19.535
-18.927
-14.741
-13.458
-20.119
