-535.418
-563.312
-585.344
-549.602
-589.399
-552.254
-547.14
-557.926
-529.591
-552.843
-534.053
-549.473
-548.536
-534.325
-531.959
-523.815
-544.215
-520.01
-488.378
-480.22
-553.567
-524.855
-529.106
-553.928
-563.536
-576.725
-561.386
-552.244
-535.367
-542.528
-502.936
-541.208
-587.85
-557.572
-531.875
-517.932
-525.426
-528.898
-508.116
-528.338
-587.128
-545.147
-510.326
-520.513
-465.724
-508.459
-503.281
-505.913
-530.973
-488.065
-540.428
-545.274
-505.057
-483.123
-521.597
-506.004
-502.773
-539.081
-561.978
-532.529
-493.165
-525.292
-553.639
-540.616
-480.556
-488.236
-522.407
-529.749
-516.742
-525.63
-487.33
-481.06
-570.096
-530.324
-512.902
-523.398
-508.139
-469.049
-475.737
-469.698
-527.111
-578.314
-539.837
-550.585
-525.418
-520.478
-543.84
-485.257
-517.197
-549.004
-539.684
-515.398
-512.126
-549.788
-514.905
-522.012
-510.142
-523.068
-544.81
-514.882
-468.888
-514.305
-511.89
-472.27
-467.347
-467.607
-466.46
-478.739
-481.902
-493.27
-442.312
-510.236
-485.835
-500.003
-481.902
-475.767
-477.013
-501.649
-462.465
-446.409
-466.899
-490.047
-488.951
-475.174
-466.947
-482.589
-458.266
-440.877
-492.5
-491.722
-469.317
-493.351
-511.781
-534.229
-513.036
-482.629
-467.143
-497.211
-503.384
-481.877
-513.451
-523.583
-492.18
-509.929
-493.367
-509.558
-549.913
-558.762
-513.912
-496.964
-510.614
-511.395
-494.965
-538.619
-509.15
-531.1
-502.828
-490.139
-493.395
-536.416
-506.184
-495.585
-505.332
-461.796
-514.927
-519.038
-599.029
-575.371
-505.349
-510.485
-545.605
-450.7
-467.044
-461.148
-480.435
-461.148
-515.812
-547.492
-488.412
-510.027
-472.679
-502.727
-531.713
-505.256
-503.107
-525.244
-526.609
-517.817
-503.739
-512.501
-521.943
-556.188
-534.416
-531.786
-515.978
-500.818
-494.636
-484.463
-460.934
-482.944
-470.129
-521.827
-498.066
-477.795
-457.324
-487.248
-480.516
-495.559
-510.118
-466.671
-506.956
-448.576
-503.651
-464.075
-433.326
-461.593
-424.653
-439.012
-462.31
-479.026
-453.023
-459.152
-462.735
-452.131
-452.885
-488.224
-405.409
-473.63
-463.471
-422.498
-427.172
-421.535
-383.591
-413.275
-435.081
-404.0
-440.619
-433.618
-413.873
-428.142
-394.603
-415.166
-438.38
-461.214
-474.019
-469.663
-443.359
-472.907
-497.656
-425.038
-453.742
-436.391
-469.356
-453.745
-512.872
-481.626
-490.627
-445.16
-495.988
-476.794
-424.715
-462.383
-479.007
-470.342
-471.187
-474.346
-496.925
-472.718
-503.841
-506.391
-535.474
-418.307
-495.368
-472.762
-463.477
-502.455
-462.622
-445.735
-459.856
-450.336
-449.784
-425.957
-499.167
-515.41
-506.306
-465.854
-438.068
-431.54
-476.062
-471.271
-442.382
-442.053
-444.529
-451.0
-493.078
-468.346
-466.124
-457.978
-419.623
-441.172
-449.065
-443.351
-465.368
-446.092
-461.171
-449.097
-489.449
-442.608
-444.671
-444.867
-452.531
-425.992
-463.24
-453.576
-445.379
-430.361
-420.441
-458.125
-473.857
-471.25
-466.517
-470.005
-454.852
-450.113
-470.062
-482.731
-412.693
-506.896
-497.819
-494.671
-497.165
-509.186
-509.764
-459.32
-489.38
-520.332
-524.275
-471.766
-539.208
-523.021
-500.393
-479.824
-542.614
-493.081
-522.153
-470.76
-490.736
-559.556
-509.295
-518.681
-508.812
-479.901
-515.119
-499.121
-526.717
-494.488
-524.868
-533.911
-530.395
-472.459
-464.928
-470.613
-510.812
-499.892
-560.698
-515.07
-550.669
-571.997
-536.466
-551.008
-478.112
-530.819
-490.752
-543.023
-542.597
-531.602
-479.277
-472.448
-544.18
-536.483
-497.667
-539.896
-501.855
-465.139
-519.305
-551.518
-529.949
-560.593
-535.367
-535.215
-495.658
-486.973
-541.623
-553.894
-512.12
-578.846
-532.702
-522.025
-532.432
-451.986
-530.957
-494.535
-523.427
-477.479
-469.102
-515.897
-532.096
-537.519
-500.628
-579.851
-564.449
-550.723
-524.241
-550.521
-544.677
-562.312
-521.085
-562.378
-540.067
-522.206
-527.631
-528.588
-523.966
-493.442
-532.799
-496.103
-512.747
-519.6
-539.711
-510.463
-583.64
-537.326
-559.373
-573.573
-534.57
-542.762
-509.147
-525.936
-588.936
-515.336
-532.386
-586.076
-497.375
-509.764
-515.723
-491.124
-515.721
-516.058
-496.86
-473.829
-505.488
-482.53
-489.117
-493.171
-500.331
-498.498
-522.328
-497.026
-501.512
-504.392
-514.696
-512.345
-447.287
-464.573
-438.018
-484.245
-511.3
-519.95
-525.751
-547.166
-522.307
-502.501
-483.116
-467.805
-504.868
-520.894
-501.552
-480.944
-428.125
-511.459
-497.662
-459.833
-488.833
-476.635
-455.701
-505.8
-480.135
-459.0
-494.031
-508.584
-462.787
-485.365
-480.665
-495.27
-484.766
-460.539
-554.964
-544.161
-537.563
-516.251
-514.299
