-0.321
-0.402
-0.338
-0.337
-0.31
-0.213
-0.323
-0.32
-0.331
-0.262
-0.354
-0.314
-0.242
-0.218
-0.258
-0.278
-0.285
-0.294
-0.259
-0.155
-0.39
-0.267
-0.251
-0.187
-0.204
-0.146
-0.242
-0.304
-0.307
-0.191
-0.191
-0.293
-0.114
-0.34
-0.231
-0.27
-0.24
-0.258
-0.218
-0.262
-0.264
-0.294
-0.143
-0.213
-0.237
-0.232
-0.219
-0.212
-0.293
-0.21
-0.274
-0.219
-0.314
-0.35
-0.309
-0.196
-0.19
-0.207
-0.234
-0.279
-0.367
-0.256
-0.38
-0.276
-0.323
-0.217
-0.213
-0.337
-0.182
-0.186
-0.273
-0.101
-0.081
-0.155
-0.255
-0.345
-0.091
-0.084
-0.146
-0.307
-0.248
-0.245
-0.233
-0.211
-0.212
-0.158
-0.286
-0.258
-0.268
-0.335
-0.337
-0.321
-0.309
-0.243
-0.269
-0.324
-0.188
-0.193
-0.162
-0.261
-0.221
-0.189
-0.346
-0.289
-0.262
-0.194
-0.087
-0.258
-0.171
-0.2
-0.148
-0.069
-0.079
-0.208
-0.164
-0.18
-0.262
-0.127
-0.244
-0.242
-0.153
-0.272
-0.287
-0.349
-0.205
-0.156
-0.239
-0.097
-0.161
-0.288
-0.231
-0.172
-0.237
-0.312
-0.289
-0.244
-0.195
-0.082
-0.232
-0.131
-0.207
-0.238
-0.218
-0.205
-0.094
-0.298
-0.267
-0.235
-0.248
-0.122
-0.17
-0.151
-0.274
-0.199
-0.222
-0.248
-0.324
-0.293
-0.187
-0.19
-0.271
-0.218
-0.334
-0.306
-0.31
-0.172
-0.132
-0.382
-0.371
-0.28
-0.264
-0.303
-0.328
-0.272
-0.2
-0.285
-0.279
-0.26
-0.355
-0.351
-0.319
-0.314
-0.168
-0.35
-0.378
-0.345
-0.324
-0.342
-0.354
-0.259
-0.292
-0.171
-0.258
-0.29
-0.155
-0.209
-0.2
-0.176
-0.198
-0.246
-0.177
-0.269
-0.203
-0.257
-0.22
-0.321
-0.145
-0.177
-0.306
-0.118
-0.162
-0.23
-0.265
-0.212
-0.16
-0.166
-0.284
-0.131
-0.187
-0.171
-0.202
-0.251
-0.061
-0.207
-0.195
-0.06
-0.176
-0.204
-0.174
-0.157
-0.144
-0.132
-0.139
-0.139
-0.166
-0.095
-0.232
-0.26
-0.2
-0.24
-0.136
-0.291
-0.124
-0.186
-0.138
-0.106
-0.274
-0.235
-0.324
-0.259
-0.185
-0.217
-0.302
-0.362
-0.337
-0.225
-0.186
-0.177
-0.244
-0.286
-0.196
-0.25
-0.181
-0.352
-0.3
-0.253
-0.282
-0.18
-0.29
-0.197
-0.235
-0.216
-0.107
-0.379
-0.296
-0.23
-0.186
-0.329
-0.131
-0.319
-0.108
-0.29
-0.402
-0.177
-0.271
-0.283
-0.277
-0.206
-0.279
-0.23
-0.351
-0.243
-0.309
-0.229
-0.158
-0.156
-0.153
-0.241
-0.113
-0.174
-0.215
-0.232
-0.311
-0.247
-0.151
-0.241
-0.175
-0.142
-0.181
-0.242
-0.192
-0.104
-0.121
-0.134
-0.117
-0.214
-0.164
-0.093
-0.223
-0.076
-0.201
-0.212
-0.182
-0.211
-0.238
-0.183
-0.16
-0.207
-0.179
-0.132
-0.257
-0.172
-0.298
-0.114
-0.252
-0.332
-0.294
-0.236
-0.25
-0.418
-0.223
-0.288
-0.295
-0.193
-0.092
-0.104
-0.211
-0.247
-0.221
-0.299
-0.157
-0.259
-0.25
-0.281
-0.212
-0.24
-0.168
-0.268
-0.307
-0.265
-0.282
-0.056
-0.201
-0.301
-0.212
-0.239
-0.348
-0.155
-0.253
-0.259
-0.338
-0.207
-0.135
-0.162
-0.143
-0.281
-0.15
-0.288
-0.353
-0.186
-0.197
-0.197
-0.205
-0.229
-0.222
-0.124
-0.242
-0.165
-0.285
-0.155
-0.299
-0.224
-0.285
-0.282
-0.216
-0.267
-0.285
-0.437
-0.269
-0.248
-0.295
-0.254
-0.211
-0.345
-0.257
-0.166
-0.262
-0.107
-0.235
-0.326
-0.276
-0.191
-0.163
-0.265
-0.172
-0.154
-0.24
-0.282
-0.276
-0.175
-0.275
-0.149
-0.204
-0.172
-0.154
-0.174
-0.24
-0.161
-0.27
-0.291
-0.242
-0.385
-0.271
-0.254
-0.127
-0.229
-0.194
-0.322
-0.314
-0.282
-0.24
-0.271
-0.334
-0.284
-0.246
-0.266
-0.28
-0.22
-0.232
-0.219
-0.213
-0.324
-0.238
-0.171
-0.209
-0.282
-0.057
-0.258
-0.328
-0.273
-0.296
-0.225
-0.198
-0.169
-0.256
-0.394
-0.197
-0.23
-0.226
-0.358
-0.232
-0.231
-0.239
-0.193
-0.328
-0.255
-0.362
-0.219
-0.219
-0.268
-0.294
-0.187
-0.325
-0.195
-0.195
-0.348
-0.152
-0.32
-0.367
-0.314
-0.281
-0.321
-0.313
-0.283
-0.334
-0.295
-0.349
-0.269
-0.327
-0.248
-0.3
