-2.878
-3.022
-3.202
-2.968
-3.088
-2.252
-2.533
-3.181
-2.995
-2.58
-3.052
-3.205
-2.958
-1.866
-3.381
-2.696
-3.075
-2.712
-3.602
-3.41
-3.06
-2.882
-3.134
-2.859
-3.204
-2.785
-3.379
-2.527
-2.654
-2.931
-2.664
-2.272
-2.607
-2.668
-2.291
-2.943
-2.766
-2.187
-3.385
-2.84
-2.877
-3.158
-2.581
-3.239
-2.723
-2.221
-3.151
-2.629
-2.725
-2.39
-3.047
-2.53
-3.027
-2.224
-3.238
-3.434
-2.794
-2.94
-3.236
-3.007
-2.796
-3.068
-2.383
-2.816
-2.896
-2.966
-3.188
-2.486
-2.4
-1.837
-2.821
-2.576
-2.778
-3.11
-2.554
-2.105
-2.416
-2.627
-2.894
-2.43
-2.471
-3.311
-2.133
-3.288
-2.362
-3.029
-2.401
-3.046
-3.704
-2.104
-2.96
-3.184
-2.456
-1.997
-2.821
-2.738
-2.944
-3.329
-2.496
-2.379
-1.968
-2.387
-1.986
-2.623
-2.861
-2.732
-2.291
-2.627
-2.479
-1.621
-3.236
-2.8
-3.089
-1.832
-2.888
-2.872
-1.937
-1.796
-1.697
-3.085
-3.155
-3.235
-3.03
-2.404
-2.154
-2.35
-2.753
-2.416
-2.814
-3.524
-2.683
-2.938
-2.368
-3.13
-2.185
-2.919
-2.878
-2.902
-2.598
-1.803
-3.017
-2.961
-3.753
-3.489
-2.818
-2.591
-2.594
-2.916
-2.945
-2.342
-2.746
-2.156
-3.211
-2.851
-3.49
-2.979
-3.014
-3.842
-2.638
-3.266
-2.443
-2.849
-2.259
-3.118
-3.104
-2.638
-1.847
-2.682
-2.135
-2.085
-2.488
-2.037
-2.611
-2.658
-2.418
-2.083
-2.901
-2.971
-3.32
-2.576
-3.286
-2.244
-2.868
-2.71
-3.169
-2.713
-2.459
-2.948
-3.231
-3.118
-2.844
-3.751
-2.456
-2.496
-2.963
-2.889
-2.553
-2.637
-3.726
-2.213
-2.861
-2.458
-3.074
-2.782
-2.752
-2.29
-2.876
-2.38
-3.017
-2.071
-2.303
-2.698
-2.896
-1.739
-2.957
-2.983
-1.589
-1.91
-2.058
-1.894
-1.985
-1.165
-1.809
-1.787
-2.707
-1.643
-0.96
-2.543
-1.397
-2.675
-1.804
-2.626
-2.179
-1.066
-2.375
-1.873
-1.973
-2.312
-1.731
-1.963
-2.35
-1.727
-2.131
-2.64
-1.885
-0.794
-2.468
-2.227
-2.005
-1.501
-2.478
-2.279
-1.562
-2.226
-2.411
-1.767
-2.311
-2.074
-2.459
-2.363
-2.079
-1.457
-1.767
-2.881
-1.662
-1.451
-2.745
-2.086
-1.747
-2.507
-2.049
-1.99
-2.284
-2.035
-2.428
-2.191
-1.784
-1.979
-1.988
-1.147
-1.738
-2.474
-1.995
-2.302
-2.463
-2.643
-2.565
-2.535
-2.811
-1.02
-1.182
-2.164
-2.318
-2.092
-1.343
-1.912
-2.28
-1.791
-1.204
-1.029
-1.882
-1.483
-1.33
-2.104
-2.879
-2.038
-1.883
-2.148
-2.059
-1.653
-2.018
-1.853
-1.814
-1.552
-2.233
-2.346
-1.927
-2.203
-2.156
-2.244
-1.352
-2.651
-1.273
-1.664
-2.381
-2.432
-2.667
-2.913
-2.761
-2.67
-1.96
-2.625
-2.814
-2.331
-2.089
-1.794
-2.199
-2.628
-2.84
-2.36
-2.448
-2.429
-2.646
-2.692
-2.53
-2.155
-2.46
-3.104
-2.568
-2.93
-2.039
-2.989
-1.556
-2.937
-2.203
-2.458
-3.307
-2.82
-3.105
-2.676
-1.845
-2.406
-2.975
-3.57
-2.625
-2.077
-3.317
-3.03
-3.034
-4.097
-2.806
-3.127
-3.63
-2.965
-3.143
-2.856
-2.898
-2.358
-2.685
-2.71
-2.916
-2.158
-3.655
-2.492
-2.503
-2.42
-3.119
-3.102
-3.312
-3.039
-2.515
-2.168
-2.181
-3.345
-3.476
-3.512
-3.045
-3.037
-2.306
-2.62
-3.056
-3.132
-2.763
-2.42
-3.03
-2.953
-2.671
-3.113
-2.787
-2.282
-3.002
-2.896
-1.881
-3.1
-2.805
-3.122
-3.479
-3.732
-3.045
-2.119
-3.118
-3.002
-3.21
-2.522
-2.139
-2.708
-1.96
-2.304
-2.612
-2.795
-2.151
-3.255
-3.305
-3.431
-2.642
-3.2
-2.482
-3.225
-2.711
-2.817
-2.105
-3.337
-2.712
-3.079
-3.386
-2.445
-3.334
-3.329
-2.409
-2.796
-2.957
-2.552
-2.134
-2.55
-3.199
-2.608
-2.436
-2.626
-3.235
-2.28
-3.275
-3.138
-3.006
-2.47
-2.581
-3.163
-2.7
-3.796
-3.174
-2.885
-2.991
-2.845
-3.407
-2.381
-3.053
-2.976
-3.006
-2.468
-2.798
-2.853
-2.636
-2.576
-2.396
-2.317
-2.423
-2.537
-2.478
-2.708
-2.051
-2.75
-2.581
-2.749
-2.597
-2.659
-2.847
-2.054
-2.886
-2.277
-3.332
-3.125
-3.271
