-609.615
-586.99
-601.909
-664.216
-577.636
-607.566
-575.849
-567.097
-527.597
-568.281
-561.858
-588.129
-590.211
-595.288
-597.831
-588.041
-601.187
-558.959
-566.374
-592.179
-567.424
-588.736
-589.08
-607.683
-627.529
-533.525
-561.957
-639.611
-680.288
-650.182
-670.413
-678.816
-689.714
-666.969
-744.773
-763.99
-716.69
-724.035
-658.983
-709.872
-653.634
-617.171
-700.075
-660.494
-753.605
-663.487
-624.828
-706.889
-644.19
-735.614
-657.914
-657.635
-555.108
-683.166
-723.507
-642.284
-621.764
-653.262
-681.26
-641.178
-660.316
-625.048
-631.393
-586.537
-616.549
-590.66
-643.961
-595.917
-696.194
-610.176
-618.597
-540.955
-590.71
-593.359
-570.033
-604.446
-604.38
-654.076
-608.527
-635.404
-656.291
-617.845
-650.614
-619.411
-586.089
-676.466
-618.918
-600.113
-652.905
-591.998
-587.082
-590.127
-624.822
-600.444
-587.123
-619.306
-582.404
-613.047
-690.309
-616.663
-631.131
-596.038
-619.452
-642.03
-552.191
-615.292
-588.699
-601.634
-590.94
-635.928
-635.818
-660.677
-591.307
-582.217
-622.25
-586.949
-604.887
-580.372
-557.825
-546.457
-628.784
-554.279
-698.341
-675.903
-728.402
-619.973
-690.121
-728.692
-701.33
-680.975
-666.477
-659.511
-675.156
-672.654
-734.844
-702.468
-707.836
-622.849
-624.545
-634.88
-598.443
-712.123
-660.438
-643.657
-652.638
-632.758
-663.635
-592.091
-602.169
-563.591
-608.841
-591.736
-621.715
-579.339
-626.122
-630.253
-640.303
-629.965
-568.995
-619.633
-621.183
-619.498
-653.953
-564.55
-568.142
-593.557
-554.69
-540.525
-632.09
-647.78
-600.138
-621.603
-615.002
-617.966
-587.962
-670.752
-601.322
-595.762
-669.038
-655.907
-642.47
-592.937
-616.563
-631.839
-626.899
-661.711
-600.15
-611.753
-633.697
-604.177
-635.749
-670.42
-655.665
-658.915
-637.358
-643.216
-719.871
-618.354
-643.411
-641.333
-634.078
-653.171
-675.969
-675.787
-645.491
-637.314
-669.72
-623.479
-603.624
-641.979
-663.552
-580.083
-687.987
-610.294
-641.014
-627.773
-589.985
-606.86
-649.29
-655.695
-646.547
-620.012
-602.929
-559.255
-630.649
-579.127
-608.242
-641.149
-707.564
-665.759
-624.792
-637.207
-655.358
-590.264
-600.041
-563.838
-493.939
-600.101
-611.963
-637.545
-597.902
-552.168
-625.675
-624.342
-617.04
-649.779
-642.62
-607.59
-645.434
-616.99
-577.077
-596.524
-597.702
-623.495
-657.209
-641.751
-675.016
-613.548
-641.724
-593.136
-598.114
-627.696
-593.27
-578.204
-566.507
-617.662
-621.566
-624.097
-569.975
-589.365
-620.751
-644.352
-619.132
-598.483
-613.353
-590.532
-613.337
-626.356
-645.9
-575.914
-592.857
-574.646
-607.587
-642.694
-607.287
-631.681
-666.732
-602.946
-622.192
-626.42
-601.409
-599.828
-643.609
-662.966
-588.388
-586.21
-613.054
-600.715
-631.906
-608.672
-595.495
-631.317
-632.055
-637.704
-643.954
-648.862
-667.015
-603.76
-602.766
-585.731
-682.985
-605.039
-614.831
-568.442
-632.286
-613.526
-637.865
-616.814
-629.129
-602.215
-615.285
-667.138
-653.868
-653.937
-614.79
-613.3
-619.455
-622.972
-650.787
-650.19
-634.425
-673.539
-612.15
-596.777
-699.989
-682.595
-715.313
-682.602
-680.462
-581.224
-644.92
-641.014
-673.659
-571.824
-542.063
-586.871
-572.892
-692.701
-680.549
-678.116
-589.044
-653.674
-655.992
-626.253
-721.375
-659.555
-654.936
-641.84
-650.182
-675.824
-669.92
-621.519
-597.922
-636.877
-582.602
-637.535
-590.651
-671.217
-612.143
-612.709
-626.31
-656.127
-676.893
-623.492
-673.45
-633.206
-594.995
-627.574
-620.099
-687.266
-675.924
-618.503
-657.561
-624.956
-673.355
-610.584
-596.088
-658.702
-634.573
-648.473
-702.007
-627.199
-644.206
-602.282
-625.41
-706.054
-641.394
-670.874
-643.822
-604.663
-580.536
-626.437
-631.732
-626.735
-592.813
-618.965
-565.352
-653.942
-653.776
-620.002
-597.58
-591.15
-585.686
-672.743
-564.178
-572.568
-582.792
-576.719
-598.521
-553.016
-592.542
-566.429
-639.438
-623.191
-563.098
-546.13
-599.477
-626.494
-611.481
-632.137
-648.673
-600.735
-605.304
-630.878
-674.096
-616.943
-645.892
-603.04
-581.695
-586.539
-600.55
-554.148
-575.716
-597.783
-431.149
-580.417
-540.592
-507.933
-516.256
-522.02
-461.242
-494.908
-446.562
-503.593
-532.003
-463.102
-553.417
-495.732
-492.989
-488.428
-508.814
-455.514
-422.92
-447.675
-523.927
-450.046
-564.27
-458.751
-484.705
-483.704
-543.457
-530.219
-550.294
-504.814
-513.75
-479.821
-535.211
-583.345
-505.745
-534.701
-518.197
-519.592
-576.273
-514.264
-525.132
-554.886
-490.307
-476.069
-476.61
-490.984
-482.467
-533.472
-481.153
-389.827
-431.468
-484.03
-471.972
-428.05
-456.325
-416.632
-477.551
