-0.338
-0.354
-0.434
-0.405
-0.353
-0.395
-0.518
-0.357
-0.32
-0.405
-0.473
-0.423
-0.364
-0.408
-0.409
-0.313
-0.327
-0.392
-0.397
-0.465
-0.438
-0.48
-0.457
-0.46
-0.385
-0.39
-0.369
-0.404
-0.467
-0.303
-0.44
-0.419
-0.404
-0.469
-0.53
-0.475
-0.455
-0.453
-0.318
-0.296
-0.524
-0.476
-0.392
-0.415
-0.406
-0.385
-0.384
-0.45
-0.5
-0.349
-0.365
-0.436
-0.448
-0.397
-0.444
-0.394
-0.469
-0.294
-0.535
-0.454
-0.341
-0.485
-0.476
-0.383
-0.513
-0.423
-0.446
-0.454
-0.415
-0.518
-0.578
-0.447
-0.429
-0.562
-0.503
-0.513
-0.509
-0.454
-0.415
-0.518
-0.429
-0.365
-0.482
-0.428
-0.466
-0.506
-0.499
-0.383
-0.457
-0.473
-0.324
-0.457
-0.457
-0.492
-0.417
-0.531
-0.263
-0.519
-0.528
-0.523
-0.522
-0.483
-0.508
-0.398
-0.491
-0.356
-0.414
-0.519
-0.422
-0.495
-0.474
-0.345
-0.365
-0.328
-0.254
-0.304
-0.37
-0.347
-0.318
-0.321
-0.201
-0.304
-0.192
-0.4
-0.271
-0.307
-0.487
-0.424
-0.406
-0.331
-0.449
-0.368
-0.381
-0.36
-0.395
-0.434
-0.375
-0.265
-0.488
-0.324
-0.471
-0.353
-0.419
-0.402
-0.427
-0.403
-0.491
-0.452
-0.429
-0.468
-0.346
-0.421
-0.331
-0.424
-0.516
-0.397
-0.354
-0.306
-0.362
-0.207
-0.344
-0.356
-0.327
-0.408
-0.358
-0.452
-0.365
-0.385
-0.39
-0.391
-0.433
-0.409
-0.489
-0.342
-0.549
-0.384
-0.337
-0.393
-0.384
-0.492
-0.325
-0.36
-0.355
-0.374
-0.458
-0.436
-0.413
-0.275
-0.429
-0.371
-0.289
-0.457
-0.405
-0.466
-0.412
-0.385
-0.438
-0.428
-0.467
-0.425
-0.373
-0.423
-0.39
-0.361
-0.354
-0.432
-0.291
-0.374
-0.377
-0.381
-0.36
-0.472
-0.454
-0.411
-0.422
-0.413
-0.424
-0.371
-0.397
-0.347
-0.354
-0.386
-0.337
-0.435
-0.483
-0.363
-0.437
-0.483
-0.404
-0.394
-0.46
-0.42
-0.498
-0.279
-0.394
-0.375
-0.273
-0.357
-0.455
-0.442
-0.235
-0.457
-0.383
-0.38
-0.376
-0.388
-0.406
-0.316
-0.345
-0.286
-0.371
-0.322
-0.387
-0.406
-0.292
-0.425
-0.365
-0.374
-0.331
-0.361
-0.465
-0.38
-0.512
-0.334
-0.397
-0.323
-0.344
-0.409
-0.471
-0.239
-0.329
-0.432
-0.358
-0.302
-0.294
-0.374
-0.42
-0.424
-0.387
-0.391
-0.356
-0.381
-0.444
-0.405
-0.342
-0.349
-0.438
-0.347
-0.309
-0.288
-0.342
-0.341
-0.419
-0.362
-0.399
-0.441
-0.4
-0.47
-0.401
-0.325
-0.334
-0.36
-0.59
-0.454
-0.51
-0.365
-0.364
-0.315
-0.354
-0.33
-0.271
-0.328
-0.335
-0.346
-0.311
-0.31
-0.352
-0.376
-0.317
-0.331
-0.366
-0.307
-0.373
-0.348
-0.265
-0.389
-0.322
-0.265
-0.376
-0.358
-0.316
-0.376
-0.384
-0.42
-0.437
-0.387
-0.436
-0.533
-0.378
-0.337
-0.448
-0.444
-0.465
-0.422
-0.253
-0.334
-0.313
-0.426
-0.3
-0.361
-0.433
-0.376
-0.308
-0.342
-0.343
-0.401
-0.211
-0.221
-0.357
-0.316
-0.345
-0.251
-0.301
-0.348
-0.337
-0.308
-0.33
-0.318
-0.344
-0.32
-0.388
-0.464
-0.359
-0.313
-0.364
-0.341
-0.409
-0.439
-0.417
-0.348
-0.323
-0.31
-0.395
-0.313
-0.341
-0.316
-0.369
-0.428
-0.453
-0.39
-0.44
-0.368
-0.394
-0.402
-0.288
-0.37
-0.343
-0.336
-0.298
-0.428
-0.316
-0.404
-0.346
-0.455
-0.445
-0.423
-0.43
-0.416
-0.402
-0.353
-0.311
-0.411
-0.349
-0.399
-0.397
-0.339
-0.346
-0.369
-0.329
-0.4
-0.271
-0.266
-0.407
-0.305
-0.301
-0.356
-0.377
-0.364
-0.36
-0.447
-0.52
-0.377
-0.316
-0.414
-0.436
-0.333
-0.268
-0.373
-0.264
-0.417
-0.37
-0.331
-0.406
-0.295
-0.33
-0.358
-0.367
-0.311
-0.398
-0.319
-0.399
-0.355
-0.381
-0.283
-0.279
-0.274
-0.335
-0.353
-0.336
-0.345
-0.406
-0.357
-0.337
-0.268
-0.267
-0.384
-0.356
-0.373
-0.355
-0.412
-0.382
-0.32
-0.461
-0.382
-0.342
-0.346
-0.408
-0.178
-0.432
-0.434
-0.39
-0.397
-0.371
-0.451
-0.413
-0.437
-0.442
-0.33
-0.324
-0.398
-0.424
-0.534
-0.46
-0.376
-0.499
-0.304
-0.436
-0.408
-0.369
-0.272
-0.357
