-105.26
-92.33
-91.8
-97.82
-85.51
-84.87
-93.2
-93.64
-79.07
-97.57
-92.34
-91.5
-96.75
-89.3
-85.03
-92.23
-85.35
-77.23
-94.76
-100.03
-85.0
-84.56
-94.98
-93.87
-96.45
-92.3
-91.23
-91.39
-98.47
-87.61
-99.75
-98.99
-94.88
-86.71
-94.31
-100.48
-93.02
-90.32
-96.45
-93.87
-103.9
-92.14
-114.11
-95.08
-107.2
-97.77
-107.43
-99.74
-98.41
-94.51
-97.08
-95.96
-94.18
-104.61
-105.35
-86.14
-100.64
-104.74
-99.24
-95.12
-97.26
-101.78
-100.43
-88.8
-87.72
-101.46
-98.71
-89.21
-93.55
-91.23
-100.4
-94.38
-87.3
-88.5
-86.91
-86.91
-84.62
-85.78
-89.74
-87.28
-98.57
-94.63
-100.0
-88.71
-94.38
-99.03
-96.07
-93.7
-95.3
-94.67
-91.89
-85.53
-91.14
-101.62
-85.99
-100.75
-88.84
-93.38
-93.15
-95.91
-102.5
-94.82
-87.98
-96.74
-82.11
-95.74
-93.68
-87.03
-92.38
-88.84
-95.45
-89.55
-89.83
-89.87
-95.2
-86.13
-81.16
-87.92
-94.92
-82.39
-91.92
-90.2
-92.31
-90.76
-96.81
-98.42
-91.37
-92.56
-87.66
-92.92
-89.95
-98.41
-93.27
-103.89
-100.85
-90.62
-99.54
-94.95
-99.09
-90.34
-86.51
-99.71
-85.07
-94.06
-100.49
-87.11
-98.07
-80.46
-90.34
-90.39
-92.65
-86.46
-91.33
-94.93
-91.84
-95.82
-92.04
-92.08
-88.75
-85.03
-91.26
-89.06
-102.6
-88.2
-77.97
-92.3
-85.46
-88.16
-91.52
-93.12
-93.38
-86.12
-83.73
-95.21
-91.97
-96.92
-93.4
-86.26
-90.17
-94.59
-89.93
-85.6
-82.39
-96.94
-93.61
-94.4
-96.12
-90.39
-94.55
-84.44
-95.98
-91.58
-92.82
-93.92
-96.89
-91.5
-101.97
-80.63
-99.69
-87.73
-86.83
-99.97
-95.28
-92.5
-97.07
-100.18
-96.95
-100.59
-88.65
-97.73
-93.99
-92.9
-107.49
-98.24
-99.96
-92.96
-90.92
-94.42
-83.57
-90.06
-98.92
-95.98
-95.75
-86.32
-94.22
-89.6
-100.09
-96.02
-87.28
-96.05
-90.05
-87.86
-89.52
-77.0
-86.98
-88.71
-88.74
-88.34
-90.31
-91.87
-88.61
-87.6
-87.17
-95.57
-88.36
-91.65
-91.91
-83.09
-91.7
-87.58
-87.04
-91.56
-82.91
-92.18
-92.87
-91.26
-91.25
-97.6
-97.94
-98.22
-78.41
-90.3
-87.73
-89.39
-88.65
-92.72
-90.37
-90.66
-95.59
-87.0
-92.15
-98.27
-82.31
-89.74
-88.41
-81.76
-90.21
-81.92
-92.29
-84.35
-84.62
-78.96
-87.28
-87.71
-95.18
-85.57
-87.62
-90.27
-90.08
-81.33
-89.82
-87.38
-87.87
-89.25
-87.32
-80.86
-85.64
-90.06
-93.93
-92.73
-86.82
-93.68
-93.35
-90.71
-81.08
-90.65
-101.83
-82.14
-91.69
-81.21
-91.36
-85.13
-85.13
-92.37
-91.36
-97.93
-94.71
-83.84
-90.97
-92.88
-89.11
-92.7
-95.75
-101.65
-93.25
-87.0
-87.74
-85.47
-97.76
-98.16
-93.48
-98.73
-94.31
-94.59
-104.23
-92.87
-97.86
-104.22
-92.56
-85.44
-95.14
-86.76
-93.18
-91.3
-85.0
-94.93
-87.11
-95.93
-93.01
-100.0
-96.41
-93.78
-90.84
-87.28
-96.92
-95.82
-100.69
-85.94
-87.01
-89.75
-96.03
-91.46
-96.69
-87.52
-89.06
-95.64
-86.94
-88.57
-85.26
-87.15
-92.35
-89.9
-99.59
-98.99
-94.71
-84.49
-83.03
-89.64
-95.25
-84.52
-92.53
-90.8
-89.59
-79.88
-89.8
-90.55
-82.21
-94.89
-95.25
-93.33
-97.39
-91.76
-93.43
-91.5
-90.29
-84.14
-83.21
-89.49
-89.52
-86.27
-84.69
-95.25
-98.39
-92.71
-90.47
-96.83
-83.5
-84.32
-92.78
-89.49
-87.92
-88.59
-94.36
-88.66
-83.7
-90.38
-81.29
-88.56
-87.69
-85.39
-90.72
-81.58
-97.67
-91.46
-87.61
-90.64
-88.04
-87.7
-83.93
-92.68
-93.31
-90.58
-88.49
-97.46
-99.22
-94.03
-89.27
-95.08
-88.5
-83.77
-84.67
-75.57
-84.95
-90.19
-82.28
-96.67
-87.3
-79.33
-91.23
-79.19
-77.38
-79.68
-80.65
-85.69
-93.77
-84.99
-92.13
-87.25
-84.71
-83.39
-87.26
-86.24
-81.59
-71.3
-85.71
-79.24
-90.27
-92.19
-85.7
-86.26
-88.05
-93.13
-91.62
-83.77
-88.48
-86.86
-76.2
-79.54
-84.25
-88.17
-85.94
-82.45
-84.41
-87.98
-86.0
-87.36
-78.5
-83.08
-73.62
-85.46
-77.6
-80.8
-76.65
-79.49
-72.23
-70.34
-73.82
-76.11
-78.55
-74.92
-82.06
