-24.005
-21.637
3.223
-22.488
-24.359
-21.556
-26.209
-24.496
-21.905
-24.315
-18.067
-24.434
-22.554
-20.574
-22.061
-22.065
-24.682
-16.923
-22.985
-27.185
-16.653
-23.875
-24.552
-27.28
-22.545
-12.272
-21.813
-24.559
-23.674
-25.192
-18.995
-25.254
-27.012
-17.227
-18.862
-25.972
-25.012
-27.58
-25.122
-22.383
-25.609
-23.965
-22.059
-25.854
-23.86
-19.157
-22.913
-27.958
-26.826
-25.144
-20.408
-28.371
-26.044
-24.811
-22.669
-21.746
-28.622
-22.614
-18.944
-22.224
-28.854
-24.553
-24.837
-21.732
-25.117
-27.91
-25.115
-21.322
-20.898
-25.658
-25.877
-27.268
-21.027
-26.093
-21.789
-24.078
-23.255
-25.494
-22.234
-23.344
-24.045
-24.788
-23.809
-24.557
-32.076
-27.857
-26.661
-25.863
-26.604
-32.598
-24.504
-28.413
-22.14
-28.815
-24.136
-23.235
-24.079
-29.981
-27.203
-19.686
-27.535
-25.679
-25.047
-29.193
-22.221
-32.774
-25.725
-26.264
-23.448
-21.519
-28.268
-25.152
-26.509
-24.537
-29.281
-20.084
-19.292
-27.902
-20.4
-24.658
-18.669
-24.031
-24.831
-27.875
-30.713
-21.344
-24.848
-29.721
-24.534
-24.221
-22.64
-21.397
-25.719
-22.288
-31.813
-20.237
-22.888
-26.506
-23.504
-27.659
-24.955
-29.66
-22.352
-21.075
-25.932
-28.617
-24.345
-21.417
-29.158
-23.222
-19.441
-22.834
-27.744
-23.426
-24.514
-21.372
-20.069
-25.743
-22.391
-20.191
-21.978
-19.901
-22.157
-20.464
-9.901
-23.688
-20.823
-21.428
-31.375
-26.418
-28.828
-23.117
-22.211
-24.951
-29.326
-24.758
-25.869
-17.727
-21.803
-25.759
-25.617
-22.759
-22.999
-19.329
-25.876
-27.28
-22.093
-23.064
-22.693
-22.405
-26.469
-23.013
-16.388
-25.999
-24.152
-24.925
-24.458
-21.573
-28.796
-22.938
-22.183
-24.498
-24.9
-21.049
-25.786
-26.347
-22.009
-22.355
-19.463
-22.633
-24.501
-25.852
-26.128
-23.025
-23.114
-18.7
-20.964
-22.316
-23.864
-19.965
-27.211
-25.344
-30.165
-25.7
-26.216
-24.596
-19.762
-16.807
-19.996
-25.331
-20.036
-24.681
-25.894
-23.72
-23.991
-26.514
-21.869
-23.029
-18.696
-23.497
-21.918
-23.144
-20.248
-19.473
-20.826
-21.695
-19.569
-22.759
-24.071
-19.914
-17.094
-24.845
-22.615
-18.099
-21.601
-18.444
-18.133
-22.736
-18.448
-23.106
-15.836
-17.644
-22.049
-22.811
-23.743
-21.888
-23.986
-17.739
-25.508
-19.261
-20.108
-26.989
-22.117
-19.758
-23.546
-18.67
-23.258
-16.868
-24.54
-20.343
-20.465
-21.792
-18.963
-19.677
-23.113
-24.937
-22.417
-22.336
-25.622
-21.651
-21.591
-15.917
-11.39
-22.435
-20.788
-24.535
-21.14
-21.019
-23.178
-23.68
-15.605
-22.129
-27.836
-26.737
-23.964
-23.632
-25.379
-22.672
-20.284
-18.185
-14.201
-21.741
-16.131
-20.62
-15.667
-21.201
-20.756
-15.425
-23.572
-24.042
-12.6
-19.293
-22.023
-17.098
-21.057
-23.771
-21.31
-20.514
-18.969
-13.853
-17.962
-18.187
-18.016
-20.97
-18.447
-18.858
-22.57
-15.595
-18.121
-16.901
-19.109
-20.42
-21.262
-23.806
-19.142
-23.414
-14.241
-18.256
-20.058
-24.271
-23.971
-21.535
-20.634
-15.137
-16.363
-19.629
-16.137
-21.082
-16.736
-17.293
-27.414
-16.734
-19.36
-21.181
-17.11
-20.989
-18.958
-21.09
-19.602
-20.049
-21.146
-19.016
-18.114
-20.788
-21.847
-20.144
-22.058
-17.309
-23.754
-20.321
-19.398
-22.652
-21.881
-19.147
-23.529
-25.543
-24.012
-20.337
-21.747
-28.829
-25.015
-15.789
-21.605
-25.335
-19.319
-28.475
-21.9
-19.992
-26.898
-25.417
-22.779
-20.584
-25.856
-26.54
-21.118
-25.013
-24.558
-24.885
-20.756
-22.953
-26.493
-22.811
-25.186
-22.835
-17.616
-23.422
-21.482
-19.065
-21.695
-24.08
-24.148
-23.407
-27.321
-16.466
-22.035
-23.324
-24.374
-24.055
-20.049
-17.09
-23.611
-20.376
-18.722
-29.697
-22.625
-24.151
-22.18
-15.431
-18.999
-20.353
-27.414
-19.797
-19.7
-24.403
-27.264
-27.538
-22.936
-21.995
-22.523
-21.626
-19.532
-18.215
-25.383
-20.964
-21.716
-24.535
-22.945
-25.115
-21.057
-24.949
-23.977
-20.379
-19.488
-17.842
-22.198
-19.066
-19.996
-25.882
-23.293
-22.989
-20.154
-25.776
-24.571
-21.471
-24.387
-23.643
-18.336
-19.706
-18.256
-19.953
-24.482
-22.891
-25.228
-20.985
-23.11
-25.201
-20.743
-15.723
-22.535
-20.699
-19.737
-20.619
-21.492
-20.089
-21.669
-18.884
-17.661
-24.032
-24.078
-26.359
-18.732
