-5.477
-7.102
-4.425
-5.571
-3.52
-3.94
-5.815
-2.787
-5.287
-5.937
-4.323
-7.695
-4.306
-4.488
-8.218
-7.267
-4.221
-4.888
-3.674
-6.528
-4.498
-5.776
-6.856
-3.479
-4.947
-5.773
-1.21
-6.954
-5.595
-4.088
-2.388
-3.934
-3.25
-5.92
-5.189
-5.611
-3.914
-5.476
-1.32
-2.477
-2.561
-5.403
-3.141
-2.678
-2.662
-4.116
-2.016
-6.536
-5.392
-2.28
-1.712
-3.767
-3.06
-0.907
-5.607
-6.337
-4.913
-4.638
-7.975
-6.996
-3.329
-2.637
-2.39
-3.312
-5.506
-4.159
-2.317
-4.128
-5.333
-6.791
-4.804
-4.135
-4.151
-4.45
-6.152
-5.998
-5.499
-3.764
-3.634
-3.969
-5.264
-3.839
-4.277
-2.663
-0.943
-5.479
-3.077
-5.024
-5.382
-5.993
-3.784
-6.714
-2.323
-2.278
-4.563
-6.617
-5.495
-4.237
-3.508
-0.449
-2.792
-3.725
-3.829
-5.017
-4.899
-4.804
-4.523
-6.531
-3.962
-2.862
-5.621
-7.088
-3.838
-4.996
-2.25
-2.631
-3.225
-2.725
-4.027
-3.925
-4.822
-4.128
-4.877
-2.461
-3.758
-4.503
-3.604
-3.4
-6.795
-5.199
-2.536
-3.63
-3.761
-3.007
-5.572
-4.947
-5.991
-2.017
-5.452
-5.416
-5.838
-6.159
-4.871
-5.641
-7.371
-2.079
-4.038
-7.49
-3.479
-4.682
-0.238
0.069
-2.528
-0.761
-5.268
-5.87
-3.844
-5.133
-3.696
-5.679
-3.069
-2.512
-1.763
-2.75
-5.87
-2.231
-6.135
-3.288
-3.737
-8.522
-3.391
-4.364
-6.087
-6.182
-4.131
-2.488
-3.473
-3.265
-0.12
-3.703
0.851
-1.746
-2.802
-3.72
-1.075
2.43
-2.629
-0.355
-1.573
-1.153
-1.396
-1.801
0.338
-4.878
-3.537
-0.92
-5.722
-4.076
-1.499
-0.222
-4.822
1.13
0.909
-0.515
-0.944
-0.328
1.957
-2.527
-2.99
-3.408
-1.26
0.052
-0.609
0.683
-0.693
1.062
1.179
-1.347
0.842
1.009
0.99
-1.031
3.404
-1.413
-1.109
0.529
0.956
-0.316
-2.984
-3.958
1.381
-1.781
-0.155
-1.644
-0.245
-4.296
-2.582
0.416
-1.103
1.283
-5.362
0.689
-1.102
-5.578
-3.555
-1.994
-0.478
-1.991
-3.361
-1.708
-2.477
3.125
-0.469
0.606
-4.011
1.852
0.189
-0.241
0.528
3.099
0.195
0.409
0.275
-4.016
1.121
-1.252
1.803
3.442
1.591
-2.87
-3.388
-3.696
-2.224
-5.879
-0.681
-1.253
-1.791
-2.095
-2.547
-0.674
-1.813
-1.437
-3.334
-3.352
-0.66
-2.709
-3.605
-4.789
-1.633
-1.459
1.443
-0.608
-0.953
-2.281
-5.098
-0.435
2.47
-4.036
1.668
1.272
0.996
2.62
-5.189
1.787
-0.377
-0.197
0.394
-2.957
-0.213
-1.233
-1.134
-2.583
-2.949
2.804
-0.585
-3.383
-1.896
-0.414
-0.688
-0.497
-0.524
-0.8
1.604
-3.155
0.682
-3.861
1.602
-3.673
-1.108
1.81
1.282
1.214
-1.997
1.358
3.225
-2.736
-1.033
-1.098
-0.566
-1.272
-3.761
-1.01
-2.235
-2.617
1.208
-0.884
-2.307
-0.931
0.037
-2.056
5.254
-0.884
-2.793
-5.889
-4.563
-0.057
-1.48
-3.598
-1.72
-1.574
1.706
-1.107
-3.048
-4.187
-3.694
-2.537
-3.011
-5.489
-2.296
-1.236
-1.68
-4.622
-6.204
-3.724
-2.62
-7.924
-3.309
-3.315
-3.289
-8.333
-6.702
-4.956
-6.869
-6.33
-3.62
-3.665
-8.384
-6.901
-5.174
-5.705
-6.562
-9.252
-5.91
-3.105
-4.484
-5.26
-3.839
-4.142
-2.384
-3.635
-3.832
-3.528
-5.649
-0.347
-4.483
-1.814
-4.676
-4.506
-4.278
-1.51
-5.734
-4.09
-1.328
-6.823
-8.131
-5.152
-3.703
-5.813
-5.798
-2.936
-6.929
-2.82
-2.066
-5.671
-3.892
-1.711
-7.683
-6.131
-6.004
-4.861
-4.659
-6.96
-6.433
-3.374
-7.255
-2.141
-5.111
-7.197
-5.997
-7.638
-4.941
-5.424
-6.359
-9.158
-4.585
-8.69
-4.775
-6.875
-5.33
-1.211
-3.966
-3.867
-1.732
-4.215
-7.195
-6.277
-5.481
-3.244
-5.312
-4.265
-8.717
-5.107
-4.4
-7.799
-0.06
-5.65
-2.298
-2.968
-2.845
-7.232
-7.95
-4.093
-5.553
-6.516
-5.657
-6.842
-3.737
-6.546
-8.15
-6.013
-5.945
-4.002
-1.733
-4.349
-3.813
-3.856
-3.049
-3.521
-1.918
-5.035
-3.44
-3.352
-3.273
-3.808
0.435
-4.403
-1.78
-0.516
-6.074
0.236
-3.216
