-649.391
-652.731
-681.472
-710.333
-638.345
-663.601
-670.965
-627.48
-612.071
-626.364
-687.104
-678.798
-622.529
-651.864
-656.619
-610.383
-634.736
-658.93
-645.666
-654.535
-641.292
-655.289
-622.22
-650.057
-709.885
-620.031
-648.504
-709.529
-701.663
-697.876
-682.659
-661.603
-697.498
-713.789
-752.143
-758.648
-729.875
-737.623
-686.662
-703.091
-706.662
-708.669
-738.037
-713.656
-712.219
-689.161
-661.181
-727.75
-676.497
-732.563
-723.606
-704.164
-626.828
-671.737
-725.244
-677.862
-664.916
-603.683
-704.039
-706.179
-712.986
-653.181
-674.556
-649.633
-682.487
-617.601
-667.442
-650.436
-705.271
-696.292
-701.502
-649.084
-633.693
-687.699
-698.075
-652.815
-647.635
-686.703
-652.303
-724.971
-698.623
-648.409
-648.945
-654.012
-632.503
-699.969
-638.704
-649.369
-670.484
-677.845
-628.848
-660.131
-620.54
-643.261
-623.136
-657.625
-629.35
-679.44
-700.81
-656.674
-697.482
-636.958
-691.532
-715.85
-656.508
-645.713
-660.858
-688.146
-653.513
-678.049
-694.122
-620.456
-637.8
-651.365
-674.408
-624.897
-652.494
-652.873
-612.643
-630.608
-714.68
-615.661
-718.058
-686.33
-670.657
-661.716
-708.813
-709.363
-720.999
-700.73
-667.764
-668.228
-650.242
-678.596
-716.844
-686.742
-709.205
-650.145
-641.384
-607.369
-608.464
-697.871
-654.224
-663.944
-645.149
-647.751
-633.675
-651.852
-596.136
-631.396
-645.964
-622.917
-650.522
-641.385
-655.415
-620.527
-645.688
-599.099
-606.91
-647.114
-628.108
-635.369
-660.775
-633.012
-613.275
-627.143
-610.496
-610.819
-671.596
-686.775
-647.812
-615.689
-607.792
-606.933
-617.564
-634.049
-603.425
-554.249
-650.846
-662.217
-625.714
-596.672
-630.905
-632.111
-586.75
-667.136
-601.522
-618.894
-608.371
-610.089
-633.514
-659.518
-613.45
-671.848
-638.536
-634.389
-667.601
-681.124
-681.823
-657.593
-619.343
-639.496
-687.221
-694.83
-671.289
-643.259
-647.573
-660.329
-622.157
-654.207
-664.641
-619.868
-686.587
-642.577
-683.639
-667.907
-653.392
-605.712
-663.427
-653.346
-662.426
-678.563
-651.955
-645.608
-677.077
-625.578
-645.671
-657.715
-705.701
-678.865
-648.49
-618.275
-643.296
-625.071
-627.697
-650.719
-570.216
-596.112
-636.225
-642.679
-623.367
-605.521
-631.573
-650.787
-623.7
-637.716
-654.625
-643.981
-670.468
-664.519
-597.051
-623.324
-653.412
-638.308
-660.774
-638.249
-691.504
-650.76
-662.783
-637.913
-623.73
-633.347
-651.725
-614.23
-605.909
-657.139
-638.254
-637.689
-640.863
-630.648
-643.75
-658.922
-667.027
-634.671
-636.062
-606.927
-615.926
-666.352
-625.293
-603.465
-620.099
-599.472
-621.674
-629.954
-566.703
-655.448
-648.887
-608.458
-656.91
-605.212
-629.811
-606.748
-614.69
-657.024
-628.36
-597.632
-660.061
-640.972
-632.62
-614.778
-656.95
-642.567
-691.874
-637.315
-664.848
-640.844
-657.18
-659.402
-635.415
-621.125
-685.461
-650.024
-633.444
-623.513
-673.899
-628.763
-642.389
-681.833
-661.367
-650.414
-629.309
-680.366
-665.137
-665.374
-627.993
-608.633
-645.326
-652.449
-600.69
-632.971
-659.369
-660.427
-662.276
-606.968
-652.626
-663.554
-698.792
-672.328
-666.926
-598.668
-655.568
-667.767
-645.3
-581.508
-599.493
-605.17
-612.513
-662.105
-671.669
-662.531
-625.876
-609.191
-656.425
-617.731
-698.81
-658.822
-645.01
-635.994
-623.908
-662.646
-671.919
-635.821
-621.719
-646.914
-619.969
-638.412
-570.684
-645.645
-668.506
-612.001
-610.658
-630.47
-656.834
-631.767
-673.691
-655.665
-630.02
-638.682
-631.943
-690.56
-648.792
-643.035
-657.932
-643.849
-680.762
-648.055
-595.873
-670.509
-665.185
-672.141
-680.561
-662.054
-655.733
-623.868
-626.728
-702.883
-656.355
-676.232
-660.061
-641.128
-617.977
-637.002
-648.671
-658.232
-660.375
-639.159
-586.031
-676.965
-666.507
-642.926
-658.14
-616.949
-606.645
-682.262
-631.805
-606.004
-635.273
-620.662
-594.027
-598.455
-617.476
-627.214
-605.164
-603.197
-596.643
-592.501
-626.742
-646.261
-641.877
-659.938
-662.316
-631.127
-628.81
-625.608
-660.176
-646.48
-636.552
-628.138
-599.427
-613.155
-634.512
-579.74
-626.815
-613.003
-513.389
-605.605
-600.62
-563.51
-623.48
-600.315
-582.68
-565.051
-566.226
-580.506
-587.165
-588.915
-617.244
-579.768
-592.124
-603.715
-589.376
-566.185
-524.682
-562.924
-588.486
-583.808
-607.24
-529.258
-583.701
-591.916
-617.252
-606.941
-575.866
-585.936
-555.315
-565.168
-574.559
-605.307
-539.692
-529.065
-574.894
-559.303
-602.265
-586.217
-587.083
-584.992
-567.947
-548.918
-565.447
-569.947
-524.047
-562.319
-554.348
-515.079
-505.603
-540.594
-565.74
-528.556
-510.066
-495.193
-548.767
