-2.075
-2.144
-1.553
-2.15
-2.164
-2.228
-1.846
-1.872
-2.546
-2.329
-2.447
-2.013
-2.105
-2.354
-2.357
-2.607
-2.607
-2.389
-2.511
-2.588
-1.913
-2.087
-1.888
-2.079
-2.27
-2.254
-2.441
-2.772
-1.516
-2.462
-1.648
-2.652
-1.53
-1.547
-2.546
-2.082
-2.394
-1.92
-2.406
-2.517
-2.303
-1.999
-2.558
-3.14
-2.461
-2.437
-2.399
-2.612
-2.116
-2.295
-2.566
-2.755
-2.211
-2.047
-2.049
-2.654
-2.902
-1.87
-1.549
-2.508
-2.602
-2.711
-2.149
-2.29
-2.133
-2.791
-2.452
-2.36
-2.356
-2.519
-2.437
-2.595
-1.883
-1.725
-1.96
-2.281
-2.117
-2.051
-2.244
-2.05
-2.214
-2.135
-2.547
-1.903
-2.191
-2.557
-2.404
-2.27
-2.135
-2.222
-2.443
-2.546
-2.217
-2.324
-2.717
-2.669
-2.235
-2.707
-2.153
-2.557
-2.809
-2.393
-2.772
-2.489
-1.791
-2.453
-2.576
-2.306
-2.629
-2.505
-2.297
-1.876
-2.194
-2.27
-2.601
-2.254
-2.417
-3.213
-2.425
-2.651
-2.935
-2.231
-2.222
-2.006
-2.385
-2.376
-1.789
-2.013
-2.273
-2.027
-2.415
-1.926
-2.365
-2.123
-1.966
-2.788
-2.601
-1.931
-2.3
-2.602
-2.961
-2.573
-2.39
-2.424
-2.266
-2.528
-2.023
-2.318
-2.477
-2.13
-2.537
-1.789
-2.243
-2.194
-1.643
-2.485
-2.749
-2.191
-2.364
-2.2
-2.25
-2.287
-2.501
-1.972
-2.163
-2.441
-3.075
-2.829
-2.539
-2.35
-2.25
-2.818
-2.718
-2.376
-2.176
-3.083
-2.173
-2.881
-2.588
-2.627
-2.528
-2.731
-2.435
-2.995
-2.386
-2.308
-2.157
-2.539
-2.151
-2.794
-2.802
-2.654
-2.79
-2.145
-2.825
-2.993
-2.396
-2.881
-3.175
-2.962
-2.418
-2.672
-2.627
-2.387
-2.562
-2.645
-3.042
-3.345
-2.869
-2.702
-2.645
-2.36
-3.048
-2.866
-2.56
-2.498
-2.749
-2.736
-2.547
-2.089
-2.878
-3.074
-2.632
-2.159
-2.469
-1.832
-2.074
-2.466
-2.319
-2.571
-2.412
-2.385
-2.533
-2.17
-2.068
-2.389
-2.247
-2.343
-2.299
-2.124
-2.203
-2.309
-2.477
-2.049
-2.21
-2.065
-2.334
-2.48
-2.448
-1.646
-1.917
-1.922
-2.086
-1.958
-2.129
-1.453
-1.409
-2.533
-2.26
-2.526
-2.279
-2.457
-2.432
-2.216
-2.419
-1.956
-2.089
-2.199
-2.404
-2.075
-2.304
-2.916
-2.365
-2.192
-2.648
-1.898
-1.945
-2.192
-2.014
-1.469
-2.069
-1.573
-1.917
-1.766
-2.127
-2.222
-2.092
-1.764
-1.866
-1.345
-2.099
-1.881
-2.068
-1.915
-1.589
-1.628
-1.586
-1.527
-1.902
-1.996
-1.819
-1.67
-1.586
-2.393
-1.844
-1.966
-1.589
-1.203
-1.896
-1.461
-1.744
-1.546
-0.923
-1.718
-1.988
-1.661
-1.482
-1.431
-1.81
-1.595
-1.434
-1.855
-1.841
-1.065
-1.674
-1.706
-1.931
-1.561
-1.518
-1.014
-1.095
-1.215
-1.138
-1.376
-1.397
-1.42
-1.699
-1.234
-1.494
-1.467
-1.542
-1.474
-1.886
-1.821
-1.432
-1.757
-1.409
-1.224
-1.68
-0.665
-1.755
-1.677
-2.113
-1.488
-1.871
-1.567
-1.62
-1.203
-1.413
-0.976
-1.905
-1.373
-0.879
-1.355
-1.74
-1.236
-1.706
-1.319
-0.842
-1.683
-2.19
-1.588
-1.837
-2.055
-1.136
-1.905
-1.61
-1.475
-1.625
-2.235
-2.055
-2.271
-2.267
-2.122
-2.118
-1.9
-2.147
-2.046
-1.321
-1.696
-1.339
-1.876
-1.412
-1.998
-1.371
-2.021
-1.14
-1.207
-1.729
-1.962
-1.79
-1.721
-2.498
-2.274
-2.376
-1.89
-2.503
-2.325
-2.162
-2.102
-2.532
-1.46
-2.376
-2.157
-1.757
-1.785
-1.76
-1.722
-2.031
-2.076
-2.618
-1.934
-2.279
-2.105
-2.295
-2.372
-3.01
-1.928
-2.27
-2.213
-2.251
-2.745
-1.943
-2.496
-2.356
-2.265
-2.146
-1.762
-2.124
-1.443
-2.053
-2.231
-1.92
-2.313
-1.411
-2.237
-2.187
-1.927
-2.1
-1.543
-1.662
-1.643
-2.401
-2.02
-2.516
-2.241
-2.4
-2.318
-1.917
-1.741
-2.105
-1.786
-1.76
-2.208
-1.418
-2.179
-2.147
-1.953
-2.042
-2.036
-1.934
-2.316
-2.02
-1.876
-1.767
-2.053
-1.02
-1.906
-1.809
-1.603
-1.516
-1.506
-1.859
-1.744
-1.911
-1.029
-0.965
-1.539
-1.857
-1.652
-1.013
-1.695
-1.828
-1.547
-1.422
-1.855
-1.659
-0.921
-2.028
-1.516
-1.405
