-0.917
-2.013
-1.114
-1.682
-0.926
-1.387
-1.5
-1.381
-2.186
-1.441
-1.516
-1.783
-1.275
-2.105
-1.072
-0.883
-1.757
-1.986
-1.507
-1.093
-0.897
-1.735
-1.789
-1.849
-1.16
-1.472
-1.669
-1.386
-1.648
-1.715
-1.742
-1.618
-1.659
-1.557
-2.345
-1.122
-1.648
-2.194
-1.013
-0.952
-1.262
-1.311
-1.533
-1.95
-1.268
-1.719
-1.848
-1.669
-0.81
-1.46
-0.944
-0.777
-1.182
-1.065
-1.293
-1.347
-1.687
-1.576
-0.82
-1.521
-1.33
-1.609
-1.382
-1.55
-0.971
-1.486
-1.519
-1.631
-1.005
-0.922
-1.519
-1.39
-1.319
-1.051
-1.454
-1.192
-1.602
-1.642
-1.517
-1.03
-1.65
-1.201
-1.698
-1.894
-1.53
-1.786
-1.752
-1.614
-1.727
-1.192
-1.464
-1.928
-2.005
-1.722
-1.323
-1.12
-1.382
-1.464
-1.231
-1.207
-1.924
-1.325
-1.436
-1.332
-1.839
-1.782
-2.036
-1.853
-1.729
-0.76
-1.683
-1.236
-1.072
-1.929
-1.009
-1.78
-1.103
-0.927
-0.922
-1.732
-1.512
-1.505
-1.29
-1.587
-1.127
-1.476
-1.272
-1.714
-1.761
-1.944
-1.838
-1.235
-2.0
-1.384
-1.323
-1.426
-1.399
-1.898
-1.825
-1.708
-1.439
-1.255
-1.462
-1.41
-1.73
-1.901
-0.934
-1.64
-1.769
-1.399
-1.602
-1.674
-1.905
-1.001
-1.724
-1.78
-1.951
-2.093
-1.472
-1.801
-1.748
-2.577
-2.081
-1.357
-1.885
-1.752
-1.084
-1.796
-1.65
-0.618
-1.142
-0.9
-1.086
-1.496
-1.214
-0.826
-1.242
-0.724
-0.674
-1.117
-0.953
-1.499
-1.34
-1.383
-1.454
-1.636
-1.66
-1.244
-1.53
-1.474
-0.837
-1.581
-1.679
-1.357
-1.216
-1.742
-1.591
-1.429
-1.302
-1.977
-1.999
-1.981
-2.013
-1.741
-1.731
-1.929
-1.959
-2.289
-1.616
-1.868
-1.984
-0.559
-0.279
-1.164
-1.481
-1.089
-1.544
-1.081
-1.591
-1.582
-1.184
-1.274
-1.613
-1.0
-1.669
-1.817
-1.354
-1.709
-2.112
-1.593
-1.097
-1.671
-1.228
-1.116
-1.44
-1.784
-1.419
-1.246
-1.168
-1.384
-1.961
-1.989
-1.931
-0.834
-1.237
-1.705
-1.364
-1.886
-1.417
-1.795
-1.355
-0.287
-1.357
-1.504
-1.254
-1.336
-1.843
-0.827
-1.133
-0.957
-1.555
-1.194
-1.408
-1.532
-1.669
-1.131
-0.857
-1.145
-1.15
-1.562
-1.403
-1.5
-1.513
-1.244
-1.692
-1.047
-1.146
-1.102
-1.233
-1.216
-0.704
-1.422
-1.495
-1.465
-1.592
-1.643
-1.268
-1.431
-1.697
-1.212
-1.667
-1.402
-1.291
-1.174
-1.001
-0.862
-1.875
-0.959
-1.455
-0.512
-1.607
-1.268
-1.509
-1.028
-1.289
-0.982
-1.27
-1.42
-2.232
-2.117
-0.572
-1.308
-1.747
-0.992
-0.91
-0.506
-1.105
-1.315
-1.164
-1.16
-1.597
-1.677
-1.795
-1.431
-1.365
-1.872
-1.782
-2.227
-1.76
-1.89
-1.585
-1.041
-0.872
-2.302
-1.604
-1.666
-1.043
-1.252
-0.783
-0.788
-0.559
-1.504
-0.884
-1.353
-2.151
-2.113
-1.873
-1.441
-1.464
-1.155
-1.842
-1.478
-1.219
-1.432
-1.969
-2.006
-1.446
-2.057
-1.459
-1.74
-2.041
-1.549
-1.882
-0.789
-1.878
-2.561
-2.027
-1.628
-1.943
-1.929
-1.562
-1.517
-1.619
-1.266
-1.833
-1.604
-1.685
-1.608
-1.559
-1.574
-1.595
-1.681
-1.588
-1.105
-1.27
-1.885
-1.944
-2.034
-2.185
-1.698
-2.375
-1.837
-2.292
-1.864
-1.312
-1.256
-1.818
-1.729
-1.899
-1.438
-2.143
-1.891
-2.472
-2.181
-2.302
-2.359
-1.359
-1.848
-1.144
-1.736
-1.384
-1.94
-1.469
-1.297
-1.143
-1.726
-1.28
-1.308
-1.274
-1.046
-1.278
-1.499
-2.001
-1.872
-2.067
-2.172
-2.435
-1.679
-2.285
-1.438
-2.196
-2.236
-2.209
-0.866
-1.792
-1.428
-1.744
-1.065
-1.757
-1.145
-2.219
-1.79
-2.138
-1.552
-1.779
-2.044
-1.442
-1.737
-1.897
-1.701
-2.037
-1.52
-1.253
-1.468
-1.783
-1.144
-1.327
-0.593
-1.163
-0.976
-1.324
-1.687
-1.614
-1.072
-1.304
-0.393
-1.085
-1.654
-1.757
-1.584
-1.297
-1.374
-1.155
-1.41
-1.725
-1.569
-1.6
-0.801
-0.962
-0.636
-0.999
-0.564
-0.719
-0.435
-1.023
-0.745
-1.301
-1.495
-1.087
-1.714
-1.879
-1.239
-1.432
-1.558
-2.626
-2.231
-2.098
-1.142
-2.332
-1.686
-1.709
