-58.89
-68.6
-59.07
-65.69
-59.71
-55.99
-66.15
-65.17
-70.9
-66.08
-70.94
-58.41
-72.43
-70.83
-70.02
-67.84
-75.74
-69.66
-63.89
-58.78
-58.25
-67.47
-66.4
-69.55
-61.57
-75.87
-64.01
-73.21
-66.53
-65.56
-57.22
-63.86
-62.82
-64.31
-73.81
-62.95
-68.71
-66.99
-61.67
-66.94
-61.22
-64.29
-61.11
-72.92
-59.03
-59.37
-63.21
-56.18
-57.21
-49.68
-58.24
-56.82
-59.02
-56.46
-60.63
-56.41
-62.3
-63.14
-52.37
-58.88
-55.6
-63.13
-64.09
-60.52
-65.64
-63.74
-60.19
-61.0
-59.43
-62.67
-59.28
-61.85
-62.84
-52.4
-62.79
-56.33
-68.79
-62.02
-65.02
-58.91
-63.38
-61.01
-66.93
-60.2
-57.8
-58.43
-63.54
-65.77
-66.07
-66.74
-62.57
-69.46
-63.25
-65.33
-56.72
-57.99
-66.84
-63.44
-63.33
-60.2
-58.22
-61.8
-61.73
-62.76
-62.93
-76.93
-62.86
-66.82
-64.89
-60.71
-66.67
-58.86
-58.36
-66.64
-63.54
-64.27
-62.48
-68.28
-72.6
-79.48
-72.44
-75.87
-69.23
-74.84
-68.56
-67.47
-70.04
-72.01
-72.82
-70.57
-73.17
-70.02
-68.23
-74.64
-69.12
-58.68
-69.09
-69.95
-64.01
-61.98
-66.43
-67.29
-70.29
-76.6
-74.03
-71.62
-69.53
-62.81
-77.48
-57.82
-63.19
-67.63
-68.44
-61.37
-67.0
-57.91
-59.53
-58.46
-67.38
-59.84
-58.56
-60.84
-63.21
-52.92
-61.57
-50.31
-54.35
-56.2
-58.68
-56.81
-54.81
-54.2
-55.81
-52.91
-56.85
-58.58
-59.39
-50.26
-52.46
-53.56
-49.51
-54.46
-55.09
-61.86
-56.48
-58.52
-58.79
-57.1
-55.98
-53.12
-51.85
-57.31
-57.52
-54.2
-61.95
-60.05
-66.69
-63.15
-68.16
-70.02
-66.77
-72.21
-67.92
-75.77
-77.14
-71.24
-67.67
-73.23
-78.52
-73.68
-72.27
-61.74
-54.03
-65.65
-63.93
-64.67
-67.02
-53.6
-57.86
-53.91
-61.15
-75.05
-62.99
-62.62
-71.56
-65.69
-60.04
-67.42
-68.95
-67.5
-56.68
-62.33
-63.5
-62.06
-69.69
-72.62
-67.04
-69.79
-63.18
-68.07
-69.28
-69.53
-74.68
-64.21
-61.44
-70.78
-62.25
-62.34
-64.58
-62.4
-54.33
-62.16
-58.1
-58.81
-65.46
-62.52
-73.6
-58.12
-57.14
-46.17
-56.44
-58.68
-52.68
-62.85
-58.62
-59.92
-60.83
-56.68
-56.91
-58.35
-57.16
-54.76
-69.44
-61.51
-61.21
-50.75
-55.22
-56.49
-60.18
-55.68
-56.77
-62.94
-64.85
-57.24
-53.23
-57.64
-60.06
-60.37
-59.64
-62.24
-65.76
-63.82
-61.16
-60.39
-56.43
-57.94
-59.94
-55.64
-66.08
-62.01
-67.99
-69.98
-58.83
-61.13
-69.58
-66.48
-65.76
-78.05
-68.79
-70.82
-70.9
-69.03
-61.7
-66.36
-68.44
-62.05
-64.29
-67.62
-71.15
-70.87
-66.31
-63.83
-77.11
-61.89
-60.87
-74.58
-67.88
-67.73
-71.49
-70.22
-75.21
-66.93
-68.99
-61.34
-70.53
-73.75
-64.78
-74.32
-57.55
-59.35
-66.43
-73.1
-72.37
-72.63
-73.08
-68.89
-77.54
-71.61
-73.69
-61.21
-76.46
-71.76
-76.95
-75.11
-83.69
-76.45
-78.92
-77.57
-75.48
-82.56
-77.75
-78.77
-70.52
-66.98
-74.2
-72.86
-68.47
-71.7
-64.48
-72.56
-79.13
-68.0
-68.13
-80.03
-78.2
-69.77
-66.83
-75.31
-68.17
-75.25
-73.38
-77.12
-77.31
-74.45
-74.39
-70.0
-59.47
-70.97
-76.38
-73.34
-77.64
-76.85
-69.27
-77.33
-64.0
-63.29
-74.5
-72.5
-68.83
-72.37
-74.29
-70.6
-89.55
-75.74
-71.54
-78.14
-72.58
-61.06
-60.15
-59.39
-62.19
-66.24
-67.07
-60.36
-63.27
-79.08
-63.51
-63.18
-58.92
-63.15
-54.33
-64.73
-64.61
-73.63
-69.45
-66.13
-75.58
-67.64
-67.95
-74.81
-76.98
-79.08
-66.52
-53.37
-65.37
-63.21
-59.83
-51.66
-65.26
-62.07
-67.01
-69.19
-59.02
-58.0
-65.11
-59.56
-53.87
-52.72
-59.67
-66.15
-71.43
-71.02
-69.43
-65.9
-57.17
-57.4
-68.98
-57.68
-72.64
-63.13
-63.67
-65.22
-62.71
-58.28
-62.21
-65.11
-73.63
-70.55
-68.09
-68.14
-67.56
-68.0
-74.04
-67.59
-62.88
-64.63
-61.17
-64.36
-66.4
-50.3
-54.63
-62.57
-51.08
-57.26
-59.95
-61.11
-50.79
-67.04
-56.68
-58.45
-57.02
-58.71
-58.56
-69.64
-76.32
-72.93
-65.55
-57.96
-70.46
-65.65
-55.94
