-0.086
-0.128
-0.121
-0.133
-0.162
-0.214
-0.243
-0.266
-0.101
-0.184
-0.119
-0.259
-0.19
-0.193
-0.257
-0.346
-0.205
-0.098
-0.264
-0.122
-0.141
-0.093
-0.134
-0.085
-0.207
-0.06
-0.157
-0.001
-0.107
0.029
-0.133
-0.19
-0.192
-0.087
-0.185
-0.196
-0.147
-0.213
-0.131
-0.183
-0.235
-0.222
-0.198
-0.231
-0.044
-0.121
-0.095
-0.101
-0.249
-0.149
-0.191
-0.064
-0.135
-0.093
-0.108
-0.12
-0.113
-0.145
-0.048
-0.112
-0.136
0.023
-0.155
-0.099
-0.112
-0.11
0.053
-0.124
-0.075
-0.022
-0.029
-0.148
-0.153
-0.066
-0.136
-0.152
-0.163
-0.158
-0.099
-0.19
-0.177
-0.203
-0.075
-0.106
-0.129
-0.007
-0.169
-0.045
-0.093
-0.093
-0.116
-0.071
0.004
-0.193
-0.106
-0.136
-0.175
-0.217
0.01
-0.159
-0.141
-0.109
-0.163
-0.158
-0.185
-0.056
-0.142
-0.082
-0.008
-0.293
-0.217
-0.192
-0.087
-0.345
-0.228
-0.13
-0.162
-0.229
-0.182
-0.05
-0.213
-0.094
-0.208
-0.179
-0.304
-0.119
-0.109
-0.154
-0.198
-0.161
-0.083
-0.063
-0.096
-0.188
-0.279
-0.201
-0.111
-0.166
-0.15
-0.158
-0.109
-0.014
-0.097
-0.078
-0.128
-0.195
-0.153
-0.212
-0.21
-0.1
-0.139
-0.119
-0.188
0.037
-0.187
-0.183
-0.257
-0.036
-0.102
-0.117
-0.174
-0.152
-0.063
-0.163
-0.134
-0.171
-0.126
-0.193
-0.147
-0.193
-0.201
-0.123
-0.141
-0.068
-0.15
-0.148
-0.228
-0.253
-0.23
-0.166
-0.257
-0.254
-0.286
-0.369
-0.258
-0.256
-0.2
-0.195
-0.172
-0.327
-0.148
-0.273
-0.118
-0.171
-0.2
-0.157
-0.283
-0.182
-0.233
-0.222
-0.268
-0.222
-0.14
-0.224
-0.25
-0.23
-0.286
-0.215
-0.242
-0.239
-0.156
-0.2
-0.108
-0.197
-0.238
-0.165
-0.197
-0.134
-0.213
-0.24
-0.184
-0.163
-0.107
-0.259
-0.269
-0.242
-0.222
-0.206
-0.219
-0.199
-0.286
-0.189
-0.295
-0.206
-0.23
-0.166
-0.187
-0.227
-0.172
-0.167
-0.165
-0.144
-0.145
-0.155
-0.203
-0.245
-0.208
-0.201
-0.223
-0.224
-0.34
-0.168
-0.238
-0.202
-0.222
-0.153
-0.258
-0.131
-0.148
-0.168
-0.319
-0.223
-0.165
-0.186
-0.215
-0.207
-0.17
-0.143
-0.183
-0.197
-0.119
-0.159
-0.226
-0.108
-0.087
-0.119
-0.087
-0.151
-0.16
-0.056
-0.099
-0.126
-0.093
-0.136
-0.099
-0.163
-0.202
-0.266
-0.154
-0.194
-0.146
-0.268
-0.135
-0.17
-0.208
-0.135
-0.143
-0.193
-0.255
-0.278
-0.281
-0.269
-0.247
-0.212
-0.338
-0.212
-0.2
-0.192
-0.183
-0.187
-0.213
-0.251
-0.248
-0.14
-0.213
-0.155
-0.087
-0.154
-0.225
-0.251
-0.275
-0.188
-0.27
-0.194
-0.18
-0.284
-0.208
-0.248
-0.207
-0.312
-0.258
-0.223
-0.331
-0.214
-0.236
-0.267
-0.272
-0.267
-0.225
-0.176
-0.216
-0.315
-0.34
-0.373
-0.288
-0.285
-0.275
-0.344
-0.219
-0.199
-0.296
-0.19
-0.344
-0.367
-0.409
-0.373
-0.362
-0.282
-0.327
-0.417
-0.235
-0.367
-0.23
-0.218
-0.242
-0.228
-0.178
-0.316
-0.229
-0.277
-0.272
-0.319
-0.319
-0.336
-0.297
-0.309
-0.287
-0.221
-0.249
-0.393
-0.304
-0.355
-0.301
-0.351
-0.289
-0.288
-0.334
-0.363
-0.305
-0.26
-0.31
-0.353
-0.282
-0.284
-0.231
-0.353
-0.273
-0.277
-0.206
-0.365
-0.381
-0.287
-0.278
-0.299
-0.356
-0.3
-0.304
-0.317
-0.322
-0.263
-0.255
-0.193
-0.218
-0.338
-0.25
-0.335
-0.278
-0.28
-0.3
-0.32
-0.215
-0.316
-0.205
-0.321
-0.296
-0.351
-0.362
-0.202
-0.337
-0.277
-0.369
-0.254
-0.289
-0.242
-0.28
-0.247
-0.297
-0.286
-0.293
-0.245
-0.265
-0.273
-0.338
-0.24
-0.313
-0.299
-0.335
-0.216
-0.202
-0.319
-0.271
-0.292
-0.226
-0.264
-0.163
-0.208
-0.26
-0.266
-0.194
-0.173
-0.226
-0.264
-0.214
-0.209
-0.315
-0.238
-0.359
-0.321
-0.288
-0.148
-0.278
-0.145
-0.24
-0.24
-0.319
-0.207
-0.14
-0.326
-0.329
-0.315
-0.306
-0.254
-0.297
-0.368
-0.291
-0.246
-0.23
-0.221
-0.23
-0.221
-0.246
-0.194
-0.281
-0.364
-0.242
-0.249
-0.357
-0.272
-0.414
-0.308
-0.303
