-3.844
-5.359
-5.658
-5.811
-5.429
-2.3
-5.138
-6.683
-6.669
-6.517
-1.87
-3.813
-3.775
-4.498
-4.959
-5.993
-4.824
-5.278
-2.467
-5.337
-4.3
-1.443
-1.299
-4.537
-4.803
-1.007
-3.667
-0.843
-2.962
0.639
-2.857
-3.242
-1.634
-5.012
-3.411
-5.395
-1.744
-1.419
-4.065
-3.256
-4.498
-3.552
-4.036
-4.59
-0.652
-1.778
0.52
-1.084
-3.617
1.475
-0.667
-2.268
-3.516
-3.654
-1.367
-4.316
-0.158
-1.563
-3.154
-3.48
-5.119
-3.072
-5.716
-3.03
-4.27
-2.918
-2.026
-1.463
-4.905
-4.345
-4.093
-1.507
-4.104
-3.657
-1.691
-3.146
-4.396
-5.894
-4.722
-3.653
-1.943
-2.835
-1.568
-2.21
-1.82
-4.847
-1.382
-0.057
-2.024
-2.751
-3.72
-4.573
-4.683
-6.249
-0.062
-3.15
-2.201
-4.653
-2.481
-2.496
1.449
-3.283
-0.935
-1.708
-1.579
0.315
-0.308
-1.127
-2.557
-2.539
-4.312
-2.781
-2.188
-2.657
3.466
-2.385
-1.552
-4.122
-5.158
-5.624
-5.57
-3.605
-5.797
-4.925
-4.932
-5.202
-4.138
-7.293
-4.243
-3.661
-5.55
-3.088
-3.684
-4.66
-1.817
-3.068
-3.931
-4.138
-5.125
-3.724
-5.392
-4.738
-3.532
-2.907
-4.951
-3.891
-2.851
-2.883
-6.03
0.173
-3.089
-2.283
-4.889
-2.995
-3.734
-0.778
1.365
-0.496
-2.988
-3.505
-1.601
-3.675
-5.8
-1.009
-7.329
-5.942
-4.561
-3.948
-4.858
-3.375
-2.144
-5.223
-3.364
-3.24
-4.913
-4.71
-3.505
-4.783
-0.049
-2.999
-3.395
-5.334
-2.482
-0.831
-4.139
-1.65
-3.033
-1.984
-3.933
-4.631
-5.484
-2.775
-3.227
-6.67
-4.099
-3.75
-5.683
-3.544
-2.853
-3.756
-6.441
-4.455
-3.622
-4.807
-4.634
-5.349
-2.138
-0.918
-5.2
-7.179
-6.498
-5.844
-5.906
-1.095
-6.4
-2.15
-1.521
-3.009
-3.397
-4.538
-4.276
-3.628
-5.849
-3.578
-5.327
-1.64
-4.836
-3.151
-5.548
-2.859
-3.858
-3.237
-2.052
-2.736
-0.577
-3.516
-1.983
-2.386
-6.307
-6.51
-5.428
-7.087
-3.793
-5.854
-1.24
-2.861
-4.336
-4.645
-5.172
-3.407
-2.509
-1.51
-2.079
-2.038
-5.0
-3.108
-1.7
-3.136
-2.458
-2.18
-2.061
-2.752
-4.509
-2.957
-3.945
-4.442
-2.071
1.863
-5.745
-1.708
-0.117
-4.128
-7.627
0.649
1.725
-1.024
-1.766
-0.688
0.452
-1.77
-0.528
0.361
-2.125
-3.374
-1.188
-2.15
-0.725
-1.203
-2.96
-1.674
-0.592
-2.924
-0.196
-0.636
-2.466
-1.466
-1.396
-1.868
-1.664
-3.653
-5.978
-5.373
-5.789
-1.806
-6.529
-4.415
-5.732
-6.876
-5.982
-3.074
-3.651
-5.459
-5.827
-7.521
-3.522
-5.178
0.744
-5.22
-1.027
-4.208
-2.958
-6.275
-5.474
-4.335
-7.77
-7.488
-4.244
-3.673
-6.878
-6.627
-7.183
-6.512
-4.307
-6.734
-3.33
-4.934
-5.458
-3.579
-4.172
-3.741
-5.802
-3.282
-4.167
-2.518
-5.004
-4.41
-6.54
-6.011
-6.145
-7.133
-7.463
-6.924
-6.91
-6.768
-10.181
-6.669
-6.635
-7.371
-7.89
-5.791
-7.126
-5.353
-9.819
-5.013
-7.945
-6.903
-7.447
-3.973
-5.19
-6.713
-5.89
-2.596
-3.361
-5.18
-4.431
-4.428
-1.476
-2.352
-2.518
-3.364
-2.97
-4.095
-3.341
-3.413
-1.98
-2.722
-3.052
-3.209
-2.963
-5.654
-2.403
-0.84
-1.546
-0.34
-4.124
-3.376
-7.207
-4.168
-4.016
-1.371
-1.915
-4.0
-2.366
-2.462
-2.614
-5.747
-6.182
-4.596
-4.593
-2.432
-2.828
-2.038
-3.128
-3.653
-6.145
-4.24
-6.273
-5.144
-5.608
-6.258
-5.5
-4.167
-4.539
-6.167
-2.413
-5.86
-4.911
-6.819
-7.948
-6.175
-6.025
-6.935
-6.74
-4.179
-4.834
-4.044
-5.567
-7.276
-3.475
-2.518
-4.195
-4.345
0.193
-2.321
-3.92
-3.875
-2.782
-4.696
-6.216
-4.551
-5.107
-4.303
-5.31
-1.494
-4.989
-4.129
-2.447
-2.58
-4.495
-1.611
-3.702
-3.983
-2.326
-1.667
-3.95
-1.362
0.953
-1.284
-5.864
-4.784
-1.264
-0.303
-0.622
-2.17
0.775
-3.673
-2.619
-1.237
-0.809
-1.891
-1.954
-1.372
-3.87
-4.948
-2.229
-2.251
-2.024
-2.688
-4.626
-1.4
-2.779
-2.353
-0.55
-0.568
0.12
-2.981
-2.936
-1.136
-4.414
-3.608
-2.86
