-19.448
-19.039
-12.031
-18.954
-17.163
-11.465
-13.38
-13.006
-21.354
18.072
-19.758
-20.445
-17.004
-19.773
-19.921
-21.565
-20.509
-21.043
-16.834
-15.797
-17.52
-17.276
-23.278
-18.403
-14.931
-22.15
-19.736
-19.708
-20.307
-16.603
-17.218
-16.084
-19.615
-15.375
-18.441
-14.905
-21.432
-17.812
-15.775
-17.703
-18.014
-20.039
-21.195
-18.721
-13.147
-17.979
-15.873
-16.449
-17.213
-20.259
-20.816
-19.892
-17.347
-15.414
-20.187
-14.223
-22.257
-18.476
-18.743
-19.01
-14.791
-16.208
-15.455
-14.611
-17.977
-21.454
-18.439
-18.263
-18.923
-19.806
-17.73
-13.231
-17.374
-15.324
-17.505
-9.449
-17.653
-18.893
-15.999
-19.815
-16.365
-15.446
-17.628
-16.198
-18.133
-20.424
-19.842
-22.571
-17.862
-17.31
-18.447
-18.598
-17.725
-19.049
-14.507
-17.022
-22.201
-20.101
-17.694
-17.432
-16.874
-17.257
-14.502
-16.57
-18.548
-23.019
-20.457
-22.849
-14.268
-18.729
-15.853
-15.132
-18.257
-20.32
-22.461
-13.749
-19.781
-20.975
-18.384
-17.795
-18.74
-19.174
-21.298
-19.585
-19.713
-16.547
-17.159
-21.97
-22.218
-19.706
-19.52
-19.193
-19.187
-18.296
-22.617
-13.326
-11.571
-18.739
-19.122
-17.65
-15.055
-18.439
-20.166
-18.362
-16.061
-20.624
-15.053
-16.829
-22.547
-19.534
-18.039
-17.766
-16.635
-10.884
-17.449
-15.817
-16.831
-14.951
-20.114
-14.909
-21.439
-18.141
-15.849
-12.667
-16.361
-11.848
-13.058
-13.18
-17.362
-16.121
-14.228
-14.199
-14.396
-10.213
-14.672
-12.967
-15.048
-14.488
-13.713
-11.14
-12.286
-9.667
-13.817
-14.192
-19.771
-12.934
-11.373
-10.622
-12.249
-15.629
-10.771
-15.245
-15.409
-13.674
-18.919
-14.466
-13.721
-15.531
-18.151
-20.048
-13.543
-20.398
-22.482
-23.425
-22.69
-23.387
-19.279
-21.751
-17.969
-18.308
-21.994
-13.852
-15.899
-18.883
-12.736
-17.465
-16.262
-15.95
-17.613
-13.502
-16.515
-13.329
-14.254
-16.922
-18.177
-18.603
-14.974
-14.804
-18.448
-15.679
-13.756
-18.298
-20.479
-18.45
-25.171
-22.13
-20.949
-22.471
-17.892
-12.768
-19.461
-13.743
-21.829
-11.887
-17.772
-14.878
-16.155
-16.893
-14.504
-16.172
-21.422
-14.398
-12.357
-17.644
-14.085
-17.013
-21.016
-17.928
-17.683
-12.919
-11.939
-15.947
-12.955
-12.866
-16.065
-18.573
-16.161
-14.358
-15.54
-14.143
-15.128
-17.503
-15.836
-19.121
-17.932
-11.624
-14.302
-17.163
-13.616
-17.811
-14.588
-11.54
-14.659
-10.993
-10.753
-13.287
-16.105
-16.369
-14.273
-10.451
-17.626
-19.114
-15.841
-17.53
-14.757
-16.103
-12.993
-15.842
-18.755
-19.648
-13.915
-14.98
-16.409
-17.432
-13.338
-14.655
-13.174
-21.211
-18.583
-15.437
-22.038
-20.221
8.881
-13.526
-14.255
-17.662
-2.401
-10.451
-18.555
-17.616
-18.978
-18.297
-22.443
-17.603
-18.445
-22.073
-18.371
-19.229
-23.258
-19.909
-19.985
-24.226
-18.42
-17.113
-19.824
-19.382
-17.466
-21.056
-16.918
-17.554
-15.782
-14.257
-18.05
-17.368
-20.919
-23.06
-21.557
-19.797
-27.241
-16.638
-16.069
-13.798
-22.008
-17.885
-22.484
-23.588
-21.229
-20.341
-18.391
-16.68
-21.948
-21.558
-21.554
-19.301
-23.139
-19.119
-20.013
-17.058
-21.483
-18.317
-7.756
-19.979
-19.806
-14.584
-15.977
-15.094
-17.233
-24.173
-20.596
-18.763
-25.487
-18.879
-22.649
-18.911
-14.907
-14.786
-13.625
-15.982
-22.058
-20.625
-26.032
-16.027
-21.42
-24.035
-17.378
-17.364
-23.992
-24.394
-21.337
-20.813
-17.68
-22.526
-9.397
-26.236
-14.641
-20.774
-19.267
-22.121
-18.149
-17.961
-16.406
-24.645
-19.052
-18.081
-21.581
-21.634
-18.491
-17.007
-19.44
-17.439
-15.817
-14.75
-16.046
-18.292
-23.42
-19.112
-24.057
-20.751
11.128
-15.608
-22.6
-21.508
-16.101
-11.478
-12.846
-18.886
-19.515
-10.055
-15.048
-18.776
-17.233
-18.12
-18.651
-21.106
-16.553
-13.542
-16.223
-21.052
-17.631
-16.533
-25.067
-17.339
-13.859
-15.583
-17.975
-19.508
-15.636
-20.836
-22.938
-22.249
-15.188
-18.537
-14.225
-17.468
-16.087
-20.521
-16.073
-22.137
-18.49
-17.59
-20.589
-18.002
-22.904
-18.299
-19.615
-15.889
-17.157
-18.484
-14.608
-17.366
-16.013
-17.921
-14.559
-19.872
-16.537
-18.889
-8.681
-24.003
-14.984
-22.415
-13.208
-11.373
-14.917
-14.059
-20.399
-23.546
-23.589
-17.887
-17.244
-22.364
-18.399
