-416.576
-406.976
-397.387
-409.279
-421.106
-412.249
-419.808
-436.675
-457.264
-444.659
-458.352
-455.088
-460.021
-478.214
-481.537
-463.704
-463.595
-466.023
-488.46
-443.987
-423.237
-463.665
-440.629
-426.45
-433.103
-423.67
-412.724
-429.842
-399.521
-385.033
-393.962
-378.113
-395.04
-379.914
-441.037
-408.179
-410.979
-426.507
-383.165
-428.331
-404.571
-429.086
-440.16
-374.928
-341.905
-370.239
-385.672
-381.374
-318.059
-362.516
-360.832
-367.185
-365.149
-360.721
-347.834
-371.55
-357.834
-402.549
-334.397
-375.958
-357.52
-432.405
-390.904
-389.613
-418.774
-408.53
-400.997
-394.97
-400.426
-365.781
-384.819
-388.901
-424.182
-409.584
-425.672
-412.854
-436.019
-398.882
-405.925
-374.471
-419.979
-409.278
-429.655
-381.863
-387.553
-399.179
-413.921
-398.873
-417.479
-391.382
-390.516
-444.897
-435.991
-391.403
-399.958
-379.882
-405.027
-413.672
-453.883
-412.593
-413.516
-460.768
-424.028
-416.283
-434.918
-468.422
-414.077
-411.593
-433.758
-410.798
-459.76
-440.906
-391.352
-400.643
-359.528
-444.501
-411.731
-472.249
-441.892
-475.243
-467.768
-474.211
-494.954
-478.993
-415.519
-468.622
-450.111
-491.438
-498.709
-471.857
-474.481
-443.925
-480.356
-468.279
-454.461
-416.159
-460.241
-478.041
-421.189
-473.675
-426.703
-394.708
-469.934
-444.844
-456.082
-466.67
-418.875
-439.901
-485.495
-459.478
-414.046
-484.733
-494.087
-423.315
-465.072
-442.165
-433.178
-430.639
-410.814
-382.318
-384.579
-416.603
-460.138
-399.826
-459.524
-389.031
-387.392
-393.551
-425.409
-403.505
-414.611
-372.694
-397.144
-424.237
-393.785
-425.804
-433.35
-386.976
-355.404
-368.723
-356.752
-399.72
-416.073
-443.969
-446.774
-372.36
-419.461
-388.882
-420.752
-362.405
-414.117
-405.469
-392.388
-411.224
-411.278
-423.179
-453.534
-486.916
-456.56
-459.341
-477.638
-477.157
-444.17
-435.527
-477.447
-442.735
-493.476
-502.828
-513.74
-531.081
-504.908
-447.623
-476.627
-422.437
-439.528
-456.239
-437.41
-444.389
-513.067
-467.044
-493.174
-507.478
-502.991
-467.057
-535.704
-471.281
-468.828
-478.37
-519.058
-462.598
-444.924
-503.113
-472.86
-431.212
-475.07
-485.37
-488.982
-500.114
-491.602
-466.826
-511.348
-475.164
-441.815
-483.821
-468.243
-464.163
-529.867
-491.189
-422.444
-445.744
-464.928
-505.262
-497.387
-454.774
-482.691
-456.4
-444.28
-489.915
-473.069
-459.325
-458.299
-444.84
-477.371
-465.867
-461.301
-416.887
-427.353
-435.556
-466.347
-456.458
-438.456
-473.985
-480.002
-428.98
-395.16
-419.075
-407.998
-386.276
-422.924
-427.213
-417.157
-394.098
-438.111
-421.362
-469.245
-446.88
-475.811
-450.87
-442.276
-450.993
-430.011
-458.116
-469.349
-463.486
-446.877
-460.416
-425.135
-444.34
-424.189
-511.223
-472.042
-506.239
-486.676
-484.898
-475.629
-481.963
-480.578
-510.265
-521.369
-517.826
-527.25
-490.59
-476.909
-468.46
-477.491
-491.962
-468.141
-451.038
-479.278
-446.501
-506.123
-508.909
-472.655
-500.124
-457.541
-563.56
-514.529
-530.686
-574.481
-536.19
-525.593
-538.386
-557.52
-549.28
-539.209
-566.079
-496.282
-542.609
-531.114
-513.891
-528.564
-543.918
-535.137
-538.355
-514.397
-520.966
-536.856
-567.433
-567.003
-561.396
-586.626
-529.857
-572.701
-544.207
-560.074
-568.431
-540.583
-533.967
-529.38
-532.213
-522.715
-540.441
-543.991
-498.254
-558.692
-461.346
-512.469
-493.745
-507.04
-476.202
-523.252
-455.102
-503.203
-506.381
-461.211
-527.523
-514.118
-480.105
-532.352
-498.009
-507.796
-541.343
-515.447
-522.21
-555.119
-544.214
-526.502
-562.861
-533.74
-551.671
-529.483
-548.443
-538.239
-520.179
-432.475
-409.905
-426.449
-435.013
-486.026
-448.642
-502.857
-523.743
-558.516
-548.595
-463.024
-528.969
-482.974
-451.651
-457.116
-448.403
-431.517
-484.143
-494.564
-462.024
-477.231
-456.033
-449.255
-476.941
-447.863
-496.254
-463.453
-500.419
-457.367
-491.632
-437.783
-441.967
-447.281
-430.672
-514.039
-515.221
-513.351
-480.617
-447.029
-400.834
-401.754
-418.784
-408.128
-423.107
-433.991
-445.356
-414.51
-455.073
-424.104
-469.456
-490.231
-457.369
-455.314
-473.894
-456.074
-438.176
-423.657
-477.324
-510.591
-453.416
-447.938
-406.164
-462.956
-418.378
-457.519
-467.149
-463.761
-470.343
-455.166
-420.993
-421.787
-414.551
-453.51
-474.798
-485.594
-471.712
-484.496
-480.355
-452.478
-466.411
-434.488
-420.292
-441.134
-439.165
-439.119
-430.354
-431.284
-454.208
-427.034
-422.949
-417.951
-412.546
-391.659
-404.948
-413.254
-384.073
-416.138
-396.798
-419.992
-444.175
-462.187
-424.334
-453.33
-482.335
-465.197
-479.27
-483.353
