-242.061
-246.36
-252.065
-243.522
-213.748
-256.267
-274.373
-278.808
-265.71
-287.509
-288.423
-303.1
-287.248
-315.175
-322.293
-292.31
-306.923
-294.145
-288.469
-247.757
-263.671
-284.236
-282.326
-276.599
-266.56
-232.109
-180.218
-228.049
-221.515
-190.66
-201.352
-193.816
-182.171
-212.873
-263.894
-245.012
-243.351
-258.225
-228.78
-260.087
-223.536
-242.982
-243.067
-247.169
-199.618
-221.354
-196.36
-168.32
-210.463
-173.103
-202.825
-210.858
-221.333
-205.387
-179.17
-197.043
-227.925
-244.543
-186.637
-262.838
-186.402
-287.822
-270.939
-274.477
-300.947
-287.648
-234.079
-233.308
-258.65
-215.785
-211.75
-228.604
-243.853
-217.467
-262.251
-271.158
-311.724
-268.867
-264.453
-278.819
-291.953
-269.253
-315.627
-251.489
-224.093
-245.801
-277.678
-245.961
-298.961
-233.109
-236.041
-315.057
-224.502
-192.692
-177.047
-218.164
-274.845
-268.364
-303.697
-260.163
-259.576
-306.773
-301.35
-264.849
-297.261
-349.008
-300.95
-277.967
-282.078
-266.042
-338.148
-331.921
-269.304
-274.521
-243.564
-302.543
-302.193
-347.256
-359.214
-406.95
-423.736
-362.747
-407.179
-432.087
-322.416
-358.719
-350.023
-408.716
-393.87
-374.385
-395.782
-340.731
-389.455
-436.533
-338.58
-300.924
-320.821
-331.393
-317.85
-344.499
-282.067
-302.105
-329.192
-352.09
-345.44
-367.018
-366.074
-327.79
-413.094
-328.013
-332.726
-384.615
-420.974
-339.929
-366.643
-300.952
-290.841
-310.055
-307.076
-228.037
-235.446
-296.256
-342.505
-262.753
-292.732
-220.366
-238.688
-258.165
-284.72
-260.489
-295.015
-245.015
-296.861
-319.155
-296.429
-294.399
-304.947
-277.714
-192.911
-196.05
-204.993
-254.536
-280.635
-297.943
-284.557
-253.448
-295.381
-256.751
-254.164
-207.509
-257.277
-263.213
-271.763
-259.04
-285.862
-265.355
-326.14
-340.788
-330.924
-288.79
-300.995
-330.461
-317.871
-329.825
-379.2
-383.402
-381.513
-351.823
-398.633
-398.181
-399.231
-326.041
-322.668
-323.953
-341.477
-327.888
-323.632
-321.242
-367.006
-307.928
-366.149
-376.555
-359.855
-323.571
-383.458
-329.115
-260.077
-288.763
-351.553
-329.998
-303.538
-335.878
-298.756
-265.689
-347.165
-354.281
-341.984
-339.794
-352.936
-334.953
-372.901
-366.502
-311.696
-331.145
-361.449
-316.339
-388.54
-379.801
-364.055
-333.824
-319.155
-356.232
-324.697
-326.249
-342.272
-303.227
-294.884
-332.612
-303.969
-284.949
-333.975
-316.723
-325.401
-342.13
-323.935
-264.696
-317.277
-306.629
-295.984
-290.146
-290.712
-290.853
-329.652
-280.865
-240.521
-235.672
-231.884
-250.05
-274.772
-284.708
-263.135
-274.016
-279.746
-300.191
-296.659
-256.769
-315.855
-299.766
-296.098
-284.057
-254.404
-293.227
-305.984
-313.035
-307.523
-313.197
-296.514
-291.842
-330.06
-367.49
-341.308
-335.96
-327.565
-370.559
-355.95
-345.395
-348.309
-405.272
-390.683
-373.715
-395.282
-355.577
-350.974
-352.662
-379.277
-340.962
-325.522
-328.636
-346.156
-336.902
-419.21
-391.583
-376.925
-381.003
-345.929
-428.074
-418.323
-413.12
-454.67
-430.204
-444.573
-377.817
-435.497
-387.494
-432.252
-429.806
-400.165
-435.916
-405.206
-392.787
-372.587
-424.463
-422.117
-381.951
-436.244
-406.795
-403.403
-470.789
-439.272
-435.636
-477.295
-438.709
-443.357
-460.363
-461.604
-421.3
-416.018
-390.946
-439.104
-436.979
-412.994
-406.531
-356.931
-390.078
-394.931
-339.315
-354.28
-357.503
-375.495
-363.486
-368.956
-314.234
-330.503
-347.486
-367.618
-376.204
-391.092
-345.754
-350.333
-357.474
-386.461
-395.677
-413.106
-396.219
-406.739
-363.503
-381.688
-404.111
-363.258
-420.932
-387.711
-360.638
-340.441
-358.996
-266.125
-272.258
-277.177
-286.105
-328.243
-299.723
-350.128
-375.974
-424.502
-372.472
-337.319
-341.204
-354.78
-251.567
-267.852
-299.889
-255.815
-310.511
-358.965
-247.522
-273.03
-326.945
-291.365
-278.729
-260.571
-255.442
-296.214
-301.577
-284.972
-313.461
-256.756
-278.331
-290.923
-264.468
-371.184
-392.272
-375.953
-342.405
-285.019
-249.726
-234.677
-249.164
-244.85
-209.261
-262.224
-306.367
-297.464
-331.614
-269.61
-305.078
-345.183
-316.287
-316.03
-304.669
-271.186
-291.675
-275.487
-335.91
-355.786
-355.876
-296.463
-275.034
-312.078
-247.281
-340.159
-320.092
-326.322
-342.491
-320.615
-293.304
-307.652
-253.798
-327.921
-374.461
-360.701
-328.188
-322.583
-356.379
-332.047
-354.244
-293.402
-299.542
-288.137
-263.056
-293.966
-248.347
-295.423
-257.998
-285.461
-263.208
-278.991
-274.615
-235.915
-280.193
-254.783
-222.312
-242.208
-238.934
-306.796
-344.047
-352.098
-328.998
-334.188
-335.321
-306.327
-321.926
-317.462
