-78.24
-78.81
-76.16
-79.25
-73.65
-78.57
-78.87
-81.11
-76.46
-77.26
-81.72
-80.72
-82.41
-78.79
-75.31
-77.16
-68.59
-87.44
-88.52
-76.33
-76.13
-80.35
-79.84
-85.77
-74.9
-77.96
-81.3
-89.26
-81.33
-74.83
-75.46
-72.35
-81.69
-79.43
-83.89
-82.63
-89.02
-81.09
-73.87
-87.25
-87.11
-85.18
-81.55
-67.65
-84.48
-81.84
-80.85
-76.71
-86.99
-81.9
-71.62
-84.26
-81.96
-87.21
-79.88
-82.95
-91.87
-83.86
-85.6
-85.42
-84.27
-90.33
-91.15
-85.88
-83.8
-86.59
-91.83
-82.91
-88.32
-83.72
-78.07
-82.6
-80.93
-88.51
-83.38
-76.24
-84.27
-87.29
-87.28
-87.54
-87.71
-93.96
-87.06
-89.36
-93.15
-78.14
-90.39
-81.04
-82.97
-83.6
-88.19
-89.83
-73.58
-82.01
-83.73
-82.64
-86.08
-92.01
-87.72
-82.47
-81.29
-79.73
-88.64
-79.37
-90.75
-80.04
-89.48
-85.16
-89.16
-97.3
-85.2
-85.72
-86.69
-81.68
-96.29
-88.58
-97.06
-82.89
-81.89
-90.8
-86.6
-83.81
-89.66
-86.61
-89.02
-89.73
-91.83
-79.6
-86.47
-84.44
-88.99
-82.98
-86.04
-81.36
-77.2
-80.54
-79.88
-86.69
-86.14
-83.97
-90.21
-85.87
-78.21
-88.55
-84.36
-77.87
-80.0
-83.34
-83.13
-83.41
-80.92
-82.36
-88.76
-74.04
-89.49
-80.66
-95.81
-81.81
-76.34
-75.17
-73.36
-85.11
-89.38
-89.73
-88.44
-92.48
-88.94
-90.13
-85.06
-89.25
-97.21
-94.08
-80.37
-86.31
-86.83
-88.02
-88.77
-84.7
-92.55
-100.8
-97.15
-80.15
-97.45
-83.34
-90.88
-91.29
-88.36
-88.34
-86.31
-91.26
-82.84
-81.3
-81.93
-89.34
-86.68
-90.13
-80.93
-88.91
-80.74
-88.48
-87.88
-75.7
-90.91
-90.85
-91.3
-93.92
-88.77
-97.6
-94.69
-96.83
-96.12
-93.8
-91.88
-91.93
-91.79
-95.48
-93.04
-89.19
-87.85
-91.69
-86.33
-95.38
-90.94
-86.22
-85.95
-86.44
-91.77
-95.25
-93.69
-92.52
-93.38
-91.0
-87.2
-97.62
-81.72
-91.06
-91.97
-85.32
-90.28
-76.26
-86.88
-97.03
-94.51
-88.33
-88.3
-85.46
-85.91
-87.69
-88.22
-86.62
-85.52
-94.91
-90.74
-88.76
-95.04
-92.41
-88.51
-88.56
-85.73
-83.81
-95.79
-87.54
-94.25
-81.55
-89.88
-82.25
-89.33
-93.62
-96.24
-83.64
-82.71
-79.27
-85.51
-82.84
-84.16
-79.16
-81.81
-75.87
-76.35
-75.09
-85.24
-81.45
-74.66
-84.68
-83.16
-77.22
-84.63
-78.73
-89.14
-76.92
-78.94
-81.08
-77.54
-74.31
-86.49
-80.36
-83.73
-88.28
-87.95
-82.98
-84.98
-89.75
-79.44
-87.79
-83.19
-86.4
-84.49
-84.66
-77.59
-85.21
-82.67
-81.84
-78.64
-87.51
-83.48
-85.43
-82.07
-83.7
-79.34
-92.75
-80.5
-87.79
-85.89
-84.04
-84.95
-66.46
-83.44
-92.44
-81.8
-84.74
-96.02
-90.07
-85.72
-82.13
-86.2
-73.45
-79.93
-82.81
-80.48
-81.92
-83.47
-80.07
-77.0
-85.04
-80.69
-84.99
-81.16
-86.66
-87.22
-80.46
-87.55
-88.12
-90.36
-90.16
-84.37
-83.03
-85.61
-85.69
-81.37
-84.53
-89.23
-85.95
-91.44
-83.31
-70.78
-76.76
-78.83
-78.31
-74.41
-79.69
-76.45
-84.96
-81.19
-78.36
-73.5
-74.2
-74.17
-85.37
-79.41
-77.84
-77.31
-79.14
-81.15
-84.65
-79.32
-71.23
-78.69
-74.16
-64.77
-81.84
-80.03
-80.06
-74.27
-74.84
-84.39
-87.8
-80.33
-72.93
-73.7
-68.4
-88.42
-75.14
-83.06
-85.46
-79.29
-79.93
-75.17
-82.3
-89.55
-94.8
-90.59
-89.68
-88.05
-84.74
-78.02
-93.34
-84.07
-80.07
-77.07
-79.37
-85.72
-79.31
-81.42
-75.33
-78.83
-75.97
-84.03
-85.96
-82.04
-84.7
-84.89
-74.0
-78.31
-84.05
-81.78
-83.09
-80.59
-84.91
-69.6
-82.74
-75.3
-84.19
-82.16
-81.67
-87.39
-75.02
-80.66
-80.26
-78.01
-88.61
-89.8
-75.36
-78.46
-73.97
-83.3
-79.32
-89.3
-83.04
-92.19
-85.18
-78.7
-79.19
-77.13
-86.1
-86.92
-85.54
-83.89
-85.08
-89.56
-80.19
-89.68
-79.66
-80.96
-85.76
-83.91
-86.72
-82.71
-69.15
-80.01
-81.34
-72.17
-88.06
-76.57
-87.24
-86.25
-86.06
-85.97
-86.77
-75.59
-81.07
-84.63
-83.86
-82.2
-84.89
-87.28
-85.77
-81.12
-75.56
-81.13
-81.41
-87.05
