-2.173
-2.033
-2.372
-2.465
-2.243
-1.932
-2.189
-2.069
-2.574
-2.57
-2.525
-1.988
-2.585
-2.389
-1.938
-2.636
-1.448
-2.635
-2.066
-2.066
-1.948
-2.155
-1.668
-1.945
-1.602
-1.694
-0.982
-2.266
-1.023
-1.65
-1.179
-1.528
-1.77
-1.6
-1.802
-2.515
-2.653
-2.59
-2.309
-2.332
-2.127
-2.372
-2.168
-2.177
-2.468
-2.51
-2.472
-2.411
-2.341
-2.081
-1.598
-1.851
-1.886
-2.418
-1.442
-2.314
-2.202
-2.232
-2.194
-1.424
-2.307
-1.953
-2.749
-2.41
-2.829
-2.245
-2.0
-1.494
-1.885
-2.0
-1.858
-2.502
-2.093
-1.784
-2.239
-2.129
-2.033
-2.4
-1.872
-2.223
-1.423
-2.729
-2.523
-2.258
-2.182
-1.889
-2.458
-2.301
-2.047
-2.054
-1.67
-2.057
-2.021
-1.762
-1.842
-2.324
-1.934
-1.715
-1.925
-1.589
-1.843
-1.37
-1.917
-2.086
-1.897
-1.469
-2.213
-1.7
-1.999
-2.025
-1.706
-2.007
-2.123
-1.978
-2.601
-1.793
-1.737
-1.801
-1.502
-2.329
-2.008
-1.928
-2.379
-2.542
-2.226
-2.16
-2.538
-2.06
-2.319
-1.847
-2.266
-2.132
-2.045
-2.153
-1.281
-2.033
-2.267
-2.573
-1.659
-2.501
-2.242
-1.433
-1.599
-2.117
-1.496
-2.415
-2.101
-1.848
-1.253
-2.192
-2.196
-1.932
-2.338
-2.125
-2.38
-2.096
-2.045
-1.997
-1.769
-2.044
-2.085
-2.595
-2.453
-2.461
-1.641
-2.121
-2.439
-1.874
-2.274
-1.84
-2.071
-2.176
-1.788
-2.264
-2.027
-2.012
-2.266
-1.902
-2.33
-2.19
-2.047
-1.789
-1.587
-2.118
-2.515
-1.801
-1.655
-1.785
-2.18
-1.226
-1.872
-1.597
-1.998
-1.778
-1.679
-1.693
-2.321
-1.664
-1.802
-2.391
-2.066
-1.817
-1.96
-1.988
-1.807
-1.552
-1.641
-2.133
-1.619
-1.85
-1.637
-1.805
-1.861
-1.935
-2.043
-1.786
-1.538
-2.364
-2.228
-2.161
-1.797
-2.425
-2.383
-2.056
-1.611
-2.064
-1.28
-1.752
-1.826
-1.947
-2.051
-2.306
-2.263
-2.423
-2.044
-1.835
-2.102
-1.922
-2.034
-2.225
-2.382
-2.366
-2.433
-2.243
-2.364
-2.122
-1.763
-1.948
-2.309
-2.2
-1.723
-1.597
-1.661
-2.144
-1.215
-2.248
-1.641
-1.829
-2.06
-1.314
-1.456
-1.95
-1.978
-2.101
-1.765
-1.872
-1.946
-1.539
-1.689
-1.647
-1.964
-2.035
-1.899
-1.898
-2.044
-1.546
-2.32
-1.677
-1.918
-1.696
-2.063
-1.964
-2.065
-2.064
-1.901
-1.933
-2.057
-1.337
-2.123
-1.903
-2.081
-1.839
-1.563
-1.522
-1.932
-2.46
-2.293
-2.079
-1.464
-1.331
-1.918
-2.046
-1.391
-1.834
-1.868
-1.334
-1.133
-0.827
-1.341
-0.966
-1.955
-1.859
-2.15
-1.646
-1.69
-1.825
-1.647
-2.323
-1.733
-1.952
-1.838
-2.002
-1.993
-1.999
-1.819
-1.566
-2.222
-1.69
-1.694
-1.785
-1.415
-2.055
-1.722
-1.192
-2.164
-1.634
-1.374
-1.761
-1.608
-1.982
-1.482
-0.914
-1.889
-2.078
-1.671
-1.736
-1.906
-2.091
-1.615
-1.519
-1.519
-2.063
-2.185
-1.861
-1.895
-1.845
-2.188
-1.645
-1.125
-2.203
-1.49
-1.665
-1.206
-1.723
-1.444
-1.418
-1.266
-1.743
-1.362
-1.558
-1.504
-1.231
-1.291
-1.644
-1.833
-2.007
-1.265
-2.275
-1.018
-1.565
-1.395
-0.712
-1.925
-1.876
-1.444
-1.415
-1.926
-1.496
-1.265
-2.259
-1.591
-2.045
-1.223
-1.409
-1.442
-1.542
-1.41
-1.302
-1.481
-1.609
-1.927
-1.143
-0.92
-0.785
-2.001
-1.772
-1.218
-1.394
-1.425
-1.56
-1.444
-1.54
-1.305
-1.141
-1.078
-1.632
-1.542
-1.864
-1.814
-1.778
-1.57
-1.434
-1.275
-1.173
-1.609
-1.345
-0.599
-1.575
-1.885
-1.341
-1.303
-0.774
-1.739
-1.753
-1.69
-1.337
-1.569
-1.432
-1.417
-1.231
-1.27
-1.016
-0.964
-1.333
-1.163
-1.284
-1.489
-2.095
-1.594
-1.043
-1.681
-1.746
-1.09
-1.829
-1.49
-1.434
-0.597
-1.202
-1.205
-1.39
-1.207
-1.209
-1.738
-1.58
-1.796
-1.277
-2.114
-1.745
-1.653
-1.811
-1.579
-1.488
-1.782
-1.485
-1.385
-1.774
-1.355
-1.577
-1.821
-2.323
-1.669
-1.367
-1.577
-1.7
-1.884
-1.548
-1.596
-1.791
-1.177
-1.56
-1.289
-1.462
-1.507
-1.574
-1.5
-1.528
-1.705
-1.29
-1.402
-1.131
-1.472
