-527.048
-514.536
-559.073
-465.449
-489.041
-477.668
-497.475
-521.716
-511.226
-455.773
-514.123
-495.353
-496.342
-510.075
-488.468
-527.471
-505.896
-543.981
-578.531
-486.914
-508.547
-533.142
-503.253
-504.741
-481.799
-476.906
-533.8
-500.005
-533.849
-521.413
-506.359
-506.441
-482.117
-518.554
-487.588
-518.197
-569.967
-539.962
-500.02
-527.929
-516.643
-516.41
-500.69
-490.848
-513.405
-451.115
-498.814
-474.385
-545.455
-499.031
-594.147
-536.162
-574.888
-547.779
-538.714
-572.69
-555.986
-591.629
-518.789
-556.055
-603.633
-598.588
-600.403
-625.15
-555.143
-573.22
-584.354
-545.185
-557.505
-571.398
-580.415
-533.89
-555.728
-534.656
-523.993
-487.738
-537.111
-591.792
-501.413
-528.199
-557.488
-563.805
-557.393
-541.729
-543.107
-583.336
-558.818
-562.387
-555.669
-539.888
-550.155
-552.316
-576.88
-555.919
-570.911
-618.989
-546.431
-570.674
-565.332
-550.32
-542.127
-524.182
-535.394
-569.796
-535.742
-538.357
-594.071
-580.562
-542.289
-543.646
-557.882
-525.14
-533.969
-539.635
-548.967
-551.779
-549.166
-547.692
-525.135
-541.385
-541.595
-540.729
-549.177
-527.39
-572.51
-556.528
-575.139
-563.34
-541.769
-600.291
-587.882
-594.317
-559.007
-522.825
-595.2
-545.547
-563.061
-584.871
-568.779
-547.501
-546.913
-551.94
-593.847
-598.888
-506.537
-575.338
-560.044
-568.619
-556.46
-568.953
-504.23
-559.776
-529.771
-549.181
-548.847
-565.748
-547.52
-529.203
-532.042
-532.467
-514.189
-551.514
-584.498
-563.739
-538.682
-534.563
-581.418
-592.833
-573.889
-573.263
-591.356
-576.367
-612.774
-594.055
-521.356
-590.556
-559.625
-530.494
-544.654
-625.198
-568.177
-545.449
-587.519
-551.843
-586.753
-582.328
-565.347
-564.629
-558.809
-580.603
-510.127
-545.629
-550.406
-544.355
-564.915
-581.977
-563.216
-541.015
-544.696
-547.858
-576.563
-566.32
-571.629
-602.375
-603.093
-526.917
-571.874
-557.784
-539.027
-621.276
-564.638
-545.571
-551.71
-592.833
-573.648
-572.832
-611.478
-566.858
-510.549
-577.452
-546.125
-536.309
-572.238
-502.997
-561.387
-524.164
-545.64
-525.249
-577.95
-569.479
-579.713
-578.629
-579.153
-592.737
-594.798
-591.374
-613.305
-559.086
-567.493
-541.23
-586.38
-568.706
-594.879
-569.084
-568.742
-558.474
-531.658
-559.924
-534.067
-558.285
-554.282
-571.091
-558.17
-574.749
-575.76
-530.365
-576.14
-538.006
-532.258
-606.105
-537.969
-572.979
-558.456
-576.787
-562.484
-555.013
-610.438
-581.681
-582.791
-537.784
-567.787
-583.931
-571.549
-572.248
-546.816
-552.859
-565.56
-530.44
-539.825
-547.524
-522.037
-566.661
-531.525
-467.417
-552.156
-525.848
-536.754
-510.838
-557.115
-575.98
-505.72
-511.841
-478.069
-516.199
-515.231
-525.648
-541.62
-527.241
-579.061
-535.191
-539.882
-554.539
-567.475
-554.214
-544.067
-581.233
-558.048
-502.773
-559.504
-521.616
-602.648
-500.285
-486.05
-556.181
-561.626
-551.876
-505.472
-557.453
-551.829
-575.717
-535.408
-571.57
-559.249
-556.65
-555.924
-534.539
-514.748
-543.235
-531.345
-481.712
-541.664
-554.441
-546.099
-537.267
-541.243
-551.917
-492.605
-581.584
-550.463
-530.012
-542.857
-550.282
-586.757
-531.808
-518.634
-544.994
-529.46
-545.156
-485.356
-536.716
-560.031
-567.435
-610.577
-532.362
-561.235
-626.745
-556.518
-568.246
-552.833
-561.8
-560.151
-550.65
-567.299
-500.431
-481.468
-449.264
-485.272
-475.168
-498.143
-493.519
-494.972
-541.144
-539.988
-520.727
-526.932
-531.249
-569.562
-577.034
-535.08
-538.526
-539.477
-481.257
-546.266
-502.829
-516.854
-473.254
-513.22
-449.588
-445.093
-487.868
-485.723
-525.437
-520.142
-484.344
-517.58
-511.207
-497.167
-462.609
-459.714
-498.554
-540.803
-485.361
-521.261
-504.153
-495.849
-481.135
-511.61
-546.227
-576.159
-567.023
-516.891
-521.924
-516.961
-545.443
-505.484
-546.484
-546.076
-494.412
-542.582
-516.537
-533.447
-511.097
-533.283
-497.408
-511.081
-546.358
-487.489
-530.492
-527.388
-540.137
-504.151
-528.592
-475.062
-527.463
-506.343
-529.783
-563.009
-557.469
-491.545
-548.955
-551.793
-564.143
-541.394
-581.28
-505.619
-526.922
-543.157
-546.389
-545.732
-579.943
-596.228
-536.909
-560.451
-529.546
-521.018
-561.828
-582.111
-557.34
-540.988
-536.878
-494.624
-535.106
-531.24
-488.771
-556.924
-544.229
-518.099
-558.09
-511.853
-528.378
-534.389
-528.43
-507.718
-571.167
-540.203
-557.454
-559.101
-500.122
-534.538
-574.027
-502.04
-577.412
-557.481
-549.669
-555.006
-554.84
-566.685
-511.533
-547.501
-488.719
-532.357
-538.678
-541.453
-527.767
-527.874
-562.882
-544.981
-519.212
-503.665
-560.539
-583.556
