-0.158
-0.085
-0.192
-0.256
-0.129
-0.241
-0.18
-0.188
-0.073
-0.153
-0.245
-0.097
-0.217
-0.199
-0.107
-0.063
-0.094
-0.259
-0.159
-0.2
-0.098
-0.126
-0.239
-0.187
-0.152
-0.085
-0.203
-0.173
-0.202
-0.175
-0.118
-0.183
-0.266
-0.232
-0.145
-0.172
-0.22
-0.281
-0.33
-0.333
-0.248
-0.261
-0.186
-0.201
-0.159
-0.274
-0.131
-0.213
-0.249
-0.286
-0.207
-0.13
-0.253
-0.26
-0.186
-0.382
-0.276
-0.163
-0.282
-0.195
-0.369
-0.217
-0.172
-0.256
-0.332
-0.185
-0.169
-0.137
-0.232
-0.112
-0.163
-0.172
-0.206
-0.24
-0.172
-0.273
-0.221
-0.023
-0.113
-0.218
-0.168
-0.221
-0.23
-0.204
-0.182
-0.191
-0.224
-0.201
-0.259
-0.137
-0.242
-0.198
-0.263
-0.18
-0.032
-0.14
-0.122
-0.315
-0.226
-0.342
-0.2
-0.189
-0.152
-0.106
-0.222
-0.282
-0.155
-0.303
-0.331
-0.227
-0.127
-0.258
-0.255
-0.368
-0.266
-0.096
-0.188
-0.2
-0.152
-0.271
-0.107
-0.261
-0.238
-0.175
-0.151
-0.122
-0.191
-0.167
-0.14
-0.176
-0.151
-0.205
-0.225
-0.268
-0.165
-0.173
-0.262
-0.111
-0.285
-0.235
-0.105
-0.111
-0.176
-0.227
-0.214
-0.27
-0.268
-0.206
-0.153
-0.264
-0.198
-0.146
-0.229
-0.404
-0.248
-0.218
-0.154
-0.164
-0.13
-0.017
-0.043
-0.22
-0.097
-0.08
-0.089
-0.081
-0.095
-0.106
-0.221
0.031
-0.14
-0.135
-0.16
-0.173
-0.184
-0.278
-0.077
-0.144
-0.255
-0.198
-0.19
-0.077
-0.245
-0.115
-0.11
-0.143
-0.153
-0.234
-0.237
-0.119
-0.084
-0.105
-0.145
-0.184
-0.065
-0.093
-0.18
-0.14
-0.106
-0.064
-0.189
-0.169
-0.24
-0.241
-0.33
-0.199
-0.145
-0.226
-0.173
-0.188
-0.328
-0.193
-0.074
-0.288
-0.189
-0.083
-0.168
-0.25
-0.124
-0.151
-0.069
-0.157
-0.301
-0.19
-0.041
-0.075
-0.069
-0.181
-0.168
-0.082
-0.172
-0.242
-0.092
-0.111
-0.116
-0.013
-0.194
-0.17
-0.09
-0.106
-0.146
-0.204
-0.075
-0.165
-0.173
-0.131
-0.153
-0.079
-0.069
-0.15
-0.181
-0.128
-0.04
-0.198
-0.144
-0.099
-0.101
-0.126
-0.144
-0.158
-0.158
-0.087
-0.228
-0.172
-0.131
-0.063
-0.164
-0.131
-0.167
-0.169
-0.167
-0.097
-0.261
-0.201
-0.178
-0.022
-0.054
-0.094
-0.087
-0.074
-0.107
-0.192
-0.155
-0.049
-0.193
-0.092
0.03
-0.139
-0.071
-0.116
-0.037
-0.191
-0.215
-0.163
-0.18
-0.156
-0.088
-0.263
-0.151
-0.139
-0.202
-0.119
0.03
-0.172
-0.093
-0.212
-0.199
-0.159
-0.277
-0.264
-0.195
-0.222
-0.138
-0.224
-0.219
-0.175
-0.107
-0.235
-0.147
-0.235
-0.09
-0.06
-0.104
-0.11
-0.049
-0.228
-0.23
-0.191
-0.113
-0.098
-0.169
-0.246
-0.225
-0.19
-0.217
-0.239
-0.217
-0.166
-0.3
-0.197
-0.269
-0.166
-0.242
-0.084
-0.053
-0.176
-0.16
-0.136
-0.168
-0.102
-0.234
-0.084
-0.099
-0.173
-0.142
-0.079
-0.11
-0.068
-0.174
-0.262
-0.129
-0.162
-0.021
-0.245
-0.247
-0.228
-0.158
-0.184
-0.138
-0.159
-0.241
-0.113
-0.131
-0.155
-0.059
-0.137
-0.11
-0.078
-0.184
-0.129
-0.291
-0.18
-0.17
-0.263
-0.246
-0.079
-0.116
-0.132
-0.183
-0.079
-0.041
-0.181
-0.113
-0.174
-0.168
-0.209
-0.166
-0.116
-0.075
-0.134
-0.05
-0.22
-0.193
-0.157
-0.223
-0.087
-0.155
-0.237
-0.138
-0.181
-0.056
-0.211
-0.14
-0.263
-0.239
-0.278
-0.248
-0.207
-0.055
-0.055
-0.147
-0.059
-0.075
-0.056
-0.119
-0.124
-0.031
-0.099
-0.221
-0.066
-0.22
-0.163
-0.094
-0.222
-0.274
-0.227
-0.345
-0.271
-0.117
-0.16
-0.189
-0.136
-0.176
-0.117
-0.208
-0.231
-0.182
-0.109
-0.174
-0.189
-0.045
-0.152
-0.215
-0.182
-0.143
-0.121
-0.196
-0.15
-0.174
-0.164
-0.125
-0.131
-0.016
-0.081
-0.043
-0.079
-0.136
-0.28
-0.179
-0.096
-0.098
-0.159
-0.148
-0.273
-0.134
-0.097
-0.199
-0.25
-0.243
-0.139
-0.133
-0.218
-0.203
-0.143
-0.057
-0.277
-0.145
-0.17
-0.214
-0.12
-0.045
-0.253
-0.188
-0.177
-0.096
-0.069
-0.119
-0.206
-0.141
-0.215
-0.159
