-2.9
-5.653
-5.209
-1.387
-3.663
-5.49
-2.705
-3.205
-2.661
-3.859
-9.115
-3.854
-7.552
-6.038
-6.851
-3.849
-5.18
-7.137
-2.9
-5.733
-6.981
-5.887
0.25
-3.242
-2.279
-6.098
-4.332
-4.699
-7.172
-2.751
-3.262
-0.381
-3.284
-6.039
-5.585
-4.394
-1.53
-3.783
-3.764
-2.797
-7.115
-3.576
-3.797
-6.158
-7.621
-4.621
-6.956
-1.764
-4.339
-2.692
-5.912
-3.261
-7.072
-9.323
-6.192
-7.51
-7.271
-4.297
-0.719
-3.815
-5.602
-5.07
-6.21
-5.789
-6.409
-4.478
-7.462
-4.623
-6.623
-1.034
-4.821
-5.399
-4.442
-4.535
-4.597
-3.986
-0.637
-6.402
-4.914
-3.681
-6.857
-3.195
-2.25
-4.233
-4.747
-8.082
-6.966
-0.262
-2.151
-2.358
-0.724
-3.799
-1.282
-4.643
-8.061
-7.896
-6.098
-2.537
-1.201
-6.005
-7.705
-0.235
-4.652
-1.603
-4.432
-5.904
-5.355
-5.327
-5.41
-2.595
-3.813
-5.84
-6.64
-4.257
-3.531
-7.609
-5.361
-8.703
-4.523
-5.977
-7.703
-4.424
-6.879
-4.892
-2.455
-5.754
-2.788
-2.185
-3.682
-10.284
-6.336
-5.237
-3.493
-4.138
-4.462
-8.833
-4.465
-8.347
-1.712
-5.22
-6.48
-5.179
-5.991
-8.165
-0.438
-7.565
-2.516
-6.229
-3.563
-9.235
-7.24
-4.363
-5.034
-7.591
-6.972
-3.949
-7.943
-4.791
-2.752
-5.408
-4.751
-7.794
-4.475
-3.505
-3.641
-2.495
-5.653
-6.614
-2.314
-5.707
-6.095
-4.637
-4.727
-6.469
-4.612
-0.358
-2.967
-2.116
-2.541
-4.277
-2.563
-6.211
-0.864
-2.623
-6.207
-7.12
-6.658
-3.047
-5.635
-2.197
-5.348
-7.108
-3.062
-3.282
-0.743
-7.876
-5.783
-3.097
-5.327
-4.904
-4.037
-7.617
-5.509
-4.374
-3.661
-1.874
-4.262
-6.515
-4.928
-0.337
-2.172
-6.032
-3.349
-3.757
-6.034
2.11
-5.122
-6.505
-2.174
-1.697
-5.059
-0.39
-3.201
-0.279
-6.308
-4.002
-3.571
-5.27
-5.03
-0.711
-4.567
-3.574
-6.564
-5.928
-0.023
-1.95
-3.15
0.354
-0.433
-0.84
-4.994
-0.45
-4.114
-5.704
1.546
-3.416
1.054
-1.731
-0.17
-1.025
-1.76
-2.209
-3.933
-3.474
-1.673
-3.589
-3.109
-2.584
-6.192
-2.042
-6.408
-3.249
-4.272
-0.76
-3.726
-4.37
-7.407
-1.408
-1.482
-4.029
-3.221
-1.414
0.384
-1.391
-1.434
-1.863
-4.102
-2.519
-1.739
-2.507
-1.831
-1.944
-4.205
-3.722
-1.26
-5.673
-3.624
-0.917
-1.074
2.988
-1.035
0.772
-2.229
2.456
-1.113
-3.067
0.35
-0.7
-1.139
-2.932
0.791
-1.871
-1.892
-1.908
-1.809
-0.842
-1.862
0.176
-0.329
-0.893
2.259
-1.722
-6.027
-0.826
-4.625
-4.57
0.281
-5.56
-0.232
-6.153
-3.932
-2.837
-2.169
-1.851
-5.274
-4.935
-6.872
-4.055
-4.606
-0.377
-3.341
-1.366
-3.108
-0.07
2.292
-1.59
-1.576
0.683
-0.378
-0.424
1.412
-2.404
-3.801
-4.226
-1.994
-2.965
-6.193
-3.213
-2.222
-3.941
-2.777
-0.462
-3.977
-1.595
-1.919
0.538
-2.087
-4.78
0.43
-5.074
-0.111
-2.132
-3.368
-0.636
-3.852
-1.467
-0.231
-0.444
1.712
2.255
-4.619
0.072
-0.756
1.555
0.556
-2.243
-1.526
-4.054
0.713
-1.593
-2.077
-1.967
-1.952
-3.419
-2.157
-2.614
-1.343
-1.676
-4.359
-3.444
0.987
0.821
-1.502
-1.461
0.95
1.712
-1.356
-2.425
1.904
-7.284
-2.208
1.423
-0.866
2.872
1.984
-1.847
-5.325
-3.309
-3.227
-2.807
-5.4
-4.884
-5.993
-6.227
0.742
-2.289
-5.138
0.932
-4.404
-4.536
-0.293
-4.162
-2.367
-7.51
-3.571
-3.737
-5.489
-3.547
-7.093
-5.556
-5.253
3.167
-3.109
-1.067
-0.886
-5.651
0.234
-1.573
-2.196
0.323
-1.992
-2.892
-1.351
-1.624
1.221
-6.213
-1.251
2.831
-0.127
-3.916
-4.537
-5.015
-2.664
-3.5
-4.698
0.122
-1.497
-3.747
-3.734
-1.974
-3.02
-3.214
-1.906
-5.554
-3.038
-0.707
-4.987
-4.487
-1.261
-4.754
-3.935
-4.139
-2.959
-2.895
-1.864
-3.944
-6.565
-4.25
-4.394
-4.01
-6.044
-6.064
-3.06
-6.465
-6.845
-5.84
-6.8
-1.694
-6.481
-2.891
-3.458
-3.714
-2.589
-2.016
-2.47
-2.649
-5.602
-4.719
-3.932
-5.135
-4.452
