-30.311
-25.066
-23.021
-24.663
-23.343
-18.891
-20.367
-18.505
-22.526
-24.497
-25.806
-27.894
-23.504
-22.989
-18.241
-20.379
-21.807
-25.846
-22.678
-19.351
-23.91
-24.543
-22.4
30.195
-27.836
-26.879
-26.34
-23.49
-25.912
-21.986
-20.557
-27.684
-27.96
-28.959
-28.28
-24.714
-31.233
-27.226
-25.025
-27.528
-22.338
-31.288
-29.661
-21.895
-28.275
-30.391
-28.726
-21.369
-23.266
-27.437
-25.107
-29.247
-24.93
-21.369
-25.564
-29.164
-28.094
-24.461
-23.689
-26.209
-25.895
-29.856
-24.313
-27.76
-20.466
-26.774
-24.126
-25.815
-27.628
-27.645
-22.989
-26.701
-29.13
-30.731
-30.229
-10.39
-23.232
-22.384
-23.986
-24.14
-24.141
-34.77
-21.672
-27.907
-28.4
-26.754
-32.079
-27.427
-15.246
-23.65
-29.901
-20.586
-21.594
-25.36
-20.051
-23.484
-28.34
-30.79
-31.063
-24.209
-25.754
-23.229
2.31
-25.97
-22.498
-27.392
-23.009
1.121
-12.473
17.212
-26.779
-31.122
2.019
-30.122
-27.188
-27.563
-30.29
-28.638
-14.331
-30.346
-21.786
-27.052
-28.137
-21.501
-29.303
-31.471
-25.098
-24.472
-28.073
-27.053
-31.753
-25.443
-24.021
-29.743
-19.903
-28.37
-24.309
-26.627
-24.231
-25.594
-24.16
-24.008
-27.401
-29.85
-9.676
-17.073
-23.83
-22.655
-22.229
-24.639
-20.782
-12.043
-32.35
-15.498
-26.274
-28.849
-30.684
-26.474
-28.803
-18.847
-23.401
-23.487
-28.568
-22.853
-18.271
-25.905
-29.475
-27.376
-28.594
-28.894
-30.236
-30.324
-22.277
-26.06
-27.065
-21.955
-28.525
-22.165
-26.003
-32.376
-27.692
-27.397
-29.731
-25.611
-24.81
-24.608
-21.897
-26.38
-28.518
-29.125
-26.852
-26.458
-21.292
-27.279
-31.442
-32.081
-20.778
-26.806
-31.837
-22.96
-27.865
-21.154
-25.152
-31.458
-26.854
-26.066
-27.67
-28.847
-27.789
-24.845
-30.536
-26.35
-22.666
-24.289
-23.243
-24.74
-18.401
-22.558
-28.837
-30.933
-23.102
-19.76
-23.756
-28.115
-21.962
-28.882
-23.24
-30.052
-27.077
-22.395
-23.55
-24.905
-23.582
-30.834
-24.436
-27.761
-29.756
-28.045
-24.483
-23.488
-26.88
-30.367
-35.997
-29.061
-28.031
-27.804
-23.52
-25.309
-30.839
-24.238
-27.032
-28.905
-22.428
-26.134
-25.358
-22.607
-24.916
-26.855
-25.556
-28.806
-26.389
-24.44
-27.449
-26.564
-23.088
-18.11
-25.672
-24.894
-26.331
-26.547
-29.431
-24.381
-26.318
-27.938
-20.578
-21.863
-29.109
-25.794
-24.156
-25.768
-24.102
-19.819
-16.368
-25.434
-27.988
-23.567
-22.311
-27.796
-28.738
-25.448
-19.344
-25.993
-25.15
-25.132
-34.605
-19.918
-26.041
-27.626
-25.611
-26.988
-22.966
-28.628
-30.62
-32.411
-30.28
-29.947
-22.972
-22.923
-24.661
-30.007
-29.095
-22.663
-19.629
-31.709
-27.308
-23.744
-26.244
-27.853
-28.708
-30.682
-26.384
-23.122
-28.367
-23.371
-31.814
-19.559
-25.199
-26.517
-28.159
-26.663
-25.602
-24.958
-16.647
-23.513
-26.642
-23.61
-23.217
-23.799
-24.64
-21.497
-19.281
-20.503
-22.24
-24.362
-19.942
-18.128
-20.883
-25.395
-18.061
-21.102
-23.87
-24.031
-19.222
-26.459
-26.088
-33.895
-23.405
-15.312
-23.07
-21.737
-15.73
-26.63
-23.604
-24.88
-22.938
-19.759
-20.68
-19.912
-21.873
-23.842
-19.603
-23.874
-16.956
-21.767
-17.579
-21.496
-22.23
-24.489
-22.88
-25.051
-22.621
-24.773
-25.959
-27.195
-19.911
-19.933
-25.427
-18.898
-16.62
-25.23
-27.522
-29.446
-22.563
-18.744
-27.959
-26.794
-23.591
-22.603
-24.352
-20.166
-24.487
-22.578
-25.694
-24.9
-24.367
-24.362
-19.741
-25.948
-20.956
-25.618
-25.68
-21.552
-26.757
-24.816
-23.523
-28.884
-21.397
-24.502
-23.432
-19.169
-25.696
-21.989
-19.961
-20.319
-18.95
-28.224
-21.798
-22.292
-25.903
-20.111
-21.05
-25.449
-20.517
-23.454
-23.146
-18.993
-21.009
-19.285
-18.162
-23.439
-22.848
-22.271
-21.204
-21.063
-17.184
-24.418
-27.25
-30.241
-22.309
-22.854
-21.906
-24.97
-22.903
-24.901
-19.416
-27.459
-26.174
-25.114
-29.046
-20.041
-21.012
-22.691
-25.628
-20.594
-20.616
-24.041
-17.98
-19.46
-21.804
-23.265
32.581
-22.389
-22.862
-22.772
-22.356
-22.571
-17.225
-21.349
-23.794
-22.073
-18.973
-24.82
-21.763
-23.9
-23.627
-27.48
-27.973
-21.849
-19.133
-22.248
-18.916
-25.728
-20.275
-24.49
-25.667
-20.293
-21.882
-19.047
-23.152
-19.665
-22.585
