-376.901
-248.971
-333.718
-281.808
-264.269
-333.007
-329.342
-381.941
-341.545
-282.603
-328.084
-304.128
-313.132
-339.387
-296.786
-281.707
-196.936
-307.723
-393.966
-265.585
-339.21
-332.823
-320.259
-343.875
-176.63
-316.427
-411.777
-372.709
-336.925
-355.339
-346.329
-326.872
-384.238
-348.667
-293.239
-364.772
-395.24
-364.025
-320.577
-342.253
-353.069
-378.856
-291.628
-314.957
-298.276
-334.991
-281.078
-301.139
-432.706
-386.766
-449.012
-393.622
-430.834
-425.98
-433.698
-453.992
-409.069
-412.802
-380.482
-412.297
-448.97
-432.856
-476.813
-447.773
-406.562
-452.172
-432.94
-398.938
-394.734
-408.296
-414.771
-380.56
-354.453
-392.941
-358.08
-411.231
-438.064
-406.424
-418.597
-383.379
-417.213
-431.094
-383.639
-382.724
-400.003
-432.484
-412.554
-386.305
-392.744
-394.836
-404.352
-406.831
-436.661
-426.134
-432.134
-441.361
-403.478
-460.645
-417.189
-350.262
-366.11
-411.345
-404.493
-419.923
-412.033
-393.629
-397.503
-410.614
-395.525
-450.141
-451.209
-395.556
-381.455
-427.263
-452.478
-423.685
-415.101
-416.976
-364.065
-477.313
-419.191
-464.874
-432.364
-384.288
-448.31
-403.514
-448.29
-438.909
-436.927
-480.114
-450.998
-469.147
-452.206
-450.969
-455.763
-391.99
-432.145
-452.093
-489.686
-444.119
-422.0
-408.103
-461.945
-475.252
-433.763
-437.382
-383.869
-403.601
-421.849
-423.149
-367.379
-410.485
-372.954
-409.216
-408.22
-405.782
-427.947
-406.802
-377.948
-394.898
-345.302
-398.432
-419.771
-407.995
-404.618
-421.643
-454.069
-495.338
-439.499
-496.017
-382.004
-506.386
-489.071
-442.014
-456.29
-457.57
-441.684
-386.803
-476.983
-547.248
-497.41
-443.593
-493.261
-491.221
-487.194
-482.405
-429.21
-408.641
-461.083
-441.371
-397.051
-433.711
-478.758
-454.601
-465.386
-529.74
-496.806
-506.199
-458.842
-505.422
-459.694
-488.842
-499.276
-484.107
-528.561
-506.91
-554.178
-510.921
-519.466
-524.371
-542.021
-499.807
-449.919
-513.619
-513.753
-411.244
-470.459
-475.729
-442.775
-462.256
-447.429
-436.551
-488.259
-399.259
-446.512
-435.826
-466.659
-451.004
-457.337
-439.302
-433.633
-443.009
-470.328
-500.021
-442.392
-479.334
-492.082
-442.332
-467.966
-393.396
-459.965
-521.726
-478.307
-486.333
-478.707
-428.002
-416.462
-483.782
-470.503
-498.437
-424.903
-453.082
-421.498
-461.809
-461.007
-419.099
-433.802
-422.092
-437.897
-458.502
-409.074
-442.218
-425.458
-477.815
-465.688
-416.247
-501.893
-495.372
-461.363
-471.311
-449.138
-458.644
-424.38
-436.115
-386.076
-405.561
-409.983
-381.87
-384.595
-388.114
-380.509
-409.546
-399.655
-351.038
-423.938
-330.314
-405.071
-365.814
-370.49
-405.004
-355.606
-297.244
-335.286
-333.929
-367.096
-395.956
-383.84
-404.303
-415.441
-375.935
-404.0
-458.663
-417.983
-423.581
-396.544
-449.959
-443.478
-392.27
-398.252
-431.587
-461.287
-365.289
-316.283
-360.051
-412.911
-369.729
-349.6
-405.933
-414.717
-430.462
-414.894
-450.711
-400.965
-425.817
-377.792
-378.26
-372.785
-407.859
-364.165
-351.803
-415.021
-435.118
-416.546
-432.47
-395.678
-363.547
-346.901
-429.072
-356.436
-365.862
-409.574
-415.776
-416.521
-412.854
-392.692
-384.229
-387.942
-451.288
-439.213
-383.172
-441.067
-422.245
-472.174
-403.894
-388.457
-510.923
-424.316
-485.776
-405.481
-398.941
-424.818
-421.231
-408.405
-327.541
-327.229
-287.363
-276.555
-281.781
-329.97
-412.175
-368.551
-414.234
-391.259
-392.646
-398.522
-376.926
-459.16
-412.338
-374.631
-406.994
-379.839
-366.313
-375.511
-407.249
-358.664
-403.588
-405.237
-311.689
-279.269
-319.908
-360.689
-376.186
-431.895
-416.067
-412.037
-407.992
-365.376
-289.462
-284.096
-351.647
-439.209
-351.333
-388.079
-381.88
-365.779
-344.626
-383.308
-387.158
-435.235
-535.643
-405.479
-401.225
-408.67
-384.81
-347.328
-369.177
-406.736
-362.047
-402.559
-391.201
-429.134
-406.824
-395.732
-380.229
-334.089
-348.324
-406.508
-393.423
-404.588
-405.597
-394.204
-362.339
-349.934
-384.065
-370.167
-448.656
-412.894
-437.422
-385.447
-418.392
-428.254
-418.178
-368.424
-417.395
-419.445
-432.257
-402.938
-409.399
-407.697
-457.724
-461.645
-417.922
-378.77
-340.268
-427.903
-450.815
-453.726
-406.321
-373.678
-387.047
-352.361
-396.964
-382.012
-440.567
-406.328
-385.927
-401.566
-452.691
-411.396
-401.872
-430.729
-388.178
-379.27
-402.823
-410.415
-398.632
-397.464
-343.904
-384.099
-438.478
-343.101
-470.908
-406.657
-409.218
-431.595
-393.478
-400.508
-370.099
-407.049
-342.535
-371.211
-406.858
-391.058
-390.121
-420.74
-401.195
-358.961
-357.899
-329.951
-406.141
-411.189
