-0.064
-0.075
-0.178
-0.155
-0.118
-0.15
-0.194
-0.174
-0.234
-0.192
-0.216
-0.148
-0.163
-0.098
-0.19
-0.089
-0.161
-0.17
-0.167
-0.214
-0.198
-0.162
-0.165
-0.239
-0.242
-0.196
-0.25
-0.115
-0.307
-0.185
-0.28
-0.121
-0.056
-0.083
-0.062
-0.108
-0.196
-0.22
-0.163
-0.232
-0.13
-0.101
-0.203
-0.157
-0.2
-0.172
-0.274
-0.162
-0.25
-0.216
-0.266
-0.26
-0.235
-0.212
-0.33
-0.161
-0.331
-0.239
-0.247
-0.311
-0.29
-0.247
-0.248
-0.172
-0.174
-0.12
-0.132
-0.181
-0.185
-0.278
-0.206
-0.208
-0.219
-0.152
-0.235
-0.313
-0.275
-0.302
-0.237
-0.328
-0.215
-0.156
-0.144
-0.178
-0.255
-0.261
-0.211
-0.358
-0.22
-0.191
-0.126
-0.241
-0.277
-0.139
-0.2
-0.227
-0.274
-0.193
-0.158
-0.204
-0.199
-0.187
-0.198
-0.229
-0.093
-0.23
-0.111
-0.193
-0.211
-0.093
-0.078
-0.194
-0.212
-0.188
-0.144
-0.165
-0.189
-0.169
-0.194
-0.247
-0.166
-0.122
-0.188
-0.172
-0.232
-0.195
-0.082
-0.111
-0.18
-0.199
-0.159
-0.11
-0.196
-0.15
-0.121
-0.241
-0.191
-0.16
-0.144
-0.268
-0.264
-0.193
-0.203
-0.16
-0.081
-0.117
-0.093
-0.042
-0.057
-0.189
-0.101
-0.13
-0.088
-0.174
-0.188
-0.216
-0.199
-0.165
-0.22
-0.13
-0.228
-0.203
-0.205
-0.228
-0.277
-0.254
-0.226
-0.238
-0.206
-0.196
-0.23
-0.098
-0.234
-0.275
-0.293
-0.165
-0.145
-0.188
-0.113
-0.152
-0.097
-0.122
-0.158
-0.183
-0.249
-0.222
-0.164
-0.175
-0.28
-0.276
-0.128
-0.117
-0.165
-0.101
-0.176
-0.14
-0.158
-0.114
-0.103
-0.134
-0.191
-0.136
-0.247
-0.155
-0.167
-0.154
-0.165
-0.204
-0.111
-0.171
-0.099
0.006
-0.092
-0.028
0.043
-0.081
-0.143
-0.101
-0.136
-0.097
-0.107
-0.059
-0.051
-0.132
-0.086
-0.133
-0.025
-0.09
-0.116
-0.102
-0.062
0.04
-0.185
-0.108
-0.036
-0.073
-0.121
-0.126
-0.048
-0.049
-0.088
-0.03
-0.174
-0.026
-0.178
-0.075
-0.063
-0.067
-0.029
-0.026
-0.07
-0.057
-0.012
-0.044
-0.058
0.008
-0.088
-0.074
-0.054
-0.077
-0.01
-0.063
-0.094
-0.044
-0.035
-0.055
-0.064
-0.034
-0.133
-0.035
-0.117
-0.071
-0.079
-0.059
-0.146
-0.106
-0.156
-0.051
-0.097
-0.193
-0.113
-0.137
-0.105
-0.105
-0.107
-0.037
-0.094
-0.182
-0.133
-0.155
-0.108
-0.131
-0.12
-0.111
-0.07
-0.225
-0.104
-0.105
-0.063
-0.14
-0.022
-0.098
-0.095
-0.086
-0.095
-0.136
-0.166
-0.051
-0.138
-0.076
-0.142
-0.18
-0.268
-0.098
-0.239
-0.157
-0.151
-0.148
-0.106
-0.211
-0.213
-0.118
-0.183
-0.214
-0.198
-0.121
-0.127
-0.2
-0.177
-0.144
-0.172
-0.033
-0.226
-0.215
-0.175
-0.084
-0.14
-0.131
-0.138
-0.166
-0.155
-0.151
-0.161
-0.206
-0.112
-0.115
-0.068
-0.094
-0.125
-0.015
-0.15
-0.106
-0.103
-0.156
-0.09
-0.052
-0.168
-0.073
-0.103
-0.127
-0.152
-0.142
-0.16
-0.156
-0.154
-0.113
-0.121
-0.179
-0.106
-0.185
-0.185
-0.114
-0.076
-0.134
-0.229
-0.054
-0.082
-0.148
-0.124
-0.146
-0.155
-0.17
-0.174
-0.162
-0.203
-0.168
-0.201
-0.179
-0.282
-0.066
-0.061
-0.205
-0.165
-0.204
-0.162
-0.14
-0.088
-0.139
-0.136
-0.152
-0.157
-0.137
-0.221
-0.182
-0.146
-0.171
-0.083
-0.165
-0.141
-0.161
-0.268
-0.17
-0.109
-0.235
-0.19
-0.21
-0.195
-0.149
-0.072
-0.142
-0.112
-0.106
-0.123
-0.041
-0.072
-0.135
-0.148
-0.117
-0.135
-0.056
-0.143
-0.07
-0.105
-0.158
-0.118
-0.062
-0.097
-0.061
-0.127
-0.128
-0.104
-0.055
-0.075
-0.126
-0.188
-0.149
-0.227
-0.187
-0.149
-0.128
-0.147
-0.155
-0.13
-0.16
-0.133
-0.175
-0.118
-0.15
-0.025
-0.073
-0.079
-0.141
-0.232
-0.193
-0.129
-0.036
-0.22
-0.119
-0.178
-0.089
-0.122
-0.151
-0.163
-0.08
-0.135
-0.129
-0.168
-0.138
-0.152
-0.137
-0.203
-0.019
-0.157
-0.109
-0.137
-0.128
-0.19
-0.186
-0.172
-0.138
-0.133
-0.101
-0.054
-0.056
-0.065
-0.108
-0.112
-0.201
-0.11
-0.07
-0.064
