-270.657
-193.57
-259.77
-278.37
-275.536
-251.684
-316.347
-238.441
-269.998
-299.844
-306.075
-322.333
-319.217
-328.598
-310.313
-90.984
-255.927
-243.55
-245.828
-230.814
-211.847
-286.465
-284.022
-286.004
-282.083
-243.805
-288.553
-297.82
-304.143
-284.567
-270.58
-291.063
-283.202
-320.356
-265.463
-303.782
-319.682
-288.528
-282.01
-302.608
-254.314
-266.875
-245.613
-258.815
-253.052
-238.812
-227.296
-308.454
-325.814
-349.293
-277.661
-297.849
-288.856
-323.07
-304.344
-254.907
-272.18
-246.666
-273.95
-252.15
-286.461
-283.716
-156.889
-166.38
-194.416
-206.408
-240.146
-247.587
-256.793
-226.435
-244.339
-270.462
-261.865
-299.364
-268.5
-287.037
-270.634
-233.095
-210.315
-193.263
-246.534
-267.963
-276.263
-277.431
-243.163
-260.228
-237.18
-259.927
-286.113
-250.147
-218.833
-223.067
-256.695
-256.279
-245.428
-280.652
-257.577
-261.351
-257.862
-257.851
-245.2
-263.306
-255.009
-262.703
-263.135
-262.42
-271.136
-256.439
-261.327
-256.553
-253.151
-244.367
-291.956
-263.369
-247.302
-263.569
-259.976
-295.106
-293.937
-269.983
-291.914
-270.399
-318.489
-294.771
-321.428
-306.805
-335.267
-281.058
-295.051
-300.846
-297.306
-295.102
-302.375
-280.674
-264.647
-303.996
-299.713
-303.152
-322.241
-229.256
-255.606
-288.151
-274.291
-269.955
-278.079
-294.073
-253.052
-266.163
-210.271
-278.778
-281.206
-250.61
-264.015
-281.753
-293.067
-277.161
-260.665
-214.821
-241.481
-246.106
-254.587
-257.108
-288.124
-276.289
-302.924
-223.464
-264.428
-225.223
-223.815
-230.489
-176.981
-168.524
-179.414
-248.827
-201.196
-192.24
-161.474
-211.997
-173.128
-222.249
-250.869
-238.422
-244.833
-260.328
-235.755
-255.248
-186.416
-218.326
-221.314
-179.436
-207.24
-202.277
-153.511
63.842
-153.42
-135.976
-103.158
-141.059
-51.661
-91.785
-109.309
-60.801
-96.756
-142.9
-77.474
-109.827
-130.666
-145.461
-91.484
-220.582
-142.154
-76.526
-98.668
-101.346
-106.647
-99.136
-125.231
-122.128
-168.84
-144.85
-163.824
-153.409
-169.685
-184.391
-149.681
-131.804
-149.587
-159.832
-108.541
-155.664
-140.659
-108.27
-185.079
-197.923
-158.332
-134.705
-86.903
-147.906
-93.326
-138.601
-124.424
-132.512
-125.601
-129.454
-107.229
-124.479
-127.934
-152.941
-155.725
-149.08
-138.111
-125.672
-136.872
-184.724
-203.051
-188.143
-154.972
-182.704
-167.641
-163.358
-109.35
-82.896
-132.136
-118.616
-139.97
-121.532
-143.944
-131.318
-132.338
-139.809
-97.955
-66.038
-159.288
-144.989
-151.08
-139.614
-157.199
-166.571
-162.647
-149.634
-153.874
-156.034
-112.987
-170.923
-156.109
-126.204
-163.161
-163.82
-152.14
-142.246
-160.784
-145.131
-186.3
-157.61
-170.758
-164.603
-177.115
-161.011
-144.297
-167.189
-158.054
-179.112
-154.608
-172.668
-168.795
-166.847
-165.878
-168.304
-133.338
-136.91
-167.251
-169.071
-184.513
-109.781
-119.927
-110.465
-214.187
-216.827
-152.999
-156.185
-162.261
-130.025
-160.916
-180.525
-176.306
-161.758
-120.988
-169.405
-175.212
-158.943
-136.868
-134.975
-146.264
-152.862
-99.807
-123.081
-147.255
-144.162
-93.41
-101.882
-122.34
-123.22
-105.365
-106.915
-84.453
-167.192
-87.844
-159.048
-153.457
-123.427
-143.488
-164.453
-155.702
-154.919
-187.613
-175.276
-150.049
-175.843
-164.656
-164.838
-164.743
-181.377
-175.694
-179.802
-179.328
-157.133
-179.625
-144.484
-183.123
-160.936
-147.724
-120.907
-125.498
-131.48
-180.485
-180.748
-159.635
-161.313
-180.578
-137.389
-168.751
-167.193
-185.21
-208.404
-161.463
-149.273
-200.84
-218.168
-227.257
-150.304
-115.176
-161.419
-159.439
-140.709
-156.951
-182.511
-158.95
-145.816
-160.875
-147.788
-136.503
-117.965
-122.247
-182.935
-170.626
-131.529
-149.618
-152.052
-132.256
-143.103
-114.966
-87.183
-124.066
-147.412
-104.043
-153.342
-124.966
-184.085
-91.245
-84.131
-120.019
-99.948
-169.006
-127.603
-70.988
-83.781
-80.837
-83.797
-48.164
-56.029
-71.407
-113.187
-195.784
-99.584
-119.161
-97.332
-68.981
-78.152
-77.802
-77.075
-87.772
-114.067
-84.919
-133.779
-100.996
-106.483
-159.655
-135.667
-89.749
-109.062
-116.618
-138.121
-135.477
-159.494
-136.608
-119.358
-129.403
-115.895
-113.103
-169.289
-149.535
-138.408
-139.905
-143.342
-142.691
-133.333
-132.288
-154.01
-138.753
-159.377
-121.502
-120.858
-132.475
-146.381
-139.91
-118.874
-92.32
-130.261
-154.562
-149.439
-128.048
-41.142
-42.607
-41.145
-57.815
-52.72
-82.457
-84.133
-54.805
-30.711
-52.758
-54.956
-27.637
-35.053
-57.043
-35.819
-44.762
-121.287
-29.973
-45.34
-30.967
