-6.751
-5.122
-4.924
-6.229
-4.108
-6.557
-3.905
-6.157
-7.374
-8.327
-6.685
-5.668
-8.601
-8.594
-7.69
-7.392
-3.971
-5.026
-5.928
-5.432
-5.82
-7.358
-6.065
-3.246
-3.849
-6.885
-8.044
-6.414
-5.801
-7.72
-5.789
-7.637
-4.01
-3.444
-4.531
-8.357
-1.379
-3.34
-5.044
-4.483
-5.357
-5.547
-6.794
-5.911
-7.165
-8.664
-10.612
-8.892
-4.733
-7.093
-5.571
-7.565
-6.296
-9.39
-8.015
-5.596
-8.423
-5.8
-8.323
-7.793
-5.751
-5.72
-5.425
-5.743
-6.376
-8.854
-5.923
-6.902
-4.524
-6.046
-8.02
-6.632
-6.274
-7.139
-6.752
-5.039
-6.79
-5.922
-5.759
-5.12
-7.429
-4.873
-5.694
-5.638
-4.383
-6.398
-5.795
-6.882
-6.056
-5.76
-6.938
-5.839
-5.066
-5.848
-8.049
-6.74
-6.224
-5.914
-3.901
-7.602
-7.161
-4.767
-5.551
-6.98
-6.137
-6.794
-7.581
-7.063
-4.436
-5.528
-5.988
-7.502
-7.596
-6.619
-5.758
-6.703
-6.064
-6.472
-6.758
-5.148
-7.423
-3.896
-6.502
-5.524
-6.639
-5.598
-7.784
-5.892
-7.614
-6.392
-5.844
-6.554
-5.031
-6.187
-4.404
-4.026
-4.713
-8.361
-6.825
-5.629
-5.644
-6.274
-4.046
-4.122
-4.332
-7.63
-4.232
-6.932
-7.467
-4.134
-6.154
-7.922
-7.365
-7.518
-6.179
-7.031
-5.423
-7.093
-5.417
-6.994
-6.551
-6.674
-6.609
-2.46
-6.661
-6.092
-5.039
-5.032
-5.293
-6.821
-3.802
-4.513
-5.181
-5.585
-3.064
-7.079
-3.933
-5.017
-4.669
-4.612
-6.786
-6.763
-6.824
-3.678
-2.592
-5.292
-1.992
-2.155
-3.99
-2.435
-6.226
-4.21
-2.535
-0.59
-1.678
-4.347
0.15
-2.862
-3.756
-5.122
-5.888
-2.466
-3.705
-4.275
-4.696
-3.764
-4.105
-3.304
-6.916
-4.132
-5.572
-0.418
-2.163
-4.573
-1.967
-1.626
-3.845
-2.224
-4.655
-4.383
0.478
-3.737
-1.114
-4.705
-1.255
-4.448
-4.305
-3.232
-3.69
-1.386
-1.516
-4.246
-6.315
-5.679
-5.4
-3.73
-4.498
-3.547
-4.327
-5.674
-5.562
-4.768
-5.806
-4.433
-3.282
-4.036
-4.209
-4.408
-6.188
-3.601
-5.256
-5.515
-5.488
-5.794
-7.379
-5.516
-3.227
-3.404
-5.651
-6.081
-5.042
-4.361
-1.138
-5.204
-4.979
-4.429
-1.49
-4.125
-3.946
-2.385
-3.247
-1.95
-5.14
-2.162
-2.866
-0.395
-2.318
-1.716
-5.107
-3.047
-1.999
-4.726
-4.107
-4.443
-3.269
-5.034
-5.553
-4.201
-5.207
-5.993
-2.097
-4.03
-5.595
-1.921
-3.227
-5.532
-3.706
-5.131
-4.519
-5.86
-2.085
-2.435
-3.169
-2.978
-3.652
-5.395
-2.968
-1.605
0.752
-0.213
-2.382
-1.296
-3.048
-4.725
-2.134
-3.096
-1.532
-5.886
-2.923
-3.386
-2.325
-5.073
-5.069
-2.966
-0.889
-1.066
-2.546
-1.328
-1.672
-1.751
-2.314
-3.938
-1.479
-1.991
-3.361
-3.787
-2.815
-5.868
-2.155
-4.476
-4.507
-4.472
-3.585
-2.498
-3.43
-3.535
-3.544
-2.962
-5.554
-4.541
-5.021
-4.603
-5.598
-6.476
-6.505
-2.808
-4.705
-0.972
-2.958
-2.471
-5.987
-4.438
-3.753
-2.95
-6.95
-2.243
-5.017
-5.111
-5.351
-4.994
-3.404
-4.314
-4.303
-5.643
-5.255
-3.737
-2.449
0.83
-2.979
-2.422
-2.063
-1.358
-0.947
-3.861
-2.812
-4.445
-1.936
-5.601
-5.252
-2.827
-1.676
-4.285
-3.194
-3.623
-5.652
-4.407
-3.855
-6.137
-3.714
-5.924
-4.28
-1.196
-6.688
-4.794
-2.772
-5.736
-5.871
-4.414
-5.484
-3.956
-5.089
-3.06
-5.524
-2.136
-4.02
-5.099
-4.224
-4.71
-4.247
-4.139
-4.616
-5.886
-4.558
-4.931
-4.778
-3.99
-4.565
-3.547
-3.332
-4.516
-4.848
-2.938
-6.974
-2.978
-7.011
-4.677
-4.299
-4.169
-4.462
-4.878
-3.358
-7.068
-4.049
-7.375
-3.692
-1.739
-3.329
-0.481
-3.126
-4.596
-2.857
-3.694
-4.341
-4.05
-4.103
-5.146
-5.439
-3.848
-3.152
-4.928
-6.42
-7.158
-5.265
-6.342
-7.702
-5.517
-3.162
-2.574
-3.68
-3.065
-2.531
-4.261
-0.306
-1.807
-1.264
-4.46
-0.668
-3.407
-1.592
-1.953
-0.03
-1.434
0.49
-0.03
-1.569
-0.362
-2.681
-2.871
-0.291
0.019
1.02
-0.253
-2.39
0.117
-1.066
-1.927
0.6
-4.545
-1.238
-2.432
-3.365
