-0.501
-0.313
-0.366
-0.519
-0.827
-0.717
-0.313
-0.229
-0.898
-0.478
-0.712
-0.428
-0.343
-0.237
-0.481
-0.554
-0.104
-0.362
-0.787
-0.084
-0.465
-0.736
-0.184
-0.172
-0.433
-0.445
-1.064
0.071
-0.474
-0.515
-0.129
-0.172
0.35
-0.603
0.32
-0.409
0.345
-0.361
-0.574
-0.616
-0.82
-0.556
-0.603
-0.893
-0.496
-0.662
-0.825
-0.601
-0.864
-1.068
-0.778
-1.147
-0.883
-0.366
-0.708
-0.677
-0.838
-0.793
-0.912
-0.565
-1.108
-1.217
-0.699
-0.462
-0.232
-0.167
-0.637
-0.303
-0.838
-0.391
-0.905
-0.638
-0.676
-0.299
-0.709
-0.8
-0.606
-0.981
-0.589
-0.601
-1.349
0.343
-0.759
-0.535
-0.35
-0.308
-0.308
-0.926
-0.439
-0.446
-0.306
-0.64
-0.31
-0.152
-0.721
-0.312
-0.609
-0.982
-0.327
-0.897
-1.139
-0.781
-0.467
-0.296
-0.16
-0.635
-1.455
0.134
-0.439
-0.764
-0.657
-0.081
-0.466
-0.062
-0.325
-0.506
-0.608
-0.383
-0.309
-0.318
-0.844
-0.17
-0.387
0.052
-0.374
-0.286
-1.029
-0.65
-0.439
-0.231
-0.653
-0.616
-0.836
-0.171
-0.506
-0.339
-0.491
-0.717
-0.775
-0.225
0.252
-0.045
0.642
-0.016
-0.182
-0.409
-0.358
-0.14
0.093
-0.222
-0.319
-0.307
-0.33
-0.303
-0.763
-0.652
-0.638
-0.634
-0.737
-0.607
-0.419
-0.664
-0.567
-0.618
-0.482
-0.916
-0.946
-0.524
-0.617
-0.801
-0.473
-0.585
-0.528
-0.502
-0.693
-0.158
-0.429
0.148
0.107
-0.252
-0.596
-0.55
-0.913
-0.655
-0.046
-0.476
-0.38
0.556
-0.688
-0.357
-0.483
-0.104
-1.249
-0.268
-0.56
-0.798
-0.49
0.044
-0.907
-0.815
-0.712
-0.419
-0.377
-0.686
-0.792
-1.505
-1.074
-1.126
-1.21
-0.151
-0.431
0.419
-0.217
0.088
0.191
-0.065
-0.248
0.179
-0.991
-0.148
0.758
-0.102
0.536
-0.306
-0.317
-0.673
-1.209
-0.469
-0.506
-0.162
-0.1
-0.37
-0.559
-0.567
-0.404
-0.659
-0.051
-0.218
0.455
-0.744
-0.276
-0.497
-0.113
-0.64
-0.253
-0.245
-0.39
0.475
-0.009
-0.087
-0.467
-0.132
0.346
0.286
-0.221
0.0
0.25
0.038
-0.348
-0.328
-0.001
0.205
0.461
-0.376
-0.156
0.159
0.224
0.567
0.463
0.328
0.889
0.347
-0.372
-0.084
0.031
0.086
-0.164
0.051
-0.117
0.205
-0.35
-0.758
-0.392
0.041
-0.2
-0.138
0.122
-0.122
0.014
-0.117
-0.217
-0.11
-0.002
0.033
0.181
0.028
-0.031
-0.311
0.134
-0.054
-0.228
0.241
-0.216
0.175
-0.451
-0.156
-0.06
0.537
0.28
0.132
-0.071
0.308
0.17
-0.034
0.173
0.159
0.131
-0.339
0.018
-0.135
0.49
-0.058
0.049
0.095
-0.165
0.019
0.004
-0.281
-0.011
0.839
0.751
0.264
-0.126
-0.019
-0.001
-0.259
0.129
-0.244
-0.041
0.654
0.633
0.572
0.999
0.655
0.74
0.743
0.668
0.572
0.441
0.492
0.573
0.46
0.845
0.642
0.013
0.117
0.252
0.152
0.655
0.131
0.312
0.692
-0.073
0.235
0.244
1.03
0.262
0.392
0.674
0.041
0.501
0.811
0.462
0.474
0.184
0.629
0.508
0.981
0.628
0.677
0.68
0.717
0.52
0.739
0.532
0.323
0.439
-0.356
-0.229
0.515
1.212
0.719
0.697
0.275
0.338
0.234
0.729
0.091
0.768
0.431
0.814
1.318
-0.364
-0.162
0.276
0.102
-0.344
-0.033
0.181
0.668
-0.189
0.663
0.157
-0.001
0.769
0.492
0.008
0.014
0.591
0.754
0.965
-0.172
0.529
0.628
0.221
0.841
0.848
0.811
0.917
0.911
1.092
1.125
0.161
1.157
0.294
0.829
0.71
0.484
-0.674
0.099
0.547
0.422
0.327
0.527
0.328
0.716
-0.469
0.68
0.813
0.724
0.432
0.253
0.013
-0.024
0.092
0.245
0.503
0.538
0.488
0.351
-0.339
0.354
0.48
-0.349
-0.23
-0.01
0.725
0.595
0.834
0.89
0.697
0.5
0.898
0.505
0.219
0.592
0.613
0.086
1.021
0.773
1.223
0.347
1.077
0.271
1.211
1.067
0.892
1.237
0.653
1.229
1.012
1.023
1.245
1.087
0.772
1.434
0.497
1.049
0.979
1.185
0.785
