-410.519
-390.807
-409.233
-433.584
-430.86
-424.649
-408.694
-408.013
-412.177
-441.2
-432.231
-457.551
-408.472
-438.587
-413.562
-433.868
-411.475
-406.215
-420.961
-399.404
-415.924
-393.95
-438.312
-404.104
-398.345
-401.536
-437.751
-400.214
-421.374
-418.281
-403.324
-424.898
-387.624
-441.904
-426.695
-425.769
-429.138
-402.199
-426.052
-407.336
-400.994
-417.514
-423.27
-429.312
-421.719
-379.632
-396.388
-445.331
-439.27
-463.374
-422.947
-410.648
-438.74
-455.717
-410.882
-365.776
-394.929
-356.388
-430.037
-377.291
-403.58
-417.836
-350.91
-350.147
-369.51
-375.478
-373.885
-365.756
-382.755
-393.937
-399.852
-433.233
-415.335
-445.788
-386.299
-435.752
-370.543
-353.312
-372.612
-326.606
-343.513
-397.712
-372.63
-364.456
-393.226
-388.927
-364.701
-390.824
-391.777
-377.162
-358.268
-352.797
-391.082
-375.481
-386.173
-389.084
-385.481
-423.125
-387.372
-400.648
-372.78
-341.046
-422.55
-398.46
-393.791
-375.735
-398.074
-403.518
-402.388
-388.552
-382.01
-369.778
-423.035
-406.919
-394.974
-392.888
-405.254
-424.419
-417.306
-370.638
-388.861
-372.565
-428.127
-424.934
-385.326
-363.745
-411.059
-368.541
-386.613
-372.493
-391.053
-377.198
-422.976
-375.001
-367.507
-372.51
-360.84
-400.692
-406.29
-341.801
-399.967
-382.465
-356.693
-381.289
-384.308
-397.933
-388.045
-371.846
-375.605
-390.874
-383.401
-349.372
-371.72
-397.951
-386.849
-408.669
-392.877
-363.848
-362.112
-372.471
-340.893
-387.496
-362.3
-398.898
-383.198
-348.596
-351.189
-364.471
-332.998
-330.318
-342.264
-331.293
-358.828
-359.855
-326.064
-311.792
-317.934
-338.206
-296.78
-328.126
-347.462
-330.192
-341.023
-363.214
-357.662
-330.759
-331.98
-341.553
-357.3
-331.686
-374.099
-364.678
-346.231
-331.225
-334.856
-272.399
-324.889
-261.323
-305.417
-309.156
-299.892
-309.791
-298.421
-319.491
-267.132
-301.216
-280.007
-289.877
-288.892
-368.981
-308.575
-253.772
-229.965
-251.169
-238.043
-242.288
-240.662
-272.801
-344.753
-333.889
-336.163
-299.389
-291.675
-296.21
-276.019
-267.242
-303.347
-306.756
-253.391
-233.415
-241.114
-258.069
-293.572
-311.444
-291.439
-245.817
-234.981
-281.498
-217.838
-275.215
-264.38
-240.587
-255.926
-265.55
-237.558
-220.251
-220.833
-230.311
-250.804
-260.464
-236.537
-235.101
-209.325
-232.555
-293.623
-283.538
-218.918
-251.986
-249.326
-257.831
-212.105
-208.078
-221.12
-264.813
-248.639
-210.901
-233.751
-226.619
-242.655
-244.907
-228.507
-208.311
-240.188
-256.959
-252.258
-255.038
-292.547
-273.034
-285.802
-310.455
-299.125
-286.651
-257.563
-333.233
-288.695
-246.945
-272.552
-286.563
-250.329
-266.076
-288.7
-248.594
-321.728
-300.21
-291.293
-278.339
-281.171
-275.719
-226.49
-296.787
-277.291
-253.627
-270.1
-283.118
-289.003
-273.659
-264.846
-288.977
-261.185
-283.742
-305.357
-303.736
-307.445
-283.745
-264.242
-260.203
-306.81
-314.363
-271.632
-300.723
-287.47
-247.066
-297.282
-296.647
-278.806
-279.572
-262.327
-269.039
-279.502
-280.355
-259.158
-286.237
-290.173
-284.496
-238.673
-291.902
-275.022
-276.53
-287.839
-271.595
-262.008
-285.563
-250.606
-267.115
-206.912
-257.277
-276.058
-272.181
-293.547
-236.199
-258.343
-252.29
-246.22
-280.558
-323.583
-295.471
-297.411
-305.9
-279.758
-287.05
-302.568
-288.817
-294.957
-288.488
-280.971
-258.028
-308.584
-289.258
-280.879
-278.602
-280.806
-270.034
-254.749
-254.245
-278.96
-291.682
-221.92
-238.011
-265.403
-240.954
-274.27
-291.054
-250.172
-291.009
-263.349
-271.777
-315.771
-285.511
-317.185
-250.044
-238.019
-248.329
-239.737
-213.026
-208.319
-269.729
-227.259
-236.405
-276.474
-251.376
-255.172
-227.154
-214.642
-255.765
-265.391
-214.74
-255.034
-209.449
-233.858
-232.406
-225.704
-206.441
-243.656
-246.834
-218.506
-238.857
-245.792
-274.275
-186.197
-214.321
-226.597
-244.297
-247.502
-213.773
-203.956
-187.546
-179.25
-195.94
-177.679
-168.055
-176.304
-219.971
-255.323
-208.279
-202.534
-197.164
-198.475
-201.275
-220.587
-178.963
-214.739
-213.395
-201.632
-216.227
-190.345
-198.567
-265.092
-206.566
-176.173
-205.225
-202.117
-217.393
-226.403
-231.621
-215.736
-205.37
-219.281
-215.036
-218.057
-233.034
-265.554
-251.625
-202.885
-216.431
-213.952
-235.264
-242.156
-223.944
-221.489
-199.067
-207.012
-211.842
-228.166
-233.316
-201.376
-166.734
-201.405
-197.087
-230.001
-202.177
-198.458
-185.936
-161.948
-159.437
-194.125
-164.516
-161.389
-190.444
-166.876
-151.982
-160.137
-158.133
-146.669
-190.25
-189.871
-157.183
-172.395
-209.4
-129.485
-133.261
-158.14
