-47.0
-40.57
-43.51
-43.68
-46.16
-46.46
-52.32
-49.61
-48.37
-57.27
-49.22
-58.5
-53.29
-55.84
-55.86
-47.58
-44.6
-46.23
-49.67
-39.49
-40.15
-51.31
-55.72
-44.96
-53.1
-54.63
-59.45
-52.72
-53.52
-51.1
-48.32
-45.4
-52.06
-45.27
-48.07
-49.93
-49.0
-46.99
-52.16
-43.19
-48.02
-48.85
-53.8
-49.01
-37.19
-52.77
-56.32
-55.63
-55.22
-54.7
-45.01
-57.52
-51.06
-52.36
-51.03
-50.99
-45.99
-41.36
-54.36
-46.82
-45.37
-51.03
-41.17
-42.32
-41.16
-33.93
-34.66
-42.68
-47.76
-41.76
-44.01
-46.03
-55.79
-50.52
-48.57
-54.44
-52.43
-50.81
-47.57
-39.99
-47.19
-40.05
-42.82
-50.88
-48.41
-52.33
-42.93
-48.51
-47.04
-48.82
-41.26
-45.4
-48.89
-41.95
-44.57
-47.81
-41.05
-42.87
-49.19
-48.86
-41.47
-48.07
-46.31
-34.03
-45.52
-50.63
-41.77
-38.5
-42.77
-36.35
-36.29
-49.22
-43.08
-47.61
-41.17
-42.54
-48.09
-41.52
-43.24
-45.68
-45.41
-41.53
-41.01
-44.53
-48.0
-40.39
-35.13
-40.55
-46.13
-42.05
-40.82
-42.22
-47.39
-42.73
-43.04
-41.22
-45.19
-50.61
-42.88
-43.02
-43.88
-36.49
-43.79
-37.77
-42.72
-41.17
-48.13
-44.11
-49.25
-40.83
-46.38
-38.25
-42.34
-45.19
-43.77
-39.06
-38.43
-41.0
-41.56
-38.86
-40.24
-36.7
-42.17
-40.49
-45.25
-32.97
-40.72
-36.92
-36.73
-44.44
-28.64
-32.22
-31.88
-41.17
-39.41
-37.57
-33.98
-29.99
-30.14
-30.76
-41.8
-41.43
-43.15
-48.38
-44.3
-39.43
-36.56
-29.97
-39.55
-39.41
-41.95
-38.88
-38.76
-36.52
-38.47
-34.1
-36.78
-30.91
-37.36
-34.79
-34.11
-40.77
-34.98
-38.72
-36.56
-37.9
-34.03
-39.02
-34.99
-37.58
-33.59
-27.36
-25.52
-25.9
-18.28
-26.24
-29.41
-30.84
-34.98
-35.18
-32.99
-28.35
-29.47
-30.54
-36.33
-27.76
-28.48
-28.58
-24.38
-26.19
-24.06
-26.49
-30.77
-31.49
-30.65
-27.49
-24.27
-24.58
-20.79
-27.74
-27.53
-29.14
-28.36
-26.39
-21.72
-22.99
-28.03
-19.72
-26.08
-21.29
-22.58
-25.6
-20.38
-27.14
-28.21
-29.1
-23.03
-24.01
-28.12
-25.37
-24.73
-17.3
-19.92
-28.49
-21.89
-21.09
-20.83
-20.29
-25.29
-21.04
-19.63
-23.11
-26.8
-29.2
-27.82
-27.01
-26.33
-30.22
-25.49
-29.24
-27.08
-31.04
-30.49
-32.21
-33.03
-28.18
-24.61
-29.16
-25.97
-27.44
-29.07
-27.23
-33.91
-30.4
-33.63
-31.75
-25.16
-30.91
-28.13
-30.98
-26.87
-30.16
-23.26
-34.05
-30.16
-27.69
-27.73
-29.82
-26.48
-32.25
-31.31
-27.37
-32.28
-28.36
-29.0
-24.24
-27.84
-39.56
-31.2
-30.49
-30.84
-25.63
-30.29
-34.5
-30.43
-32.51
-25.43
-32.25
-30.57
-26.23
-31.03
-30.32
-28.27
-35.84
-23.7
-35.06
-24.19
-30.79
-24.56
-23.19
-26.53
-23.87
-20.77
-23.01
-17.87
-20.47
-25.2
-20.87
-29.3
-22.67
-18.09
-21.75
-19.5
-25.22
-27.17
-33.3
-26.81
-35.98
-33.9
-26.36
-27.95
-31.8
-33.4
-27.46
-25.62
-24.13
-28.46
-25.84
-27.53
-25.81
-24.86
-23.58
-20.98
-19.54
-27.93
-31.15
-27.23
-26.33
-25.56
-20.28
-20.7
-23.66
-22.92
-27.97
-28.39
-28.61
-31.57
-33.78
-30.32
-21.89
-23.02
-22.7
-18.59
-18.44
-18.06
-15.31
-20.26
-18.29
-20.0
-20.34
-17.71
-14.4
-19.14
-23.32
-22.05
-24.26
-25.9
-22.58
-18.85
-19.96
-21.02
-20.27
-21.61
-22.03
-22.54
-22.28
-19.83
-26.08
-18.99
-16.46
-18.42
-25.3
-21.81
-17.32
-17.69
-18.43
-16.96
-14.25
-14.91
-15.82
-15.21
-19.88
-30.6
-20.64
-21.82
-18.74
-19.15
-24.13
-25.53
-21.65
-19.15
-24.2
-20.14
-24.56
-22.67
-24.63
-30.29
-22.17
-20.07
-24.59
-25.87
-27.94
-31.39
-32.04
-26.92
-25.84
-21.14
-25.0
-25.55
-26.94
-33.34
-29.93
-21.75
-29.11
-26.95
-22.97
-23.66
-23.5
-25.24
-26.24
-24.1
-23.08
-26.41
-30.19
-31.3
-25.51
-21.68
-30.44
-27.11
-27.69
-19.09
-16.94
-18.45
-18.82
-18.35
-19.45
-19.06
-19.72
-19.69
-16.86
-19.33
-18.08
-13.68
-20.67
-23.42
-16.55
-22.45
-23.77
-16.97
-20.98
-18.39
