-11.286
-17.536
-11.683
-14.717
-12.386
-13.891
-11.881
-12.726
-13.471
-14.175
-13.924
-15.948
-16.498
-16.122
-14.988
-13.45
-11.488
-14.155
-16.203
-9.762
-11.751
-11.713
-14.223
-14.199
-14.427
-13.773
-14.348
-14.558
-14.972
-10.05
-15.302
-16.578
-11.495
-13.411
-13.719
-13.936
-13.567
-13.946
-16.738
-15.341
-16.201
-13.962
-12.032
-13.601
-14.855
-14.397
-17.621
-14.431
-15.328
-12.623
-14.278
-14.666
-10.002
-12.029
-13.159
-16.241
-7.479
-9.554
-14.803
-13.895
-13.182
-14.55
-12.902
-10.178
-11.688
-9.285
-8.506
-12.165
-13.87
-11.076
-10.484
-13.612
-15.519
-12.817
-12.51
-16.713
-11.487
-14.606
-14.743
-10.658
-14.688
-11.624
-15.084
-15.518
-16.026
-11.608
-9.36
-12.386
-12.017
-9.445
-11.574
-8.615
-10.901
-14.477
-11.641
-15.332
-13.612
-13.274
-14.822
-14.198
-11.556
-11.968
-14.563
-8.754
-12.881
-9.388
-11.795
-11.58
-11.998
-11.221
-12.346
-8.531
-9.729
-10.317
-10.731
-9.996
-9.787
-10.127
-9.752
-9.009
-11.523
-8.009
-11.02
-13.727
-13.018
-9.793
-9.773
-12.397
-12.855
-11.151
-12.732
-10.808
-10.482
-10.943
-10.923
-13.526
-7.06
-10.925
-12.593
-11.375
-10.896
-9.117
-11.899
-10.522
-9.576
-12.451
-11.546
-10.779
-9.708
-13.429
-11.719
-11.436
-11.817
-9.569
-11.731
-11.583
-9.807
-14.527
-12.917
-12.679
-10.323
-12.979
-15.071
-12.807
-12.399
-10.518
-14.022
-9.575
-12.675
-12.094
-12.138
-9.652
-12.084
-15.676
-12.052
-10.806
-13.303
-10.842
-7.918
-10.244
-12.01
-12.533
-11.884
-11.352
-8.926
-13.626
-10.645
-6.29
-9.312
-12.176
-13.685
-8.737
-10.062
-13.278
-12.177
-12.027
-10.992
-7.028
-9.362
-11.704
-8.06
-14.762
-12.179
-9.161
-11.597
-9.07
-5.415
-9.198
-7.477
-10.673
-7.86
-8.907
-9.218
-4.861
-4.878
-5.602
-5.399
-9.579
-10.523
-6.128
-5.776
-4.775
-5.527
-9.147
-9.823
-6.389
-11.821
-8.136
-6.226
-6.82
-7.44
-7.468
-7.137
-8.472
-8.416
-11.12
-7.603
-8.763
-8.576
-7.346
-7.004
-10.165
-8.679
-7.875
-5.286
-9.671
-6.171
-7.667
-8.912
-7.315
-6.891
-7.573
-7.009
-7.732
-8.347
-6.915
-6.321
-6.537
-8.194
-4.486
-4.822
-7.254
-5.942
-6.651
-8.469
-4.115
-5.85
-8.008
-8.307
-7.423
-4.616
-9.641
-9.159
-11.623
-8.737
-7.498
-5.801
-10.703
-10.484
-11.641
-6.841
-10.259
-8.529
-10.042
-10.719
-10.426
-10.999
-9.673
-10.746
-11.423
-6.451
-10.74
-11.36
-12.139
-9.949
-9.757
-8.571
-10.581
-8.305
-8.834
-9.594
-9.711
-7.796
-12.195
-9.482
-10.052
-9.512
-7.011
-10.062
-12.385
-10.958
-9.908
-10.376
-11.186
-9.408
-7.417
-8.926
-10.041
-7.769
-12.506
-9.824
-10.157
-9.589
-10.746
-9.821
-7.879
-9.776
-11.573
-10.07
-9.184
-9.283
-12.998
-8.363
-11.249
-8.876
-9.174
-7.444
-10.357
-10.002
-8.038
-6.698
-11.932
-6.928
-11.4
-3.334
-7.437
-9.182
-9.711
-8.88
-8.839
-7.646
-5.117
-6.564
-8.934
-5.655
-9.691
-11.416
-11.542
-12.093
-11.328
-9.646
-9.215
-10.585
-9.879
-9.878
-8.597
-9.735
-10.618
-11.337
-9.102
-9.138
-7.463
-11.378
-8.015
-9.815
-8.66
-8.74
-7.393
-10.406
-6.6
-8.388
-10.831
-11.099
-12.231
-8.22
-9.463
-11.065
-9.379
-9.001
-7.675
-7.886
-7.588
-5.203
-7.048
-5.137
-6.295
-4.886
-6.413
-8.416
-6.741
-9.371
-6.691
-7.642
-7.973
-9.957
-9.179
-9.486
-9.162
-5.98
-6.315
-8.877
-8.439
-8.735
-8.24
-7.939
-8.226
-9.504
-6.011
-5.292
-6.332
-7.655
-7.017
-8.724
-6.282
-4.911
-7.419
-6.493
-4.635
-6.069
-5.38
-6.64
-5.972
-10.071
-4.055
-4.082
-5.621
-7.392
-7.978
-8.313
-7.988
-5.563
-7.457
-7.585
-8.471
-6.979
-8.147
-9.729
-7.006
-8.527
-9.103
-5.407
-8.021
-10.288
-9.097
-6.365
-6.697
-9.373
-7.588
-6.787
-8.525
-6.858
-8.112
-4.45
-8.352
-7.574
-6.587
-7.671
-4.252
-7.011
-7.525
-9.714
-8.74
-4.303
-10.414
-9.406
-8.709
-10.917
-9.044
-8.499
-8.654
-6.248
-4.738
-6.98
-7.036
-8.212
-7.08
-7.941
-7.625
-8.751
-7.493
-7.444
-6.856
-5.777
-6.967
-11.006
-3.657
-6.514
-4.966
-6.619
-6.642
-7.649
