-97.19
-85.02
-92.12
-91.22
-96.88
-98.62
-86.36
-80.33
-83.65
-73.36
-78.38
-92.91
-89.19
-85.94
-86.66
-85.81
-81.79
-94.42
-81.68
-88.81
-79.52
-87.41
-91.11
-88.78
-91.2
-88.83
-88.25
-85.96
-76.11
-86.5
-82.09
-76.58
-83.29
-99.53
-94.34
-87.08
-89.73
-88.1
-82.67
-87.67
-76.86
-84.25
-90.49
-96.28
-80.3
-77.09
-74.95
-76.06
-87.23
-83.21
-93.77
-83.49
-79.42
-84.66
-86.7
-89.29
-78.44
-89.63
-95.67
-83.33
-88.2
-93.68
-91.64
-82.56
-91.22
-85.53
-81.05
-70.53
-76.3
-78.06
-78.37
-85.04
-81.33
-81.85
-87.73
-86.83
-92.38
-91.43
-87.52
-97.31
-90.89
-84.99
-92.64
-88.39
-92.05
-80.12
-85.34
-89.43
-92.42
-84.97
-78.81
-91.99
-83.61
-74.85
-83.51
-83.92
-86.43
-91.95
-84.66
-84.18
-97.13
-94.38
-89.72
-105.77
-95.28
-92.88
-90.35
-91.08
-90.99
-96.66
-87.51
-92.47
-86.75
-80.12
-100.52
-96.55
-88.76
-102.11
-95.92
-88.17
-86.0
-95.54
-93.37
-104.08
-88.43
-91.06
-97.92
-100.24
-100.87
-96.91
-92.96
-98.79
-97.22
-96.29
-97.76
-100.1
-94.9
-96.59
-95.74
-96.15
-99.23
-94.85
-95.13
-94.81
-94.78
-101.78
-91.84
-95.73
-92.04
-97.96
-104.81
-90.45
-97.09
-95.11
-95.04
-91.88
-93.11
-92.81
-84.5
-86.96
-91.98
-82.72
-89.22
-87.85
-78.96
-88.13
-91.03
-88.08
-86.02
-94.47
-84.67
-90.1
-88.99
-101.96
-88.76
-91.49
-77.25
-83.09
-86.32
-84.35
-93.84
-87.77
-91.31
-89.64
-78.95
-91.37
-88.14
-89.44
-87.89
-87.34
-93.18
-74.95
-80.14
-82.91
-104.44
-87.82
-90.28
-99.07
-91.4
-81.85
-91.79
-75.85
-93.31
-84.58
-80.82
-80.31
-83.76
-77.96
-79.38
-75.05
-85.54
-85.12
-84.57
-82.78
-88.35
-80.59
-88.3
-86.25
-87.0
-79.37
-76.67
-71.23
-82.6
-83.46
-78.4
-84.29
-82.9
-84.29
-86.78
-75.77
-83.86
-89.81
-64.87
-80.39
-79.05
-75.67
-88.18
-92.1
-88.83
-98.72
-94.37
-78.06
-80.33
-80.17
-79.56
-77.67
-78.15
-77.31
-78.38
-76.14
-74.86
-82.5
-74.49
-83.36
-88.68
-85.89
-77.55
-87.41
-78.1
-82.68
-83.89
-79.07
-87.92
-85.22
-73.56
-85.15
-79.01
-78.19
-82.28
-80.97
-81.47
-69.36
-87.28
-87.45
-72.77
-85.34
-73.03
-77.77
-76.83
-77.39
-82.71
-87.3
-81.27
-77.53
-82.53
-87.48
-85.1
-89.87
-79.66
-87.91
-89.26
-81.63
-77.01
-91.56
-84.32
-73.92
-84.56
-95.7
-86.37
-91.32
-82.09
-85.27
-79.39
-86.49
-85.93
-90.15
-80.41
-80.19
-88.09
-94.13
-92.93
-92.22
-90.8
-88.24
-88.82
-80.72
-88.59
-88.77
-86.5
-82.14
-86.04
-88.03
-94.21
-95.67
-90.61
-93.26
-98.22
-88.56
-91.36
-91.9
-104.32
-96.43
-94.9
-87.02
-98.68
-93.41
-99.91
-93.92
-102.71
-101.36
-91.34
-102.27
-98.55
-81.68
-84.77
-79.05
-82.84
-87.47
-92.47
-95.88
-94.32
-94.64
-98.07
-86.68
-91.03
-84.24
-82.52
-91.86
-87.69
-95.33
-91.68
-84.31
-96.16
-92.41
-89.35
-97.8
-96.68
-86.18
-89.01
-92.04
-89.53
-92.36
-85.2
-83.97
-94.32
-88.14
-82.04
-78.88
-85.51
-79.17
-88.84
-77.29
-72.99
-79.24
-81.8
-72.24
-78.39
-70.72
-68.2
-63.89
-75.48
-67.62
-75.29
-76.16
-70.01
-72.87
-78.35
-79.91
-80.47
-78.88
-80.3
-80.69
-87.1
-85.67
-94.82
-79.51
-78.73
-76.72
-90.99
-88.16
-83.77
-87.89
-78.14
-89.95
-90.88
-89.42
-81.09
-82.24
-84.02
-79.13
-85.6
-87.1
-81.56
-87.59
-76.34
-85.2
-83.33
-76.23
-86.99
-83.8
-83.87
-83.33
-92.3
-83.31
-89.4
-71.41
-76.15
-85.56
-81.97
-85.36
-81.67
-89.78
-79.99
-92.68
-96.12
-93.87
-91.54
-104.15
-90.05
-96.6
-94.68
-81.62
-88.57
-84.36
-92.78
-75.37
-85.75
-95.32
-93.06
-87.05
-95.16
-92.46
-88.41
-100.48
-88.88
-80.02
-86.69
-88.14
-77.99
-87.78
-84.8
-81.91
-90.34
-97.99
-80.66
-85.73
-80.64
-88.77
-77.78
-79.34
-84.85
-81.4
-83.52
-83.79
-74.69
-80.7
-74.42
-76.76
-76.38
-84.08
-89.8
-83.58
-83.51
-85.67
-85.95
-87.64
-82.77
-82.77
-82.2
-94.13
-81.83
