-3.239
-6.079
-5.017
-4.789
-4.265
-5.27
-3.117
-2.932
-5.252
-3.27
-2.17
-3.627
-3.9
-2.447
-5.867
-0.986
-2.255
-2.62
-4.045
-2.912
-2.666
-4.92
-5.529
-4.436
-8.448
-5.134
-5.348
-3.631
-3.643
-5.779
-2.491
-3.994
-4.85
-5.917
-5.714
-6.17
-2.415
-4.446
-5.95
-3.473
-1.306
-5.297
-3.589
-5.956
-0.739
-6.502
-2.553
-4.65
-4.642
-5.332
-4.059
-3.883
-3.683
-2.531
-3.094
-2.58
-3.63
-4.077
-4.933
-3.573
-0.968
-2.214
-3.679
-2.149
-3.334
-2.771
-1.493
-0.663
-2.461
-1.56
-3.613
-4.495
-0.686
-3.166
-0.447
-0.229
0.375
-2.516
-4.038
-1.062
-0.609
-3.082
-3.963
-1.635
-4.103
-2.253
-0.575
-2.326
-1.307
-3.537
-2.985
0.83
-2.941
-0.775
-0.581
-5.01
-2.619
-2.297
-6.028
-2.066
-3.406
-2.429
-3.966
-4.44
-0.852
0.121
-1.638
-2.028
-1.876
-2.458
-2.277
-1.977
0.227
-0.413
-0.334
0.229
-2.169
-4.527
-2.23
-2.41
-4.606
-1.379
-0.499
-0.17
-0.636
-4.005
1.515
-3.368
-0.13
-3.027
-2.705
1.278
0.203
-4.685
-3.559
-2.919
-5.718
-4.536
-4.758
-0.204
-4.556
-2.585
-2.798
-3.423
-1.929
-2.785
-4.202
-0.785
-2.138
-1.213
-5.014
-0.987
-3.194
-2.543
-2.993
-3.009
-0.759
-3.65
-3.191
-1.57
-2.504
-4.004
-3.627
-2.958
-3.11
-3.657
-3.058
-0.841
-1.392
-3.222
-2.04
-3.028
-5.534
-3.308
-2.426
-4.129
-5.065
-2.446
-5.388
-4.262
-2.783
1.348
-3.114
-1.063
-1.556
-0.514
-0.724
-3.04
-1.847
-2.029
-0.107
-0.626
-4.069
-2.123
-2.983
-2.207
-4.096
-1.639
-1.929
-4.615
-1.782
-5.203
-2.005
-1.798
-3.257
-3.01
-3.823
-1.843
-4.406
-3.542
-1.788
-1.959
-1.719
-1.15
-3.965
-1.121
-1.05
-1.543
-1.165
-3.306
0.41
-3.613
-2.722
-0.667
-1.344
-2.005
-1.382
-5.982
-3.616
-4.781
-4.67
-2.551
-0.98
0.254
0.812
-1.041
-4.053
3.45
-3.283
-1.036
-4.055
-0.148
-2.835
-7.174
-1.557
-3.062
-4.493
-4.266
-4.815
-6.411
-4.046
-1.751
-4.122
-2.147
-1.46
-0.265
-1.716
-1.862
-2.521
-2.005
-2.264
-0.405
-4.451
-4.576
-2.921
-0.4
-1.98
-4.455
-0.42
-1.027
-3.499
-2.531
-3.016
-2.192
-1.539
-1.608
-2.442
-2.634
-1.912
-1.893
-3.934
-0.015
-1.217
0.078
3.999
0.089
-2.341
-2.465
-0.79
0.709
0.247
-2.324
-1.448
-2.589
-4.685
-3.563
-2.566
-2.043
-1.523
1.278
-1.815
-1.69
-4.295
-3.13
-3.01
-3.506
-0.119
-3.605
-3.757
-1.907
-7.874
-4.982
-1.826
-3.58
-7.803
-2.645
-5.943
-6.561
1.924
-4.749
-3.196
0.81
-0.259
-3.051
-4.005
1.132
-0.987
-3.202
-3.788
-1.546
-4.345
-0.489
-0.253
-2.172
-4.117
-2.779
-2.272
-1.51
-4.936
-2.009
-4.937
-0.46
-2.446
2.414
-2.017
-0.871
-1.617
-2.374
-2.786
-2.762
-5.472
-1.106
-4.75
-0.127
-4.681
-4.806
-4.331
-3.889
-0.329
-2.994
-3.591
-2.769
-1.611
-2.973
-2.958
-3.119
-4.853
-2.694
-4.211
-2.274
-4.996
-0.622
-0.762
-1.81
-3.194
-3.888
-3.391
-5.724
-5.878
-4.499
-3.304
-1.678
-5.356
-3.629
-4.904
-3.201
-1.351
-5.243
0.101
-4.543
-2.355
-1.63
-4.327
-3.48
-6.032
-4.548
-4.36
-5.322
-4.968
-3.616
-6.951
-0.595
-1.212
-0.615
-2.6
0.021
0.308
-1.58
-1.562
-2.617
2.001
-4.789
-2.31
-1.092
-2.941
-1.588
-1.048
0.414
-1.199
-2.446
-4.496
-4.461
-3.871
-2.312
-5.153
-3.996
-3.658
-3.941
-2.585
-6.515
-4.506
-2.014
-2.484
-2.939
-4.058
-3.026
-0.925
-5.687
-4.423
-3.794
-5.784
-3.253
-6.268
-2.516
-1.806
-3.877
-2.129
-1.974
-4.44
-3.019
-3.785
-0.572
-0.827
-6.294
-3.751
-3.642
-3.151
-5.856
-3.227
-2.977
-4.437
-5.38
-5.725
-5.753
-4.834
-3.816
-3.124
-2.803
-4.092
-4.65
-6.075
-4.385
-3.228
-4.413
-5.618
-1.514
-2.326
-6.051
-3.843
-6.052
-5.497
-4.324
-5.423
-7.12
-5.091
-2.815
-3.733
-3.166
-2.579
-1.933
-2.575
-0.181
-4.372
-4.882
-0.415
-1.891
-3.041
-3.467
-0.367
-1.386
-3.468
