-626.121
-573.068
-620.947
-577.513
-599.277
-658.118
-552.921
-631.152
-549.103
-410.284
-497.798
-515.159
-545.374
-573.465
-565.11
-544.265
-535.011
-597.419
-533.501
-607.062
-546.921
-549.697
-551.527
-536.065
-559.926
-491.116
-526.523
-566.356
-520.602
-492.909
-490.764
-452.392
-492.801
-557.82
-443.529
-499.631
-499.727
-496.052
-506.052
-528.673
-428.652
-500.825
-583.234
-525.441
-515.603
-481.761
-451.337
-521.174
-528.536
-521.715
-551.597
-433.889
-488.923
-474.558
-508.473
-511.339
-502.904
-510.607
-515.403
-437.958
-451.893
-506.447
-515.055
-536.598
-515.285
-490.748
-523.066
-473.188
-475.505
-459.012
-443.461
-545.096
-542.018
-512.997
-552.912
-492.806
-575.503
-544.903
-601.35
-629.193
-600.159
-520.821
-627.671
-583.368
-569.154
-588.452
-549.915
-600.135
-525.958
-529.573
-543.402
-573.319
-521.516
-539.387
-518.47
-538.68
-570.542
-567.177
-565.32
-525.26
-569.612
-628.754
-656.251
-621.231
-646.981
-602.146
-667.717
-627.444
-608.434
-621.027
-602.716
-632.6
-573.31
-589.463
-657.428
-660.959
-620.574
-644.628
-557.398
-596.292
-551.093
-596.961
-560.108
-592.528
-571.937
-586.138
-593.264
-591.904
-571.523
-585.212
-557.6
-569.25
-601.15
-560.444
-623.033
-559.713
-517.781
-616.006
-601.421
-632.1
-608.601
-552.994
-649.44
-613.435
-533.44
-602.036
-572.78
-599.887
-565.485
-612.008
-571.181
-580.376
-573.713
-546.31
-554.391
-632.841
-627.446
-589.803
-580.434
-593.707
-613.213
-586.396
-574.92
-592.243
-619.897
-575.517
-569.578
-577.528
-614.433
-629.923
-566.365
-557.72
-574.961
-622.022
-564.077
-609.264
-522.453
-554.464
-549.546
-549.91
-600.06
-599.254
-580.188
-561.565
-542.889
-575.787
-565.918
-590.299
-592.007
-567.282
-526.435
-601.407
-586.627
-632.6
-621.301
-605.095
-582.639
-613.683
-660.003
-576.019
-567.758
-498.648
-593.436
-529.554
-533.483
-541.0
-514.424
-488.294
-499.803
-494.394
-506.447
-497.271
-479.831
-478.416
-508.722
-503.076
-538.798
-459.22
-493.531
-469.313
-489.548
-461.718
-431.074
-449.006
-500.135
-465.663
-514.726
-535.442
-504.212
-541.622
-536.525
-495.124
-493.879
-478.224
-498.408
-462.997
-518.636
-509.965
-563.049
-559.544
-558.576
-518.084
-477.525
-512.147
-441.936
-492.059
-458.108
-527.731
-494.865
-524.369
-484.43
-493.947
-525.87
-501.092
-541.729
-540.617
-534.148
-505.374
-524.902
-545.509
-506.361
-507.559
-528.501
-484.066
-440.952
-471.732
-428.376
-432.701
-451.565
-427.935
-440.148
-472.625
-479.865
-373.085
-354.481
-433.046
-435.78
-416.785
-401.633
-448.555
-473.556
-436.112
-461.506
-452.149
-489.101
-501.852
-479.894
-477.014
-442.575
-447.972
-433.566
-452.109
-511.904
-487.571
-477.701
-413.29
-502.738
-533.899
-500.385
-460.488
-449.358
-490.521
-457.233
-436.705
-475.385
-486.813
-467.312
-421.245
-524.07
-505.665
-476.143
-486.034
-508.882
-500.215
-523.583
-479.826
-512.494
-522.134
-465.433
-465.193
-445.035
-449.496
-540.961
-632.738
-667.346
-521.432
-574.465
-581.416
-522.543
-584.448
-630.485
-629.722
-558.203
-558.768
-595.681
-566.443
-536.186
-577.284
-583.928
-570.94
-570.803
-606.779
-543.099
-480.219
-489.706
-460.384
-478.936
-504.741
-537.732
-542.975
-494.474
-525.37
-497.54
-505.715
-512.456
-466.92
-451.22
-481.124
-470.562
-470.033
-524.813
-489.198
-481.797
-454.993
-515.782
-542.719
-605.668
-533.693
-546.038
-541.097
-569.624
-509.791
-499.563
-514.723
-541.694
-534.144
-490.721
-536.723
-444.707
-461.661
-469.01
-436.753
-463.2
-474.273
-460.201
-462.705
-417.176
-397.65
-444.301
-413.372
-434.391
-431.655
-414.04
-419.796
-416.909
-378.535
-462.337
-442.587
-404.736
-444.722
-434.659
-451.707
-510.399
-530.675
-553.152
-531.515
-514.857
-456.523
-514.899
-509.839
-521.598
-522.806
-525.659
-510.233
-514.486
-452.203
-495.661
-486.16
-498.033
-448.34
-506.276
-494.142
-489.193
-479.446
-426.42
-454.303
-481.185
-498.874
-505.937
-517.945
-468.119
-478.25
-496.282
-499.004
-505.757
-453.726
-519.699
-505.655
-533.29
-567.509
-530.157
-545.9
-601.736
-581.259
-531.228
-614.689
-590.356
-626.804
-670.163
-627.711
-660.865
-556.848
-536.623
-592.26
-538.431
-520.442
-597.047
-605.489
-613.421
-607.559
-578.701
-615.234
-621.612
-693.96
-564.912
-481.544
-512.2
-493.209
-589.285
-548.729
-574.706
-544.811
-583.848
-557.491
-478.752
-567.989
-482.08
-488.54
-504.131
-518.424
-504.077
-500.418
-489.142
-502.286
-448.594
-449.441
-428.315
-478.189
-482.472
-489.26
-456.936
-496.435
-474.308
-538.478
-537.449
-492.781
-513.888
-507.952
-549.565
-560.234
-534.912
