-670.703
-633.467
-675.675
-689.033
-638.674
-695.601
-639.543
-671.172
-594.673
-524.618
-589.284
-605.046
-636.327
-652.138
-657.771
-617.291
-652.764
-671.235
-676.072
-680.601
-630.501
-679.799
-631.436
-666.932
-693.592
-654.261
-639.999
-642.347
-596.872
-584.707
-625.616
-615.143
-624.747
-672.865
-595.07
-569.033
-600.357
-639.081
-561.094
-614.463
-543.507
-559.206
-629.526
-651.625
-594.997
-602.864
-586.739
-617.636
-595.965
-579.507
-616.778
-604.931
-621.286
-611.879
-598.121
-615.813
-617.972
-615.602
-603.825
-599.207
-562.476
-583.402
-616.62
-584.432
-616.14
-616.603
-616.314
-561.451
-614.578
-596.455
-558.795
-610.773
-626.098
-585.578
-640.734
-586.847
-637.994
-593.95
-666.694
-638.636
-618.536
-606.839
-626.906
-657.52
-617.709
-599.505
-600.032
-641.029
-583.626
-599.273
-643.283
-631.404
-618.323
-644.375
-625.465
-642.493
-656.133
-665.069
-640.453
-588.66
-688.57
-681.378
-705.244
-632.941
-696.043
-679.566
-693.432
-664.549
-641.658
-718.502
-652.655
-731.957
-658.918
-696.265
-684.858
-686.917
-705.398
-705.397
-638.952
-668.301
-607.881
-654.431
-648.342
-655.022
-643.491
-628.161
-613.342
-663.257
-633.044
-664.032
-626.234
-626.47
-642.641
-645.428
-636.645
-656.55
-614.908
-637.562
-632.838
-671.282
-628.16
-627.162
-690.634
-677.593
-613.32
-666.819
-619.221
-637.1
-652.02
-693.447
-669.715
-667.369
-626.955
-666.232
-686.141
-697.094
-711.618
-677.262
-676.477
-659.356
-655.237
-635.408
-660.629
-671.451
-654.677
-656.286
-671.853
-654.796
-677.784
-693.992
-615.802
-598.384
-647.865
-674.751
-634.291
-677.959
-633.847
-641.117
-621.451
-671.456
-636.077
-628.869
-632.833
-597.969
-610.167
-636.344
-590.398
-610.97
-635.863
-634.162
-619.763
-673.261
-679.877
-686.554
-660.376
-666.4
-636.335
-703.803
-683.174
-653.337
-635.746
-612.288
-614.576
-636.589
-619.48
-619.679
-631.885
-596.307
-632.449
-601.707
-587.368
-575.353
-592.521
-569.692
-617.198
-641.571
-643.642
-579.308
-561.537
-591.242
-598.189
-595.635
-584.209
-566.174
-593.068
-613.568
-604.781
-618.99
-593.375
-618.348
-642.147
-597.61
-613.181
-566.319
-605.583
-585.438
-586.454
-604.329
-617.147
-623.468
-646.177
-603.438
-591.194
-562.63
-543.779
-576.594
-603.973
-629.089
-600.261
-584.066
-571.71
-568.784
-576.768
-550.035
-627.184
-603.487
-595.549
-604.052
-599.978
-604.225
-632.251
-591.041
-646.895
-613.703
-579.989
-611.539
-578.263
-574.299
-585.865
-563.23
-573.431
-612.145
-602.979
-495.068
-478.507
-535.658
-565.971
-554.234
-528.394
-555.188
-563.548
-556.233
-593.165
-532.864
-569.416
-620.052
-548.98
-597.35
-578.103
-600.517
-591.834
-572.118
-604.651
-601.626
-574.81
-527.998
-598.082
-597.104
-585.262
-616.326
-573.909
-609.067
-534.505
-558.454
-611.882
-575.763
-574.023
-553.649
-591.314
-607.638
-605.447
-594.477
-611.818
-624.642
-603.248
-601.614
-596.593
-621.791
-574.031
-567.221
-589.649
-559.026
-607.565
-662.077
-697.952
-617.42
-663.22
-626.921
-559.959
-631.794
-676.893
-654.177
-650.508
-598.039
-653.724
-649.153
-666.918
-625.466
-595.658
-625.09
-647.326
-704.021
-637.603
-595.534
-584.21
-577.003
-560.861
-627.292
-650.757
-582.103
-557.007
-639.754
-607.916
-611.174
-640.971
-584.547
-572.404
-577.951
-577.703
-592.22
-616.392
-629.634
-599.464
-581.608
-597.408
-641.368
-662.516
-630.563
-626.102
-626.075
-644.505
-598.194
-590.952
-632.599
-609.002
-543.583
-604.117
-613.186
-537.846
-572.753
-585.674
-589.404
-585.529
-587.359
-547.326
-570.382
-553.404
-526.265
-583.917
-519.952
-512.727
-546.286
-517.697
-543.834
-562.256
-511.735
-578.079
-556.79
-538.944
-538.909
-567.245
-578.603
-564.029
-578.156
-579.62
-634.109
-604.927
-563.696
-613.594
-625.413
-623.439
-612.249
-587.576
-567.082
-611.303
-579.638
-553.452
-572.415
-593.999
-555.325
-582.239
-589.032
-590.097
-584.062
-569.704
-564.892
-598.681
-570.548
-569.83
-581.312
-563.303
-570.722
-579.829
-589.643
-639.607
-598.826
-599.559
-608.654
-622.494
-650.909
-604.936
-647.978
-644.449
-644.793
-593.335
-644.825
-681.979
-654.609
-668.486
-643.08
-703.351
-644.162
-618.049
-662.743
-625.812
-637.814
-657.333
-631.959
-648.783
-704.63
-627.751
-690.224
-634.351
-720.538
-648.956
-578.325
-581.232
-590.599
-673.501
-615.181
-640.54
-648.951
-669.992
-668.087
-597.399
-634.402
-584.075
-626.814
-603.772
-608.213
-624.037
-582.402
-559.851
-590.728
-569.168
-552.279
-543.595
-566.036
-555.552
-571.81
-573.896
-590.182
-556.155
-619.721
-589.596
-566.789
-615.37
-553.691
-586.803
-594.448
-602.0
