-17.845
-22.905
-22.05
-20.451
-22.407
-25.223
-22.537
-20.417
-24.381
-20.975
-22.186
-22.188
-17.969
-23.475
-27.822
-22.878
-25.453
-27.25
-26.142
-25.453
-22.323
-24.28
-23.756
-25.007
-20.592
-23.63
-23.805
-25.118
-17.631
-22.425
-22.056
-22.989
-26.084
-23.873
-21.088
-27.106
-21.41
-22.919
-16.931
-27.133
-24.992
-22.562
-19.459
-24.706
-21.362
-19.779
-22.317
-20.407
-15.947
-20.982
-18.442
-19.3
-22.285
-21.198
-25.785
-19.503
-21.475
-12.156
-21.238
-24.667
-23.758
-27.043
-22.25
-23.967
-22.965
-22.74
-20.209
-17.656
-19.738
-22.912
-17.155
-23.361
-25.529
-23.986
-21.782
-18.889
-22.623
-25.759
-21.118
-26.529
-25.522
-25.579
-23.54
-26.186
-23.202
-17.659
-23.469
-24.076
-24.495
-18.471
-21.174
-27.984
-26.046
-22.395
-22.6
-22.699
-25.917
-24.527
-23.056
-20.991
-24.496
-25.262
-19.011
-22.568
-23.806
-18.003
-22.354
-24.031
-26.446
-24.083
-18.87
-21.675
-22.7
-18.947
-24.86
-26.988
-20.785
-26.872
-24.722
-23.334
-20.453
-26.14
-26.646
-20.974
-33.177
-21.474
-28.795
-23.739
-27.453
-26.297
-20.129
-23.847
-28.487
-22.804
-23.234
-24.017
-24.243
-25.701
-23.99
-25.623
-23.96
-20.135
-19.079
-19.654
-21.889
-24.852
-18.262
-25.424
-23.048
-22.708
-24.416
-25.611
-23.222
-25.978
-22.23
-21.015
-20.476
-23.887
-23.392
-25.524
-21.825
-24.204
-23.154
-25.117
-14.214
-25.189
-21.781
-23.181
-23.137
-23.022
-21.776
-25.269
-21.596
-25.593
-19.711
-19.816
-25.637
-22.488
-22.755
-23.364
-24.608
-17.88
-20.865
-22.487
-22.171
-23.152
-21.748
-21.684
-18.903
-22.507
-22.31
-21.278
-20.992
-19.256
-26.046
-20.097
-23.129
-24.15
-24.648
-23.946
-19.731
-18.215
-25.795
-19.809
-24.224
-20.105
-24.812
-23.319
-21.345
-19.149
-22.039
-19.951
-24.273
-19.212
-22.894
-22.121
-20.734
-21.958
-21.347
-21.465
-19.757
-21.74
-18.815
-9.956
-18.717
-17.09
-27.093
-19.881
-22.384
-22.1
-17.883
-23.158
-16.1
-24.914
-18.302
-25.055
-26.559
-22.336
-20.356
-20.748
-22.534
-25.368
-18.698
-13.306
-18.559
-21.98
-16.643
-20.229
-23.537
-19.269
-22.202
-21.257
-21.449
-22.511
-21.488
-18.99
-19.776
-20.691
-20.537
-15.862
-20.801
-19.551
-22.821
-16.898
-18.048
-21.163
-20.76
-19.877
-19.56
-23.211
-18.926
-20.178
-25.452
-22.78
-17.84
-21.228
-21.31
-17.002
-18.27
-17.344
-23.768
-21.198
-21.458
-28.129
-23.392
-28.698
-19.173
-21.126
-22.872
-24.63
-20.185
-21.741
-16.369
-20.1
-18.138
-20.554
-21.302
-24.39
-24.42
-24.869
-21.803
-19.96
-20.836
-20.846
-26.241
-18.475
-19.24
-21.632
-16.975
-19.839
-23.845
-24.865
-18.404
-21.409
-22.841
-24.091
-21.334
-20.131
-16.825
-19.666
-20.959
-24.941
-28.859
-24.603
-21.672
-25.94
-21.966
-25.671
-25.504
-25.251
-24.013
-21.583
-15.958
-27.559
-22.399
-16.937
-27.191
-23.35
-24.164
-21.809
-23.146
-14.96
20.216
-24.608
-23.003
-20.227
-21.641
-20.24
-27.456
-24.437
-17.381
-23.307
-22.192
-23.212
-16.38
-20.602
-18.423
-23.046
-21.802
-21.961
-23.893
-15.678
-25.424
-22.693
-25.782
-23.696
-30.101
-22.434
-20.718
-20.931
-26.008
-23.854
-23.519
-23.56
-24.106
-21.978
-19.576
-19.997
-19.334
-22.564
-26.994
-19.773
-19.407
-14.986
-22.581
-18.086
-21.012
-19.171
-19.161
-17.292
-20.886
-21.84
-19.002
-20.283
-20.79
-19.487
-23.444
-21.953
-23.105
-21.86
-19.351
-20.634
-27.874
-20.43
-24.054
-23.788
-21.453
-18.306
-22.577
-22.062
-20.967
-23.969
-19.617
-27.489
-23.671
-20.267
-18.567
-25.154
-19.757
-20.418
-18.956
-17.284
-18.478
-20.093
-17.249
-20.022
-18.187
-16.32
-19.394
-20.417
-19.659
-19.762
-19.351
-23.724
-19.509
-9.822
-16.758
-15.484
-15.629
-17.748
-21.678
-17.997
-18.614
-19.558
-18.974
-23.372
-24.134
-21.574
-14.672
-17.119
-19.479
-21.814
-17.335
-15.024
-22.646
-22.063
-20.833
-17.022
-20.397
-20.765
-20.233
-17.824
-28.819
-24.003
-15.015
-19.124
-19.389
-19.923
-22.455
-18.135
-18.657
-20.184
-22.556
-20.274
-19.377
-19.706
-17.254
-21.931
-20.692
-22.745
-26.87
-18.303
-19.951
-25.701
-23.916
-17.275
-20.248
-21.361
-21.813
-17.596
-22.521
-19.827
-22.015
-16.314
-22.63
-23.505
-22.444
-17.451
-22.939
-22.152
-13.155
