-1.906
-1.811
-2.052
-1.908
-1.876
-2.245
-1.976
-1.74
-1.799
-1.506
-2.232
-2.737
-1.393
-2.179
-2.079
-1.984
-1.863
-2.378
-1.777
-1.795
-1.477
-1.91
-2.178
-2.128
-2.145
-2.243
-1.724
-2.062
-1.761
-1.523
-1.761
-2.078
-2.223
-2.403
-1.839
-1.718
-1.313
-1.828
-1.883
-1.683
-2.376
-1.925
-1.795
-1.497
-1.787
-1.158
-1.705
-1.837
-2.093
-1.828
-1.624
-2.253
-1.158
-1.072
-1.193
-1.866
-1.612
-1.846
-1.279
-1.729
-1.603
-2.318
-2.408
-1.459
-1.831
-1.329
-1.565
-1.834
-1.406
-1.842
-1.896
-1.247
-1.878
-2.167
-1.766
-1.06
-1.431
-1.729
-1.945
-1.778
-2.181
-1.591
-2.237
-1.685
-1.779
-1.898
-1.358
-1.437
-1.573
-2.414
-1.53
-2.265
-2.713
-2.729
-1.794
-1.526
-1.838
-2.001
-2.318
-2.508
-2.669
-2.134
-2.312
-3.39
-2.615
-2.021
-1.959
-1.895
-2.207
-2.341
-2.771
-2.234
-2.419
-1.759
-2.532
-2.33
-2.019
-1.834
-2.137
-2.336
-1.705
-1.723
-2.863
-2.93
-2.187
-2.637
-2.056
-2.568
-2.874
-2.107
-2.373
-2.806
-2.543
-2.747
-2.564
-2.359
-1.645
-2.451
-2.527
-2.039
-2.245
-2.83
-2.83
-2.665
-2.863
-2.919
-2.476
-3.04
-2.892
-2.695
-3.295
-2.762
-2.559
-3.25
-2.033
-2.923
-2.095
-2.442
-2.355
-2.567
-2.639
-2.44
-2.593
-2.297
-2.01
-2.676
-2.542
-2.729
-2.713
-2.167
-1.869
-2.287
-2.416
-2.422
-1.783
-2.274
-2.306
-1.932
-1.993
-2.113
-2.042
-1.884
-2.368
-1.65
-1.544
-2.263
-1.863
-1.869
-2.193
-2.242
-2.127
-1.855
-1.573
-1.026
-2.071
-2.232
-2.141
-2.888
-2.358
-2.049
-2.531
-1.821
-2.406
-2.193
-2.356
-2.293
-1.681
-2.185
-2.206
-1.854
-1.99
-1.515
-2.574
-2.065
-1.956
-1.935
-2.196
-1.595
-2.087
-2.176
-1.52
-1.808
-2.074
-2.264
-1.843
-1.812
-2.016
-2.111
-2.395
-1.915
-1.73
-2.4
-1.828
-2.48
-2.226
-2.275
-2.131
-2.279
-2.421
-2.732
-2.398
-2.31
-2.213
-1.955
-2.218
-1.718
-1.924
-1.357
-1.81
-1.887
-2.419
-2.09
-2.264
-1.756
-2.009
-2.22
-1.881
-2.387
-1.796
-2.424
-2.609
-1.424
-2.104
-2.062
-1.389
-1.957
-2.148
-2.238
-1.736
-2.22
-1.711
-1.711
-2.348
-2.22
-2.066
-2.077
-2.098
-1.282
-1.678
-1.471
-2.96
-2.732
-2.622
-1.72
-2.137
-2.372
-2.395
-1.896
-1.732
-2.531
-2.592
-2.167
-2.075
-1.595
-2.094
-1.683
-1.66
-1.334
-1.995
-1.783
-1.563
-2.145
-1.895
-1.996
-1.747
-2.198
-1.671
-1.975
-1.919
-2.092
-1.82
-1.979
-1.423
-1.766
-1.727
-1.484
-1.525
-1.75
-1.94
-1.858
-1.629
-2.214
-2.232
-1.427
-1.532
-1.328
-1.56
-2.38
-2.65
-1.864
-2.52
-2.358
-1.901
-2.189
-1.999
-2.603
-1.834
-2.791
-2.436
-2.422
-2.577
-2.114
-2.27
-2.031
-1.716
-1.674
-2.291
-2.581
-1.938
-2.151
-2.105
-2.072
-1.724
-1.71
-2.198
-1.287
-2.224
-2.011
-2.753
-2.234
-2.274
-1.863
-2.335
-2.228
-2.162
-2.18
-2.236
-1.48
-1.75
-1.715
-2.164
-1.705
-1.64
-1.559
-1.822
-1.478
-1.466
-1.544
-1.594
-1.678
-2.078
-2.15
-1.786
-1.216
-1.939
-1.527
-1.984
-1.975
-2.342
-1.212
-2.101
-1.754
-1.922
-2.02
-2.629
-2.156
-2.152
-1.704
-1.783
-2.131
-1.996
-2.321
-1.835
-1.944
-2.459
-1.907
-1.868
-2.049
-2.267
-2.482
-1.377
-2.508
-2.018
-2.528
-2.133
-1.863
-1.306
-1.588
-1.852
-2.231
-1.591
-1.078
-1.637
-2.494
-2.251
-1.866
-1.525
-1.916
-1.982
-2.173
-2.057
-2.174
-2.402
-2.38
-2.186
-1.349
-1.812
-1.812
-1.483
-1.767
-2.09
-2.023
-2.086
-1.992
-2.085
-1.546
-2.229
-2.244
-2.076
-2.148
-1.937
-1.37
-1.995
-2.04
-1.646
-1.993
-1.223
-2.162
-1.737
-1.803
-1.546
-2.697
-1.886
-2.476
-2.385
-1.659
-2.253
-2.26
-2.091
-1.892
-1.956
-2.052
-2.391
-1.807
-2.295
-2.399
-1.607
-2.31
-2.053
-2.104
-2.19
-2.457
-1.554
-2.088
-2.39
-2.299
-2.233
-2.439
-1.867
-1.882
-2.085
-2.504
-2.585
-2.322
-2.404
-2.352
-2.432
-1.121
-2.207
-2.358
-2.107
