-0.439
-0.333
-0.402
-0.348
-0.286
-0.381
-0.406
-0.325
-0.413
-0.269
-0.396
-0.367
-0.404
-0.305
-0.342
-0.371
-0.256
-0.334
-0.26
-0.313
-0.358
-0.217
-0.408
-0.283
-0.226
-0.342
-0.235
-0.181
-0.306
-0.301
-0.388
-0.246
-0.5
-0.496
-0.335
-0.444
-0.331
-0.346
-0.398
-0.334
-0.222
-0.423
-0.391
-0.39
-0.391
-0.349
-0.383
-0.391
-0.362
-0.349
-0.265
-0.397
-0.218
-0.214
-0.336
-0.363
-0.398
-0.362
-0.315
-0.276
-0.322
-0.367
-0.266
-0.326
-0.275
-0.221
-0.362
-0.343
-0.365
-0.286
-0.261
-0.167
-0.263
-0.283
-0.31
-0.251
-0.276
-0.299
-0.259
-0.302
-0.305
-0.253
-0.316
-0.227
-0.398
-0.333
-0.4
-0.398
-0.415
-0.352
-0.351
-0.39
-0.375
-0.337
-0.46
-0.232
-0.324
-0.339
-0.35
-0.343
-0.388
-0.383
-0.376
-0.466
-0.419
-0.411
-0.384
-0.369
-0.426
-0.363
-0.344
-0.481
-0.239
-0.451
-0.394
-0.439
-0.29
-0.39
-0.418
-0.431
-0.419
-0.43
-0.426
-0.311
-0.417
-0.482
-0.377
-0.393
-0.512
-0.427
-0.484
-0.32
-0.399
-0.392
-0.457
-0.445
-0.434
-0.454
-0.318
-0.343
-0.381
-0.392
-0.349
-0.424
-0.413
-0.47
-0.401
-0.398
-0.411
-0.39
-0.313
-0.369
-0.405
-0.305
-0.43
-0.406
-0.347
-0.407
-0.29
-0.233
-0.375
-0.32
-0.269
-0.28
-0.315
-0.367
-0.406
-0.399
-0.188
-0.378
-0.307
-0.261
-0.186
-0.302
-0.239
-0.355
-0.312
-0.347
-0.365
-0.387
-0.452
-0.316
-0.35
-0.341
-0.351
-0.473
-0.34
-0.375
-0.34
-0.369
-0.363
-0.373
-0.345
-0.294
-0.505
-0.297
-0.338
-0.399
-0.376
-0.319
-0.317
-0.415
-0.402
-0.383
-0.431
-0.454
-0.255
-0.302
-0.415
-0.327
-0.305
-0.37
-0.365
-0.415
-0.342
-0.363
-0.358
-0.332
-0.349
-0.307
-0.138
-0.324
-0.257
-0.382
-0.273
-0.288
-0.312
-0.374
-0.232
-0.342
-0.387
-0.331
-0.37
-0.332
-0.302
-0.282
-0.257
-0.449
-0.378
-0.311
-0.252
-0.359
-0.29
-0.451
-0.314
-0.37
-0.336
-0.296
-0.256
-0.317
-0.273
-0.29
-0.418
-0.353
-0.416
-0.332
-0.355
-0.364
-0.444
-0.391
-0.277
-0.316
-0.392
-0.36
-0.335
-0.397
-0.344
-0.233
-0.441
-0.284
-0.302
-0.301
-0.335
-0.34
-0.265
-0.349
-0.308
-0.268
-0.228
-0.249
-0.29
-0.286
-0.267
-0.285
-0.314
-0.353
-0.409
-0.344
-0.346
-0.381
-0.322
-0.238
-0.215
-0.271
-0.28
-0.222
-0.292
-0.322
-0.329
-0.268
-0.139
-0.15
-0.267
-0.255
-0.277
-0.394
-0.291
-0.324
-0.199
-0.307
-0.228
-0.371
-0.239
-0.157
-0.226
-0.258
-0.32
-0.317
-0.254
-0.275
-0.336
-0.286
-0.343
-0.447
-0.364
-0.336
-0.409
-0.354
-0.27
-0.366
-0.345
-0.348
-0.392
-0.298
-0.294
-0.413
-0.311
-0.408
-0.338
-0.309
-0.342
-0.366
-0.303
-0.23
-0.306
-0.315
-0.317
-0.289
-0.363
-0.352
-0.366
-0.295
-0.414
-0.327
-0.262
-0.308
-0.263
-0.323
-0.287
-0.404
-0.365
-0.319
-0.32
-0.297
-0.35
-0.402
-0.368
-0.307
-0.312
-0.299
-0.386
-0.298
-0.37
-0.334
-0.338
-0.404
-0.342
-0.419
-0.305
-0.333
-0.386
-0.288
-0.305
-0.406
-0.261
-0.331
-0.169
-0.246
-0.246
-0.27
-0.233
-0.243
-0.293
-0.306
-0.194
-0.266
-0.226
-0.355
-0.341
-0.337
-0.341
-0.371
-0.336
-0.397
-0.293
-0.301
-0.291
-0.207
-0.385
-0.312
-0.333
-0.358
-0.333
-0.343
-0.329
-0.325
-0.318
-0.268
-0.301
-0.212
-0.427
-0.344
-0.227
-0.289
-0.285
-0.286
-0.307
-0.338
-0.272
-0.196
-0.281
-0.164
-0.172
-0.221
-0.223
-0.221
-0.221
-0.228
-0.25
-0.242
-0.24
-0.283
-0.32
-0.344
-0.341
-0.226
-0.263
-0.292
-0.346
-0.275
-0.236
-0.378
-0.379
-0.284
-0.343
-0.355
-0.295
-0.398
-0.356
-0.36
-0.366
-0.35
-0.301
-0.369
-0.32
-0.34
-0.299
-0.374
-0.388
-0.292
-0.356
-0.35
-0.519
-0.401
-0.375
-0.371
-0.266
-0.352
-0.339
-0.291
-0.352
-0.265
-0.251
-0.311
-0.342
-0.191
-0.21
-0.326
-0.377
-0.338
-0.332
-0.337
-0.339
-0.307
-0.242
-0.411
-0.265
-0.407
-0.354
-0.282
-0.383
