-23.13
-20.767
-20.105
-21.861
-16.228
-21.889
-16.661
-24.181
-27.045
-23.409
-22.817
-19.451
-24.21
-21.495
-24.481
-15.38
-26.218
-25.316
-20.629
-17.822
-19.332
-21.043
-21.558
-21.631
-22.727
-22.369
-20.539
-19.061
-24.981
-20.842
-22.923
-19.962
-21.594
-17.833
-15.465
-18.013
-18.933
-15.368
-17.543
-20.051
-20.776
-22.754
-20.659
-21.01
-22.148
-27.376
-19.064
-14.651
-21.102
-23.357
-18.713
-25.313
-23.995
-23.596
-21.84
-22.423
-21.502
-21.188
-19.647
-21.594
-22.779
-19.357
-22.389
-23.769
-16.993
-20.596
-21.164
-17.106
-23.203
-20.175
-18.0
-19.833
-20.807
-18.201
-23.135
-19.997
-13.787
-16.513
-12.348
-18.286
-18.996
-22.611
-15.315
-11.764
-18.604
-18.467
-16.505
-17.961
-17.995
-17.034
-11.356
-14.783
-16.689
-20.172
-21.087
-23.749
-25.455
-21.164
-21.14
-25.543
-25.777
-23.92
-25.082
-17.852
-16.704
-23.872
-21.69
-20.86
-20.891
-26.412
-14.429
-21.085
-23.439
-21.664
-19.667
-23.846
-20.809
-20.907
-16.702
-22.349
-19.267
-21.974
-23.593
-20.638
-21.003
-17.417
-18.882
-14.28
-16.985
-22.89
-19.901
-22.396
-23.185
-20.396
-18.905
-16.849
-19.793
-22.515
-22.06
-11.951
-23.017
-22.928
-17.053
-21.739
-20.759
-20.715
-20.537
-20.428
-19.544
-18.341
-24.399
-21.412
-19.325
-17.352
-12.191
-23.131
-19.888
-19.68
-11.697
-17.24
-18.246
-13.834
-21.748
-21.543
-17.695
-21.15
-15.973
-18.297
-15.428
-16.934
-16.211
-16.856
-18.233
-13.986
-17.43
-19.703
-20.045
-16.445
-19.582
-14.711
-19.149
-17.145
-15.159
-20.528
-16.158
-20.922
-19.102
-21.401
-16.56
-18.083
-22.613
-19.252
-15.965
-18.055
-17.067
-14.528
-18.982
-14.194
-18.126
-16.068
-16.757
-10.402
-16.256
-13.976
-12.867
-16.016
-17.379
-15.423
-15.34
-22.514
-13.903
-17.146
-18.146
-20.565
-17.145
-15.941
-15.427
-17.345
-15.507
-17.442
-18.241
-13.916
-15.851
-14.329
-16.346
-20.535
-13.679
-17.797
-22.117
-11.142
-16.601
-18.801
-16.84
-20.878
-20.695
-20.453
-18.278
-15.35
-17.18
-16.908
-16.071
-15.944
-17.771
-14.47
-15.108
-10.655
-15.68
-17.054
-10.786
-22.561
-14.328
-13.99
-15.79
-14.909
-13.708
-15.773
-18.721
-13.564
-18.948
-16.78
-14.869
-12.632
-14.653
-21.858
-9.123
-17.134
-16.083
-15.699
-16.212
-11.956
-15.894
-19.066
-14.417
-18.065
-14.818
-16.571
-18.604
-16.221
-16.661
-15.388
-15.714
-12.05
-17.367
-12.829
-15.077
-13.462
-17.558
-17.777
-14.163
-17.349
-19.537
-17.344
-15.156
-16.359
-17.539
-19.903
-20.263
-11.891
-17.678
-16.223
-12.418
-15.285
-17.856
-17.776
-18.437
-17.597
-17.154
-14.874
-17.567
-19.139
-16.1
-18.543
-17.661
-19.409
-19.72
-15.819
-20.524
-18.876
-17.901
-17.422
-16.084
-16.23
-18.102
-16.837
-17.349
-14.744
-19.544
-17.004
-17.803
-12.108
-14.564
-16.888
-13.724
-17.449
-14.609
-15.669
-16.8
-18.381
-10.366
-17.376
-17.567
-20.442
-17.077
-16.008
-15.297
-19.214
-16.25
-19.338
-14.693
-18.977
-19.394
-13.731
-18.058
-17.88
-21.108
-12.478
-19.724
-15.787
-17.484
-21.06
-12.133
-17.453
-15.372
-9.666
-19.971
-23.732
-13.85
-17.874
-16.955
-14.913
-20.174
-19.903
-19.103
-19.945
-16.27
-16.943
-14.559
-16.013
-16.406
-10.458
-7.901
-19.169
-15.403
-21.938
-18.768
-13.816
-15.83
-17.301
-10.899
-17.744
-14.273
-18.274
-16.633
-18.305
-19.744
-20.528
-18.0
-19.641
-19.248
-15.222
-14.089
-14.816
-16.325
-13.57
-12.464
-17.129
-22.009
-16.624
-18.05
-17.97
-6.035
-11.412
-15.257
-17.028
-13.63
-21.644
-18.855
-20.882
-22.811
-17.65
-17.912
-15.697
-19.997
-19.3
-17.111
-21.509
-22.925
-18.749
-21.274
-13.803
-18.49
-20.88
-10.847
-15.436
-15.888
-16.913
-19.29
-21.204
-15.198
-18.254
-17.363
-21.286
-16.546
-12.754
-19.006
-19.15
-15.711
-15.976
-15.214
-15.225
-18.642
-17.698
-19.237
3.726
-17.44
-14.427
-21.681
-15.121
-16.862
-14.614
-17.021
-18.071
-15.302
-15.049
-17.852
-10.439
-18.111
-14.749
-12.226
-19.481
-10.888
-17.502
-14.568
-13.788
-12.981
-17.951
-17.789
-12.722
-18.003
-15.876
-22.174
-18.575
-19.271
-17.783
-14.277
-10.214
-16.014
-15.146
-20.243
-17.803
-17.258
-13.325
-17.648
-14.316
-16.455
-17.024
-19.098
-20.898
-16.112
-16.749
-13.432
