-3.947
-4.311
-3.282
-3.178
-5.157
-2.107
-5.374
-4.49
-4.283
-1.046
-2.38
-4.415
-3.205
-4.494
-5.486
-6.191
-4.837
-2.076
-4.102
-5.284
-2.985
-3.958
-3.515
-4.381
-2.064
-4.937
-6.053
-5.042
-3.53
-0.495
-3.917
-6.54
-7.197
-3.554
-6.045
-5.006
-5.906
-5.298
-7.02
0.059
-5.64
-4.19
-3.38
-5.417
-3.996
-5.33
-3.527
-6.056
-0.454
-2.674
-6.176
-8.455
-8.182
-6.597
-5.733
-2.589
-2.332
-4.065
-5.458
-4.542
-5.423
-5.688
-8.219
-5.04
-5.986
-6.373
-8.086
-3.265
-4.382
-4.96
-4.809
-4.521
-5.094
-4.991
-6.49
-6.635
-4.641
-1.369
-5.016
-5.059
-1.965
-2.53
-5.139
-3.459
-4.302
-2.926
-2.135
-4.524
-3.981
-7.965
-5.876
-5.617
-5.922
-3.921
-6.991
-7.165
-7.422
-4.267
-7.992
-7.364
-6.877
-8.834
-4.964
-5.958
-3.739
-4.833
-7.68
-8.026
-6.879
-7.394
-7.95
-6.806
-6.395
-8.453
-6.289
-7.53
-5.729
-5.886
-8.795
-8.281
-7.504
-8.726
-8.014
-7.401
-9.11
-10.432
-8.336
-7.961
-7.241
-5.404
-5.982
-6.006
-9.329
-7.523
-8.93
-6.922
-3.321
-5.467
-2.855
-8.548
-3.667
-5.4
-7.745
-7.635
-7.488
-5.326
-6.228
-5.251
-2.86
-3.33
-4.057
-7.326
-5.215
-6.782
-6.364
-5.696
-7.325
-6.075
-8.354
-5.564
-5.435
-6.498
-3.141
-4.037
-7.315
-5.815
-8.12
-2.768
-6.031
-8.302
-4.023
-6.28
-7.112
-6.398
-6.157
-7.454
-7.252
-8.181
-10.405
-7.873
-7.842
-5.547
-5.872
-2.67
-8.232
-4.614
-4.526
-3.147
-5.527
-4.87
-3.923
-5.26
-5.02
-2.691
-5.934
-2.685
-4.205
-7.173
-7.399
-6.4
-8.628
-6.924
-2.01
-4.758
-6.168
-6.142
-7.175
-5.934
-5.031
-6.103
-6.741
-5.977
-4.087
-3.916
-4.944
-5.791
-5.069
-6.888
-5.81
-5.912
-6.469
-4.924
-5.841
-3.033
-4.489
-5.513
-7.7
-6.645
-5.994
-5.09
-5.057
-3.875
-5.733
-6.979
-6.834
-7.836
-5.239
-7.157
-5.267
-4.817
-4.626
-7.119
-4.267
-7.234
-5.36
-3.47
-4.34
-4.286
-4.659
-6.438
-5.413
-5.672
-3.918
-5.034
-6.37
-6.411
-5.741
-8.245
-6.44
-6.823
-6.135
-5.992
-5.233
-4.207
-5.52
-7.556
-6.085
-7.122
-8.302
-7.766
-2.876
-4.592
-7.198
-5.67
-7.554
-5.544
-7.98
-7.827
-7.644
-6.126
-5.48
-5.121
-5.115
-4.999
-4.011
-6.194
-5.344
-4.971
-4.733
-3.273
-4.45
-6.802
-4.921
-4.383
-6.537
-3.007
-1.5
-5.454
-6.953
-6.349
-5.472
-4.397
-3.041
-6.323
-7.063
-4.661
-4.003
-3.598
-6.312
-4.076
-5.702
-4.654
-3.441
-7.402
-7.215
-3.501
-2.707
-6.324
-2.51
-4.608
-4.673
-8.222
-7.992
-9.777
-8.878
-7.441
-7.15
-5.336
-9.896
-9.135
-8.738
-6.681
-5.38
-6.698
-4.488
-3.982
-7.372
-4.229
-4.562
-4.774
-7.376
-4.506
-8.906
-7.83
-7.025
-8.302
-8.579
-6.795
-6.909
-7.193
-6.466
-5.334
-7.301
-7.96
-6.251
-6.119
-5.449
-6.623
-6.948
-8.52
-7.344
-7.463
-7.369
-6.419
-4.604
-6.786
-6.653
-7.152
-8.907
-9.232
-8.991
-8.898
-8.084
-6.637
-7.029
-5.18
-7.868
-7.784
-8.641
-8.311
-7.061
-6.654
-8.55
-5.659
-8.671
-7.295
-6.034
-6.466
-9.994
-9.709
-7.742
-7.895
-6.829
-6.92
-7.894
-8.877
-7.03
-6.324
-7.982
-7.867
-5.41
-7.374
-7.08
-5.57
-6.39
-5.9
-8.357
-5.564
-9.039
-8.572
-6.271
-8.578
-4.933
-6.324
-8.524
-7.401
-10.784
-5.03
-6.997
-6.837
-8.049
-7.582
-7.293
-10.585
-5.532
-7.145
-6.316
-7.852
-10.42
-7.245
-8.83
-6.644
-8.179
-8.46
-6.515
-7.546
-7.777
-6.623
-7.844
-6.954
-8.689
-6.367
-6.4
-7.697
-4.631
-6.595
-5.892
-5.314
-5.104
-7.021
-8.074
-6.486
-5.712
-6.866
-5.514
-6.916
-7.888
-5.984
-7.279
-7.248
-8.502
-8.847
-8.386
-8.792
-10.137
-7.368
-7.358
-6.973
-9.042
-10.142
-7.218
-6.61
-8.781
-7.681
-7.889
-5.798
-8.082
-6.757
-6.75
-8.595
-5.765
-8.458
-7.469
-5.803
-6.388
-6.94
-7.851
-7.262
-6.676
-7.192
-7.802
-8.243
-6.952
-5.847
-7.699
-6.061
-6.294
-8.643
-9.147
-9.122
-8.643
