-508.74
-517.016
-560.811
-524.773
-532.289
-490.033
-510.739
-518.962
-503.849
-549.045
-511.991
-521.927
-517.013
-502.022
-551.494
-517.395
-510.232
-519.241
-526.299
-545.553
-499.458
-478.135
-470.992
-438.508
-488.344
-477.809
-487.163
-524.479
-491.33
-452.321
-406.284
-491.925
-447.067
-402.402
-429.141
-427.546
-409.284
-433.389
-463.119
-493.323
-422.59
-510.524
-482.514
-490.319
-466.219
-534.238
-492.457
-497.679
-488.922
-536.0
-539.566
-543.803
-556.288
-510.993
-527.147
-540.148
-523.544
-504.609
-528.686
-518.241
-490.6
-499.942
-503.23
-498.594
-486.235
-502.689
-531.869
-528.248
-507.338
-480.801
-481.503
-460.673
-504.444
-479.375
-499.982
-461.873
-451.64
-478.231
-478.801
-472.668
-433.32
-466.512
-514.631
-408.591
-466.816
-475.206
-451.959
-465.568
-497.194
-470.529
-453.936
-500.705
-521.605
-510.116
-518.978
-528.538
-543.312
-537.78
-561.807
-554.655
-595.031
-571.334
-595.48
-579.246
-549.23
-566.678
-581.082
-549.62
-552.17
-558.939
-570.17
-556.627
-553.112
-619.152
-575.749
-581.706
-554.501
-532.476
-575.895
-526.913
-506.769
-559.128
-543.191
-518.024
-549.403
-523.865
-532.119
-544.494
-486.764
-523.608
-520.46
-511.427
-520.683
-513.703
-526.609
-521.288
-496.447
-458.28
-514.856
-511.902
-445.375
-473.821
-529.071
-525.585
-520.976
-496.256
-469.552
-529.449
-532.308
-471.982
-466.708
-507.854
-529.175
-509.039
-477.99
-541.254
-532.042
-562.104
-500.981
-499.417
-557.27
-537.085
-541.647
-528.258
-541.913
-539.224
-503.911
-546.168
-495.887
-536.335
-529.924
-512.029
-514.231
-485.35
-496.344
-491.957
-482.972
-504.567
-554.306
-565.311
-518.136
-508.162
-474.014
-477.249
-469.514
-469.371
-492.475
-472.419
-467.082
-482.436
-471.557
-455.494
-445.39
-449.806
-465.199
-479.93
-471.268
-505.5
-500.186
-485.403
-458.75
-520.58
-467.19
-498.336
-456.659
-483.002
-457.369
-462.956
-451.701
-456.946
-466.094
-430.668
-465.555
-458.536
-469.851
-475.007
-434.274
-510.076
-461.511
-500.817
-471.568
-491.739
-511.578
-463.433
-489.886
-458.996
-477.346
-486.642
-505.476
-505.475
-462.197
-497.237
-459.97
-491.626
-469.23
-537.115
-512.91
-494.766
-510.295
-532.316
-518.391
-513.628
-496.905
-504.463
-499.08
-534.382
-495.035
-491.772
-487.258
-491.839
-480.655
-481.954
-446.607
-468.839
-468.689
-457.187
-510.671
-497.158
-498.379
-459.178
-473.481
-470.69
-471.546
-488.515
-523.733
-505.62
-474.606
-464.703
-456.283
-416.02
-460.555
-499.532
-468.675
-477.33
-482.499
-468.61
-463.639
-427.765
-435.107
-459.746
-473.319
-497.282
-477.81
-447.782
-469.779
-451.565
-450.881
-420.043
-471.706
-468.302
-438.256
-427.185
-441.051
-469.561
-495.41
-505.84
-486.363
-472.77
-492.908
-481.818
-455.979
-474.598
-505.065
-483.241
-495.616
-491.418
-471.918
-481.825
-463.507
-485.474
-502.582
-515.836
-533.325
-497.943
-517.674
-524.25
-525.033
-520.435
-500.358
-480.048
-486.681
-460.848
-493.37
-527.392
-521.396
-532.602
-494.03
-538.525
-537.075
-488.633
-513.406
-517.196
-502.258
-483.218
-516.768
-468.143
-480.774
-447.439
-465.29
-470.321
-478.507
-483.603
-459.735
-524.037
-555.517
-528.642
-505.798
-456.5
-488.815
-498.131
-512.241
-491.373
-480.179
-497.387
-494.506
-476.304
-509.671
-461.581
-479.544
-490.98
-490.429
-489.103
-464.615
-465.027
-494.427
-498.238
-465.625
-509.13
-521.747
-516.171
-511.47
-539.05
-495.018
-538.869
-538.786
-510.553
-575.403
-554.855
-508.825
-545.82
-538.451
-535.833
-522.91
-545.553
-553.235
-546.696
-534.782
-533.885
-505.815
-499.791
-538.379
-580.722
-543.855
-544.046
-541.599
-570.604
-548.379
-521.554
-551.574
-517.578
-511.475
-487.64
-507.495
-470.892
-518.11
-504.53
-566.873
-545.899
-575.31
-530.129
-572.069
-589.901
-579.531
-483.007
-470.836
-540.353
-559.324
-504.555
-542.918
-487.603
-542.208
-487.841
-515.973
-479.568
-519.442
-512.683
-539.917
-506.821
-578.83
-522.285
-532.935
-545.977
-527.745
-530.821
-511.986
-529.854
-499.763
-499.488
-508.861
-492.371
-493.503
-494.265
-486.227
-525.001
-518.697
-505.724
-409.261
-426.494
-437.555
-457.16
-457.114
-432.937
-498.278
-468.431
-479.438
-495.121
-480.212
-465.85
-489.228
-497.748
-483.69
-503.474
-496.665
-482.569
-506.719
-489.68
-495.141
-483.513
-509.704
-513.918
-511.409
-518.856
-507.584
-535.275
-480.328
-503.794
-500.751
-493.096
-507.736
-495.767
-480.691
-511.286
-509.674
-472.237
-487.454
-508.758
-517.586
-534.995
-530.84
-508.944
-503.762
-524.718
-511.811
-532.422
-568.401
-533.893
-545.047
-501.032
-532.325
-523.995
-533.314
