-2.024
-2.268
-2.656
-2.661
-1.779
-2.467
-2.045
-1.846
-2.605
-2.531
-2.223
-2.201
-2.136
-2.039
-1.91
-2.376
-1.699
-2.049
-1.596
-2.14
-1.655
-2.585
-2.763
-2.281
-2.085
-2.932
-2.254
-1.949
-2.526
-1.758
-2.217
-1.958
-2.439
-1.94
-2.012
-2.338
-1.052
-1.282
-2.269
-2.062
-1.897
-2.401
-1.722
-2.589
-2.196
-2.147
-2.225
-1.098
-1.906
-2.675
-2.648
-2.904
-2.135
-2.307
-1.874
-1.535
-2.659
-2.363
-1.964
-2.344
-2.246
-2.511
-2.395
-2.741
-2.296
-2.342
-2.234
-2.024
-1.95
-1.517
-1.706
-1.491
-1.621
-2.185
-3.123
-1.824
-2.392
-1.681
-2.14
-2.265
-1.97
-2.145
-2.358
-2.15
-2.632
-1.956
-1.785
-1.715
-2.029
-2.358
-2.26
-1.937
-2.22
-2.858
-1.937
-2.041
-2.338
-1.863
-2.042
-1.689
-2.162
-2.208
-2.154
-1.836
-1.828
-2.372
-2.043
-2.594
-2.73
-2.262
-1.679
-2.293
-1.834
-2.218
-2.507
-2.049
-2.542
-2.184
-2.573
-2.142
-1.968
-2.109
-2.162
-1.935
-2.555
-2.664
-2.189
-1.859
-1.809
-2.083
-1.622
-2.301
-2.034
-2.453
-2.639
-1.939
-2.747
-2.773
-2.548
-2.204
-2.872
-1.983
-2.421
-2.86
-1.925
-2.46
-2.065
-2.387
-2.546
-2.167
-2.077
-2.805
-1.785
-1.728
-1.771
-2.515
-2.264
-2.196
-2.486
-2.089
-1.92
-2.284
-3.03
-1.912
-1.583
-1.725
-2.782
-2.078
-2.062
-2.444
-2.922
-2.189
-2.608
-2.531
-2.401
-2.546
-2.296
-2.606
-2.922
-1.933
-2.171
-2.936
-2.624
-2.297
-2.258
-1.739
-2.814
-2.094
-1.501
-1.689
-1.703
-1.963
-2.333
-1.727
-2.181
-1.922
-2.407
-1.789
-1.941
-2.133
-1.745
-1.749
-1.312
-2.135
-1.907
-2.314
-1.849
-2.194
-1.878
-1.997
-1.422
-2.491
-2.15
-2.31
-1.77
-1.654
-1.565
-2.565
-2.141
-2.208
-2.128
-1.39
-2.293
-1.67
-1.912
-2.188
-1.909
-3.22
-3.337
-2.389
-2.273
-2.005
-2.895
-1.795
-1.946
-2.014
-2.946
-1.906
-2.038
-1.424
-2.735
-2.308
-2.297
-1.416
-1.99
-1.776
-2.432
-2.225
-2.29
-2.455
-2.201
-1.968
-1.502
-2.265
-2.652
-2.128
-2.744
-2.099
-2.385
-1.908
-2.065
-2.345
-2.654
-2.555
-1.786
-2.384
-2.263
-2.629
-2.312
-2.544
-2.371
-2.674
-2.027
-1.439
-1.922
-1.72
-1.107
-0.939
-1.838
-1.142
-0.879
-1.84
-1.507
-1.593
-2.113
-1.576
-1.725
-2.481
-2.839
-1.443
-1.859
-1.041
-1.827
-2.168
-2.218
-2.466
-1.843
-2.604
-2.018
-1.796
-1.623
-1.6
-2.127
-2.654
-2.541
-2.684
-2.326
-1.871
-1.827
-1.936
-2.108
-1.987
-2.311
-1.643
-1.979
-1.965
-2.263
-2.256
-2.168
-2.062
-1.736
-2.145
-2.086
-2.425
-2.443
-1.831
-3.035
-1.865
-2.497
-2.14
-2.107
-2.337
-1.397
-1.879
-2.135
-2.537
-2.009
-2.495
-1.334
-2.358
-1.977
-3.052
-1.536
-2.247
-2.505
-2.312
-2.312
-2.533
-2.066
-2.254
-2.359
-2.61
-2.881
-2.35
-2.185
-2.039
-2.41
-2.442
-1.582
-2.223
-2.257
-2.299
-1.375
-2.099
-2.762
-2.876
-1.825
-2.125
-2.584
-2.413
-2.732
-2.258
-1.954
-1.942
-2.055
-2.085
-2.493
-2.465
-2.165
-2.792
-1.918
-2.552
-2.452
-1.938
-2.515
-1.583
-2.258
-2.41
-2.168
-2.325
-2.03
-1.729
-2.194
-2.067
-2.039
-2.397
-1.966
-1.953
-2.183
-2.801
-2.715
-2.391
-2.025
-1.395
-2.002
-2.208
-2.105
-1.701
-1.927
-1.982
-1.994
-2.412
-1.384
-1.534
-2.01
-1.966
-3.173
-2.82
-3.011
-2.08
-2.614
-1.854
-2.912
-2.473
-2.518
-1.834
-2.884
-2.658
-2.262
-1.605
-1.653
-2.101
-2.127
-2.051
-2.259
-2.38
-3.164
-2.162
-2.85
-2.627
-2.519
-2.965
-2.713
-2.555
-2.596
-2.078
-2.685
-2.782
-2.52
-1.812
-2.231
-2.268
-2.966
-2.03
-2.256
-3.239
-2.621
-2.212
-2.741
-2.04
-1.547
-1.618
-1.322
-1.834
-2.48
-1.646
-2.047
-1.314
-1.793
-1.78
-1.314
-2.064
-2.167
-2.116
-2.595
-1.928
-1.899
-1.267
-1.967
-2.196
-1.484
-2.201
-1.832
-1.804
-1.931
-2.259
-1.567
-2.955
-1.93
-2.28
-2.049
-2.534
-1.806
-3.086
-1.994
-1.538
-1.996
-2.363
-2.122
-1.748
-2.138
