-379.644
-410.879
-453.184
-430.454
-409.918
-422.624
-459.193
-391.967
-378.684
-435.496
-377.582
-406.524
-421.331
-382.534
-410.036
-380.17
-407.411
-395.825
-418.684
-421.876
-415.149
-346.132
-328.996
-338.218
-367.84
-394.421
-377.026
-405.894
-392.614
-331.245
-319.501
-349.514
-323.585
-316.756
-279.863
-300.04
-240.18
-283.824
-328.422
-376.514
-306.96
-412.97
-368.793
-401.842
-364.008
-425.69
-402.537
-380.514
-395.594
-433.326
-439.405
-417.991
-469.459
-384.919
-419.864
-423.567
-398.863
-442.097
-421.512
-413.633
-404.975
-364.388
-365.015
-374.593
-354.012
-378.589
-436.993
-440.818
-403.694
-403.637
-390.715
-371.987
-382.097
-385.925
-414.861
-376.386
-357.718
-363.646
-315.427
-335.742
-318.429
-366.731
-365.77
-267.4
-330.872
-334.869
-326.079
-383.054
-379.673
-381.018
-359.267
-406.029
-417.082
-431.539
-456.306
-483.355
-484.479
-443.659
-547.181
-471.392
-532.601
-529.852
-535.884
-509.629
-500.816
-510.604
-518.069
-470.992
-516.915
-496.177
-484.082
-496.615
-508.331
-538.377
-497.299
-514.648
-485.544
-465.418
-537.036
-450.98
-450.344
-488.512
-475.406
-479.577
-463.506
-464.232
-454.101
-410.45
-418.978
-428.701
-440.502
-438.947
-420.254
-444.88
-434.719
-428.045
-418.515
-377.056
-395.496
-391.951
-378.339
-379.259
-439.757
-439.189
-433.915
-434.43
-416.86
-478.214
-480.402
-443.592
-439.123
-456.726
-458.708
-452.572
-442.617
-504.073
-503.59
-484.054
-437.839
-407.552
-476.718
-507.406
-492.821
-489.847
-449.379
-455.275
-460.711
-465.189
-376.75
-420.537
-438.036
-448.26
-432.032
-429.56
-429.118
-403.896
-420.74
-452.069
-463.225
-496.473
-436.516
-423.919
-405.224
-424.415
-420.333
-367.933
-410.648
-380.329
-383.166
-388.769
-382.932
-379.343
-368.683
-345.272
-373.224
-373.203
-370.259
-402.847
-400.488
-371.285
-336.526
-418.51
-346.014
-361.99
-344.346
-376.301
-353.099
-297.582
-336.495
-356.669
-362.822
-332.809
-365.253
-364.528
-355.217
-378.153
-360.34
-383.457
-358.699
-391.295
-389.29
-422.265
-420.032
-365.981
-382.074
-393.651
-378.589
-388.882
-430.925
-424.476
-410.692
-440.153
-385.613
-434.899
-431.185
-464.84
-435.655
-420.44
-444.222
-432.547
-407.804
-400.749
-383.514
-352.214
-394.418
-394.197
-368.477
-372.737
-357.751
-400.22
-350.218
-369.416
-326.876
-353.374
-342.843
-368.792
-392.242
-395.726
-383.4
-337.909
-336.558
-347.495
-365.0
-374.174
-390.242
-397.932
-365.564
-342.493
-342.423
-337.898
-361.367
-318.214
-351.149
-347.176
-366.563
-356.887
-357.111
-349.667
-312.652
-327.822
-319.268
-363.4
-367.209
-338.015
-357.626
-397.811
-344.584
-368.8
-361.39
-391.809
-356.617
-338.121
-336.676
-353.271
-374.697
-384.549
-369.397
-398.579
-413.252
-360.403
-364.185
-374.212
-364.341
-362.602
-409.947
-375.235
-351.826
-365.619
-345.709
-390.679
-374.87
-407.27
-416.253
-393.354
-405.028
-431.864
-408.567
-423.633
-370.119
-396.562
-383.915
-359.586
-394.149
-438.418
-407.843
-412.059
-394.751
-377.669
-409.619
-395.577
-396.843
-382.849
-386.872
-385.99
-386.895
-344.413
-357.884
-330.258
-356.283
-324.321
-326.125
-323.68
-326.286
-368.252
-371.266
-356.011
-396.228
-351.184
-382.704
-391.779
-386.114
-365.473
-354.095
-362.81
-363.926
-321.831
-367.017
-294.947
-361.245
-384.071
-396.702
-337.664
-337.384
-328.494
-343.479
-358.373
-334.74
-399.127
-396.968
-411.55
-407.255
-437.127
-403.445
-423.461
-428.16
-409.653
-464.4
-467.857
-402.602
-401.915
-454.722
-428.246
-440.309
-433.911
-443.68
-454.146
-429.707
-422.464
-415.688
-429.044
-448.936
-485.395
-437.929
-448.393
-460.127
-462.361
-447.181
-398.206
-405.326
-408.213
-406.197
-395.868
-382.964
-364.084
-430.983
-396.829
-466.452
-473.313
-444.908
-434.31
-451.819
-480.794
-465.752
-389.004
-338.952
-433.925
-443.524
-422.576
-436.377
-425.345
-414.302
-387.192
-405.808
-377.967
-419.875
-424.36
-464.851
-421.922
-471.666
-404.696
-459.301
-411.16
-416.171
-401.457
-384.238
-395.833
-358.046
-355.808
-343.307
-373.589
-349.61
-303.864
-321.52
-361.111
-374.079
-345.895
-282.094
-287.404
-276.921
-346.796
-333.423
-305.69
-377.187
-350.382
-319.239
-363.094
-377.84
-393.27
-357.677
-405.44
-361.251
-414.556
-404.119
-404.307
-400.572
-374.444
-462.128
-406.185
-430.669
-421.599
-410.799
-431.348
-404.403
-427.589
-406.216
-424.421
-413.036
-390.5
-408.613
-404.854
-393.364
-416.573
-422.268
-391.507
-395.564
-430.217
-435.91
-442.759
-425.84
-432.275
-414.808
-422.397
-444.634
-457.752
-479.466
-428.751
-508.103
-413.056
-470.029
-459.518
-489.968
