-0.275
-0.272
-0.309
-0.381
-0.26
-0.301
-0.383
-0.218
-0.185
-0.315
-0.345
-0.336
-0.344
-0.298
-0.357
-0.26
-0.304
-0.311
-0.214
-0.278
-0.272
-0.216
-0.157
-0.248
-0.22
-0.351
-0.262
-0.286
-0.175
-0.226
-0.209
-0.295
-0.289
-0.201
-0.173
-0.29
-0.163
-0.294
-0.201
-0.224
-0.243
-0.338
-0.287
-0.317
-0.262
-0.285
-0.198
-0.339
-0.295
-0.376
-0.282
-0.331
-0.365
-0.326
-0.183
-0.338
-0.313
-0.407
-0.38
-0.395
-0.303
-0.354
-0.263
-0.314
-0.311
-0.284
-0.301
-0.325
-0.243
-0.344
-0.312
-0.217
-0.356
-0.307
-0.295
-0.336
-0.273
-0.229
-0.335
-0.332
-0.293
-0.191
-0.345
-0.171
-0.24
-0.378
-0.359
-0.283
-0.28
-0.301
-0.389
-0.312
-0.338
-0.312
-0.323
-0.303
-0.286
-0.356
-0.308
-0.157
-0.236
-0.206
-0.33
-0.351
-0.25
-0.255
-0.332
-0.185
-0.262
-0.284
-0.296
-0.296
-0.334
-0.274
-0.19
-0.218
-0.345
-0.224
-0.336
-0.305
-0.278
-0.218
-0.17
-0.321
-0.306
-0.336
-0.215
-0.298
-0.37
-0.185
-0.304
-0.223
-0.211
-0.234
-0.25
-0.375
-0.334
-0.362
-0.275
-0.231
-0.187
-0.281
-0.272
-0.275
-0.279
-0.347
-0.357
-0.226
-0.264
-0.292
-0.227
-0.374
-0.22
-0.213
-0.251
-0.235
-0.238
-0.275
-0.171
-0.289
-0.245
-0.344
-0.231
-0.342
-0.33
-0.211
-0.252
-0.332
-0.211
-0.227
-0.157
-0.314
-0.227
-0.248
-0.272
-0.283
-0.28
-0.321
-0.266
-0.35
-0.242
-0.321
-0.277
-0.205
-0.167
-0.287
-0.17
-0.203
-0.258
-0.287
-0.324
-0.339
-0.127
-0.267
-0.201
-0.314
-0.222
-0.212
-0.187
-0.224
-0.207
-0.298
-0.211
-0.208
-0.248
-0.213
-0.242
-0.169
-0.171
-0.231
-0.234
-0.223
-0.288
-0.162
-0.276
-0.219
-0.184
-0.289
-0.219
-0.36
-0.272
-0.222
-0.363
-0.29
-0.268
-0.286
-0.284
-0.267
-0.208
-0.321
-0.354
-0.282
-0.232
-0.272
-0.326
-0.25
-0.18
-0.242
-0.166
-0.281
-0.232
-0.243
-0.198
-0.178
-0.271
-0.314
-0.044
-0.129
-0.229
-0.271
-0.207
-0.204
-0.215
-0.252
-0.167
-0.187
-0.22
-0.216
-0.206
-0.185
-0.145
-0.116
-0.115
-0.238
-0.248
-0.167
-0.213
-0.306
-0.299
-0.373
-0.297
-0.29
-0.283
-0.284
-0.215
-0.264
-0.294
-0.256
-0.269
-0.137
-0.132
-0.229
-0.194
-0.163
-0.194
-0.22
-0.321
-0.392
-0.265
-0.209
-0.189
-0.313
-0.293
-0.202
-0.171
-0.257
-0.201
-0.157
-0.198
-0.227
-0.252
-0.21
-0.301
-0.265
-0.274
-0.355
-0.255
-0.177
-0.323
-0.398
-0.345
-0.284
-0.286
-0.271
-0.329
-0.292
-0.257
-0.348
-0.196
-0.292
-0.335
-0.257
-0.28
-0.333
-0.258
-0.196
-0.321
-0.26
-0.276
-0.27
-0.323
-0.288
-0.261
-0.179
-0.314
-0.261
-0.332
-0.197
-0.345
-0.288
-0.163
-0.225
-0.317
-0.193
-0.202
-0.208
-0.27
-0.323
-0.25
-0.28
-0.388
-0.343
-0.365
-0.335
-0.348
-0.269
-0.454
-0.325
-0.241
-0.282
-0.196
-0.302
-0.245
-0.334
-0.194
-0.313
-0.181
-0.298
-0.384
-0.21
-0.278
-0.341
-0.309
-0.204
-0.163
-0.246
-0.332
-0.329
-0.296
-0.287
-0.428
-0.324
-0.26
-0.3
-0.247
-0.267
-0.284
-0.373
-0.263
-0.257
-0.248
-0.257
-0.321
-0.237
-0.306
-0.347
-0.222
-0.126
-0.329
-0.2
-0.314
-0.185
-0.28
-0.251
-0.287
-0.365
-0.222
-0.259
-0.334
-0.241
-0.358
-0.33
-0.329
-0.325
-0.212
-0.322
-0.305
-0.333
-0.33
-0.21
-0.361
-0.304
-0.278
-0.38
-0.274
-0.39
-0.388
-0.366
-0.465
-0.291
-0.394
-0.47
-0.398
-0.37
-0.397
-0.256
-0.39
-0.345
-0.257
-0.281
-0.244
-0.255
-0.416
-0.276
-0.306
-0.235
-0.283
-0.198
-0.257
-0.161
-0.289
-0.239
-0.282
-0.256
-0.298
-0.271
-0.233
-0.376
-0.191
-0.251
-0.297
-0.313
-0.304
-0.271
-0.3
-0.341
-0.308
-0.268
-0.242
-0.329
-0.323
-0.254
-0.219
-0.274
-0.215
-0.314
-0.265
-0.36
-0.365
-0.373
-0.379
-0.406
-0.235
-0.247
-0.308
-0.281
-0.252
-0.263
-0.292
-0.228
-0.352
-0.255
-0.278
-0.267
-0.337
-0.235
-0.314
-0.287
-0.269
-0.3
-0.305
