-76.52
-76.8
-87.51
-78.03
-74.68
-84.24
-75.17
-76.17
-77.34
-82.36
-78.66
-79.18
-83.46
-77.14
-81.46
-76.74
-81.81
-78.31
-78.3
-82.92
-72.37
-70.3
-74.7
-77.15
-76.1
-82.81
-77.36
-75.41
-84.9
-73.53
-71.01
-74.31
-71.87
-73.12
-61.97
-70.41
-59.79
-70.65
-76.57
-75.57
-66.41
-72.67
-76.89
-68.61
-79.41
-77.07
-74.82
-73.16
-69.52
-79.18
-67.37
-69.97
-82.48
-81.8
-75.17
-80.66
-83.29
-82.38
-82.17
-75.12
-76.74
-74.86
-82.26
-76.28
-70.77
-77.62
-76.86
-77.67
-74.7
-66.5
-70.92
-70.79
-75.69
-73.35
-81.84
-68.82
-69.46
-64.68
-61.57
-67.86
-62.16
-73.13
-68.9
-64.18
-62.13
-70.19
-67.69
-74.68
-76.62
-72.22
-70.97
-79.0
-71.69
-83.78
-82.73
-79.29
-85.49
-73.82
-77.07
-74.29
-74.4
-86.7
-89.01
-77.58
-84.21
-84.85
-95.63
-75.89
-82.55
-84.13
-85.54
-92.7
-82.89
-84.21
-79.3
-83.73
-68.95
-81.51
-80.17
-80.25
-77.89
-74.46
-81.6
-82.01
-81.82
-75.33
-70.17
-77.82
-73.11
-79.39
-76.26
-82.35
-82.13
-82.84
-71.88
-79.38
-77.94
-74.38
-76.4
-72.19
-77.35
-76.17
-74.12
-74.53
-77.56
-75.19
-73.51
-81.34
-75.08
-77.18
-73.68
-83.35
-74.61
-74.28
-72.97
-80.82
-73.48
-81.46
-79.22
-72.94
-86.55
-79.42
-87.37
-76.03
-81.11
-85.94
-85.18
-74.93
-68.49
-71.91
-77.11
-81.99
-81.92
-81.62
-82.91
-78.97
-78.78
-81.05
-82.25
-85.14
-78.86
-80.28
-77.69
-79.36
-74.51
-72.97
-80.81
-77.26
-67.13
-74.05
-73.8
-75.09
-77.45
-72.85
-75.18
-71.25
-76.72
-69.19
-81.12
-73.99
-73.9
-70.53
-62.47
-64.1
-72.16
-74.26
-76.39
-62.86
-70.83
-73.5
-66.97
-72.04
-80.35
-75.98
-75.07
-76.87
-77.48
-74.6
-76.96
-80.16
-77.35
-80.51
-73.84
-71.32
-70.46
-79.7
-76.73
-75.3
-81.71
-70.36
-74.84
-76.31
-69.85
-76.73
-76.02
-77.27
-75.55
-75.87
-70.82
-72.35
-69.05
-67.96
-71.41
-58.84
-70.67
-60.32
-68.09
-70.34
-64.56
-67.18
-64.4
-73.05
-65.67
-71.5
-64.98
-70.14
-70.76
-69.28
-67.99
-62.45
-63.42
-64.69
-65.3
-69.96
-64.97
-70.01
-68.94
-68.64
-64.4
-63.05
-69.73
-75.69
-72.09
-68.34
-58.61
-64.42
-66.25
-67.89
-64.18
-67.8
-55.16
-61.58
-61.18
-64.44
-61.6
-68.01
-67.58
-69.35
-70.48
-73.59
-69.62
-64.42
-65.85
-63.22
-68.1
-67.77
-66.01
-72.62
-77.0
-65.96
-64.46
-65.71
-75.73
-66.14
-77.23
-70.92
-68.51
-67.66
-67.39
-65.53
-69.36
-71.25
-76.24
-61.34
-77.14
-76.86
-77.41
-75.76
-65.78
-69.39
-69.78
-64.71
-74.38
-79.89
-72.56
-71.07
-77.28
-73.5
-83.59
-71.83
-74.57
-70.25
-73.7
-68.37
-76.03
-77.12
-65.7
-72.13
-67.54
-67.6
-61.63
-71.44
-69.65
-64.96
-67.86
-77.4
-80.96
-75.13
-69.64
-75.16
-73.94
-73.73
-64.37
-59.53
-67.58
-61.31
-71.4
-64.93
-69.1
-73.86
-66.47
-72.27
-67.14
-70.09
-64.07
-75.82
-64.79
-75.99
-75.61
-75.51
-78.65
-69.66
-65.71
-71.19
-73.27
-68.3
-73.92
-78.73
-75.8
-70.59
-71.25
-64.77
-75.59
-73.39
-73.51
-77.86
-81.28
-81.96
-73.32
-78.64
-77.06
-78.83
-82.81
-68.06
-83.53
-71.88
-71.12
-76.68
-68.79
-71.46
-78.95
-76.74
-67.79
-68.61
-69.88
-75.42
-75.66
-69.87
-68.51
-72.76
-74.91
-81.92
-78.94
-72.41
-66.21
-74.39
-80.18
-82.61
-81.38
-74.18
-78.02
-68.89
-77.1
-74.59
-79.34
-75.78
-81.99
-83.24
-85.55
-70.11
-70.23
-74.2
-79.36
-68.95
-75.73
-64.54
-80.15
-67.43
-70.58
-75.94
-71.76
-75.87
-69.32
-67.49
-77.78
-71.55
-67.49
-66.3
-67.88
-67.74
-71.27
-66.34
-79.52
-72.28
-69.7
-71.34
-68.04
-68.9
-70.57
-71.4
-61.89
-74.06
-71.84
-67.22
-70.8
-62.63
-71.78
-63.18
-70.85
-68.88
-69.04
-74.09
-76.99
-70.74
-71.46
-73.86
-74.86
-67.0
-68.12
-75.16
-71.97
-73.82
-75.46
-76.96
-58.42
-71.1
-74.66
-64.92
-69.67
-78.69
-73.78
-73.9
-76.49
-81.19
-80.87
-77.18
-83.1
-73.71
-79.9
-76.56
-75.95
