-61.48
-66.4
-64.41
-58.72
-53.02
-58.98
-50.69
-61.55
-60.12
-57.41
-61.08
-66.09
-62.19
-65.88
-62.15
-55.37
-68.11
-73.51
-64.95
-46.71
-56.04
-56.16
-56.36
-61.34
-55.95
-57.96
-56.53
-55.19
-58.84
-57.28
-60.06
-58.53
-59.33
-51.74
-53.4
-61.18
-52.12
-55.38
-54.95
-49.58
-53.75
-58.2
-46.72
-51.24
-42.39
-50.3
-54.8
-52.2
-54.31
-52.52
-57.33
-55.21
-50.89
-56.14
-57.29
-53.91
-50.79
-54.74
-49.83
-60.1
-55.64
-55.57
-61.11
-53.26
-56.4
-54.66
-62.73
-59.27
-57.88
-54.0
-61.38
-63.15
-56.18
-57.86
-52.55
-52.66
-52.71
-50.23
-55.42
-60.64
-57.6
-62.63
-54.32
-52.86
-49.66
-53.2
-59.8
-54.92
-49.86
-54.28
-51.44
-56.82
-58.23
-55.61
-70.91
-54.41
-59.94
-54.39
-53.9
-57.39
-57.28
-51.29
-49.2
-59.54
-60.02
-59.31
-58.53
-48.66
-54.41
-47.62
-54.17
-59.57
-52.45
-53.62
-59.12
-51.15
-60.85
-59.24
-59.45
-59.84
-55.8
-61.25
-62.21
-54.47
-55.04
-51.79
-57.0
-54.2
-55.42
-56.56
-54.26
-58.58
-51.41
-54.42
-51.11
-57.83
-53.83
-59.72
-54.67
-45.69
-55.44
-56.06
-57.38
-52.9
-52.36
-58.96
-47.97
-51.03
-47.78
-48.76
-46.34
-52.33
-51.8
-48.47
-41.65
-58.32
-54.06
-51.43
-50.53
-50.36
-48.28
-48.84
-47.2
-52.17
-50.94
-53.43
-46.7
-53.67
-47.24
-48.25
-50.74
-55.78
-50.51
-55.28
-57.5
-54.19
-56.03
-48.51
-56.48
-57.15
-51.1
-56.49
-53.16
-55.98
-53.65
-47.49
-49.83
-49.88
-58.36
-46.31
-53.83
-56.15
-49.93
-52.4
-57.91
-55.17
-53.51
-55.58
-51.11
-54.15
-52.84
-48.47
-53.73
-57.91
-52.08
-54.66
-53.24
-56.49
-52.89
-52.35
-47.16
-58.33
-55.95
-49.82
-48.78
-57.75
-53.82
-55.93
-62.21
-53.83
-58.08
-55.92
-59.48
-54.9
-51.88
-59.24
-47.64
-52.34
-48.51
-48.24
-48.84
-45.76
-54.86
-49.6
-50.46
-50.19
-50.8
-54.36
-48.22
-47.04
-54.18
-48.72
-53.14
-53.49
-51.84
-51.8
-46.35
-53.67
-50.35
-46.35
-57.03
-50.39
-57.06
-54.57
-51.04
-52.98
-59.66
-49.0
-50.71
-53.91
-51.82
-52.42
-52.51
-57.86
-49.63
-51.33
-50.13
-52.56
-54.89
-55.43
-52.47
-46.0
-52.74
-48.05
-57.78
-62.79
-56.39
-57.76
-54.43
-52.23
-56.11
-55.84
-55.34
-53.61
-51.26
-60.68
-60.33
-60.82
-58.49
-57.93
-62.85
-62.43
-56.02
-56.19
-62.49
-49.4
-45.23
-50.22
-55.92
-55.39
-49.0
-52.39
-53.0
-47.23
-61.36
-54.81
-52.46
-65.23
-63.34
-56.44
-58.64
-63.82
-58.74
-63.28
-57.82
-56.78
-60.82
-62.39
-55.71
-44.47
-56.3
-56.7
-54.6
-56.65
-51.27
-49.7
-53.45
-55.42
-51.0
-39.42
-55.34
-62.11
-57.96
-58.28
-54.07
-54.6
-59.32
-57.79
-53.2
-59.17
-59.89
-56.59
-53.36
-65.26
-54.82
-58.42
-66.47
-55.1
-63.55
-57.54
-57.32
-53.29
-47.8
-59.26
-53.42
-53.52
-58.29
-55.94
-50.78
-53.31
-53.0
-58.86
-55.88
-59.48
-54.61
-57.72
-58.48
-55.08
-60.26
-56.53
-63.87
-57.28
-58.79
-53.33
-50.48
-54.62
-47.99
-52.02
-50.17
-43.58
-45.29
-48.08
-43.19
-45.25
-49.1
-46.73
-45.46
-54.63
-56.32
-60.39
-54.5
-49.96
-53.64
-56.14
-60.54
-49.43
-55.47
-51.44
-59.79
-56.46
-51.41
-59.49
-51.43
-48.7
-55.05
-53.17
-55.88
-56.6
-67.46
-61.62
-58.11
-66.08
-56.59
-65.3
-58.62
-61.81
-61.78
-53.02
-56.99
-54.6
-62.35
-63.33
-62.24
-57.01
-58.15
-56.51
-60.15
-63.81
-57.09
-59.25
-57.43
-61.31
-54.69
-66.2
-62.23
-63.84
-67.24
-60.79
-59.18
-56.26
-62.02
-47.3
-55.68
-58.17
-59.87
-63.37
-59.78
-64.31
-66.01
-58.09
-50.79
-66.17
-64.54
-63.37
-65.65
-63.43
-55.67
-55.82
-66.8
-63.93
-66.16
-64.83
-66.42
-72.11
-67.59
-67.71
-70.01
-66.48
-61.68
-66.69
-58.64
-58.48
-63.19
-66.45
-57.04
-66.55
-61.38
-59.24
-62.45
-55.78
-61.89
-57.9
-59.71
-54.76
-58.27
-61.44
-63.52
-55.45
-57.98
-54.9
-57.74
-50.24
-52.36
-56.64
-59.19
-54.61
-53.84
-50.05
-68.77
-60.46
-66.6
