-242.314
-201.926
-224.55
-223.961
-216.14
-220.478
-242.999
-287.71
-294.647
-275.146
-252.909
-253.974
-318.112
-313.527
-268.016
-285.946
-285.11
-311.807
-286.235
-265.471
-236.383
-258.753
-232.544
-254.323
-280.173
-190.717
-261.652
-264.637
-197.139
-245.304
-191.907
-247.424
-251.052
-237.947
-227.967
-282.206
-238.436
-206.254
-229.402
-186.016
-239.373
-218.204
-220.785
-215.112
-215.307
-205.78
-200.676
-206.941
-201.946
-224.819
-224.987
-193.878
-202.558
-240.424
-203.933
-231.308
-243.224
-236.082
-229.715
-218.958
-219.973
-189.69
-229.576
-244.16
-206.755
-215.175
-221.408
-222.002
-222.078
-234.972
-265.304
-206.992
-188.036
-249.765
-218.221
-237.61
-245.689
-220.478
-157.932
-196.447
-249.205
-239.735
-212.264
-175.654
-190.273
-202.915
-203.939
-243.486
-203.237
-244.418
-265.648
-213.365
-199.46
-217.436
-260.743
-197.361
-172.723
-233.873
-181.149
-202.003
-224.605
-195.016
-202.348
-217.082
-204.185
-216.786
-175.588
-153.018
-152.762
-196.293
-179.176
-198.246
-158.149
-206.785
-215.728
-239.255
-201.301
-196.803
-243.001
-282.978
-257.32
-282.466
-274.686
-260.351
-248.141
-256.905
-290.031
-274.811
-289.258
-287.241
-195.814
-248.008
-281.828
-206.635
-254.19
-255.116
-295.02
-289.189
-278.895
-282.367
-308.715
-268.749
-284.012
-299.0
-293.002
-283.821
-274.99
-222.915
-239.884
-246.764
-209.014
-210.963
-217.161
-158.824
-211.608
-224.542
-253.674
-229.946
-214.17
-217.802
-181.819
-195.069
-172.678
-179.074
-192.866
-217.025
-166.954
-205.802
-153.025
-210.834
-245.496
-209.45
-229.08
-224.002
-216.261
-246.012
-222.931
-191.867
-200.419
-233.168
-246.177
-247.159
-224.027
-206.561
-253.576
-218.656
-244.234
-217.838
-286.578
-228.285
-247.145
-240.824
-258.014
-270.904
-253.366
-282.202
-220.841
-208.506
-233.304
-273.046
-216.67
-204.123
-206.051
-242.356
-212.074
-196.496
-174.876
-229.496
-234.285
-244.429
-176.794
-287.679
-233.455
-210.998
-194.726
-235.278
-218.461
-250.113
-236.002
-212.044
-309.282
-208.161
-278.58
-244.541
-204.586
-244.071
-217.382
-192.757
-192.379
-188.422
-199.719
-200.673
-208.351
-202.708
-203.849
-235.378
-202.505
-224.961
-202.573
-195.079
-212.055
-188.913
-217.627
-240.091
-236.453
-249.435
-240.489
-266.758
-247.392
-212.458
-275.688
-236.316
-270.05
-225.609
-290.011
-269.332
-309.438
-249.546
-223.296
-237.545
-239.747
-236.808
-241.688
-265.365
-208.218
-210.659
-239.082
-243.693
-295.572
-227.403
-258.393
-234.849
-248.137
-234.991
-224.324
-275.542
-254.781
-249.521
-274.792
-238.033
-258.08
-242.757
-228.247
-279.357
-240.387
-309.917
-296.402
-367.048
-296.155
-327.366
-311.109
-306.788
-295.386
-298.828
-293.032
-300.5
-300.241
-309.497
-281.761
-266.959
-270.288
-303.834
-267.506
-240.319
-322.646
-293.858
-318.128
-340.179
-316.863
-320.624
-313.982
-322.532
-285.267
-343.847
-330.363
-308.678
-303.966
-346.984
-351.27
-244.109
-319.365
-289.319
-307.718
-254.115
-265.04
-256.232
-258.012
-267.929
-273.379
-309.711
-239.184
-367.156
-264.401
-217.184
-216.522
-235.906
-293.096
-265.034
-183.185
-272.318
-227.622
-281.637
-225.276
-218.438
-191.704
-218.519
-243.98
-221.576
-226.453
-241.843
-235.676
-226.025
-191.315
-240.648
-243.184
-327.822
-285.529
-259.481
-237.197
-285.88
-214.237
-268.918
-292.321
-267.556
-250.558
-247.928
-234.387
-261.541
-219.583
-263.016
-265.137
-276.448
-237.96
-249.797
-233.441
-276.854
-240.244
-177.812
-230.919
-244.613
-224.538
-233.352
-216.507
-237.958
-230.618
-295.512
-330.304
-278.999
-279.509
-286.044
-233.61
-284.687
-306.547
-249.853
-266.927
-256.228
-285.213
-321.244
-299.328
-308.772
-270.867
-263.587
-251.261
-197.959
-232.157
-225.278
-177.282
-196.907
-275.232
-247.849
-296.93
-237.299
-281.558
-275.831
-233.184
-341.293
-259.541
-266.88
-253.961
-257.412
-308.72
-272.25
-281.167
-297.835
-266.735
-235.513
-273.705
-301.806
-257.617
-248.17
-269.068
-285.024
-200.298
-258.12
-285.206
-295.969
-277.422
-312.806
-256.53
-277.87
-255.019
-283.653
-298.356
-250.866
-268.166
-254.141
-285.217
-251.953
-263.13
-274.067
-266.976
-278.82
-328.937
-283.844
-304.547
-321.838
-269.704
-261.971
-327.379
-270.429
-305.201
-263.077
-267.464
-265.003
-289.85
-271.793
-265.109
-313.411
-296.739
-280.929
-277.846
-287.535
-268.213
-302.226
-297.28
-275.52
-285.155
-258.666
-263.311
-266.354
-282.412
-273.603
-307.361
-211.517
-273.854
-248.339
-299.235
-253.095
-239.656
-214.517
-230.306
-239.453
-238.194
-243.032
-250.071
-277.838
-225.894
-200.936
-309.605
-309.372
-314.938
