-440.589
-399.41
-408.697
-419.203
-374.707
-410.333
-459.462
-484.929
-493.652
-478.8
-441.05
-456.419
-479.629
-462.225
-444.823
-465.461
-486.335
-483.673
-446.003
-464.69
-429.893
-431.569
-404.711
-400.169
-449.64
-394.205
-426.783
-456.928
-351.984
-421.461
-376.829
-390.658
-430.685
-366.854
-375.798
-405.114
-391.858
-374.683
-389.872
-383.467
-412.184
-389.459
-378.658
-390.901
-398.717
-407.475
-401.322
-364.244
-340.11
-440.167
-432.58
-411.985
-439.126
-408.482
-384.391
-447.17
-418.351
-411.675
-402.707
-408.37
-414.726
-405.661
-438.514
-425.671
-416.07
-434.33
-389.743
-405.295
-418.27
-410.216
-437.652
-413.613
-417.906
-431.843
-421.96
-443.265
-423.206
-401.261
-362.345
-418.675
-420.891
-430.127
-401.086
-390.724
-379.375
-400.802
-369.692
-442.391
-358.15
-386.554
-442.5
-426.713
-362.604
-404.034
-397.443
-391.09
-376.687
-403.814
-365.401
-393.99
-384.151
-371.657
-407.636
-391.117
-392.299
-403.392
-383.91
-342.624
-366.415
-398.869
-353.989
-406.457
-357.0
-395.092
-421.17
-420.999
-430.799
-414.372
-426.557
-435.011
-430.446
-451.856
-449.78
-470.948
-415.201
-441.661
-479.759
-434.507
-449.207
-437.683
-398.87
-438.333
-416.035
-394.141
-439.555
-428.785
-453.491
-453.34
-435.111
-401.407
-427.119
-436.737
-450.727
-466.387
-448.583
-442.747
-438.997
-382.549
-385.264
-423.329
-411.763
-377.033
-348.348
-381.83
-407.388
-386.709
-423.459
-402.082
-386.077
-374.707
-367.538
-350.615
-341.772
-370.856
-379.316
-384.123
-359.81
-376.725
-318.095
-399.668
-411.006
-390.268
-399.793
-377.199
-444.092
-416.211
-425.569
-402.408
-405.954
-434.675
-419.704
-402.671
-413.028
-406.053
-406.937
-380.492
-404.932
-387.23
-436.317
-372.424
-394.348
-428.156
-436.023
-378.488
-403.539
-423.959
-407.294
-396.651
-423.961
-414.892
-401.145
-382.082
-375.278
-412.482
-345.293
-384.424
-336.424
-381.208
-337.42
-416.997
-378.175
-433.0
-398.008
-362.65
-382.485
-404.868
-408.353
-429.727
-437.215
-384.085
-471.093
-384.993
-437.201
-420.966
-441.177
-417.221
-376.07
-376.36
-364.593
-380.538
-384.167
-390.067
-361.744
-365.733
-370.564
-385.372
-388.418
-392.522
-390.758
-333.229
-392.792
-376.225
-373.657
-390.615
-397.0
-409.561
-463.895
-416.728
-444.999
-378.394
-404.255
-411.504
-454.622
-387.222
-431.087
-422.619
-452.224
-403.665
-390.795
-390.732
-404.501
-382.215
-386.146
-429.776
-413.087
-390.695
-387.183
-395.677
-432.77
-402.089
-408.687
-400.705
-387.335
-402.549
-380.24
-424.575
-413.337
-392.247
-408.635
-387.166
-390.497
-401.977
-396.932
-422.848
-427.862
-446.571
-440.877
-465.889
-430.856
-463.288
-426.398
-448.314
-435.178
-456.095
-454.855
-441.319
-468.711
-464.663
-431.087
-426.302
-457.294
-490.008
-443.91
-428.074
-491.375
-472.538
-471.672
-506.264
-469.077
-459.245
-486.932
-450.226
-446.624
-497.557
-501.29
-497.64
-460.764
-490.771
-519.393
-407.769
-450.403
-463.063
-456.343
-434.483
-438.94
-403.82
-429.537
-408.125
-448.63
-490.598
-414.059
-514.651
-448.483
-419.441
-392.461
-430.115
-430.477
-439.929
-367.348
-399.929
-438.703
-446.668
-433.706
-384.487
-433.878
-451.224
-455.23
-432.522
-409.942
-419.192
-431.824
-403.678
-407.02
-428.848
-452.925
-483.796
-469.437
-437.245
-408.747
-437.919
-433.531
-440.521
-456.46
-441.928
-422.866
-384.642
-404.225
-432.031
-443.748
-409.856
-423.263
-466.318
-413.467
-436.147
-429.394
-431.278
-409.983
-384.458
-432.127
-410.854
-392.034
-404.636
-391.416
-408.566
-425.165
-469.509
-492.752
-477.778
-460.031
-456.315
-390.91
-422.777
-406.363
-434.656
-443.613
-452.775
-452.087
-489.63
-457.871
-460.35
-465.527
-464.14
-433.571
-413.738
-419.331
-397.523
-400.734
-406.733
-480.023
-481.577
-507.449
-461.299
-511.734
-494.278
-475.643
-533.548
-470.465
-473.268
-492.637
-457.974
-497.338
-489.536
-496.696
-495.082
-515.211
-457.762
-499.13
-510.053
-492.098
-451.23
-486.978
-471.841
-443.63
-465.572
-458.325
-489.952
-491.584
-517.311
-489.513
-496.749
-478.249
-493.687
-497.442
-445.191
-454.785
-469.494
-476.968
-440.26
-460.52
-495.968
-490.192
-502.251
-501.848
-488.387
-488.926
-504.342
-455.54
-458.729
-500.634
-513.651
-516.331
-510.438
-523.704
-470.816
-511.27
-514.613
-495.592
-479.448
-517.123
-508.571
-529.058
-500.021
-481.81
-518.945
-511.126
-482.601
-484.362
-492.846
-455.562
-442.226
-479.482
-488.972
-505.755
-432.827
-464.244
-461.014
-509.635
-475.091
-470.109
-448.596
-455.405
-460.928
-454.441
-505.316
-468.326
-457.645
-423.247
-441.988
-493.957
-504.528
-464.49
