-18.843
-22.321
-11.942
-16.264
-13.315
-14.362
-17.312
-25.036
-22.022
-20.317
-16.199
-17.721
-22.715
-19.263
-11.167
-16.443
-15.201
-18.708
-16.747
-18.56
-18.287
-9.66
-17.581
-16.764
-18.063
-14.533
-11.708
-17.226
-12.923
-19.256
-17.871
-16.177
-20.719
-16.191
-12.347
-23.539
-14.558
-14.25
-18.432
-19.571
-13.887
-13.935
-15.097
-11.959
-14.721
-16.655
-17.001
-10.907
-13.293
-17.667
-15.828
-17.239
-17.276
-18.48
-15.722
-12.67
-14.652
-13.6
-12.672
-18.302
-13.888
-18.075
-14.581
-15.352
-13.367
-14.49
-16.1
-19.831
-14.01
-17.659
-14.447
-17.712
-12.511
-16.609
-16.778
-17.599
-13.433
-12.454
-17.904
-18.871
-13.404
-13.265
-14.609
-16.81
-13.487
-15.296
-14.915
-14.811
-17.557
-16.091
-10.959
-18.47
-17.745
-18.09
-15.3
-19.261
-14.506
-13.835
-15.102
-13.824
-19.273
-17.013
-13.428
-17.649
-18.407
-17.133
-16.141
-16.439
-18.486
-16.386
-17.087
-14.61
-15.35
-16.126
-13.661
-18.783
-17.464
-15.022
-17.125
-9.963
-17.459
-15.47
-17.222
-16.172
-15.448
-14.948
-16.26
-13.454
-12.237
-8.867
-16.407
-15.511
-12.584
-17.408
-14.792
-14.115
-6.776
-19.52
-12.87
-11.624
-17.443
-15.316
-9.953
-14.541
-10.031
-13.562
-15.766
-10.392
-14.51
-14.702
-12.727
-17.775
-12.758
-15.392
-12.609
-15.593
-14.21
-10.626
-16.209
-15.731
-14.102
-14.146
-12.915
-14.488
-10.222
-15.223
-16.532
-14.836
-11.942
-10.384
-13.572
-12.41
-16.674
-16.632
-12.141
-13.073
-15.492
-9.92
-18.481
-14.006
-13.046
-16.819
-15.198
-16.256
-11.763
-16.487
-11.877
-18.195
-13.496
-11.12
-14.764
-10.879
-13.43
-16.056
-13.707
-13.105
-15.353
-14.87
-13.347
-14.339
-14.197
-13.036
-16.475
-12.538
-13.455
-12.502
-16.082
-13.508
-11.907
-16.011
-12.505
-18.884
-16.561
-11.118
-13.534
-16.973
-18.976
-18.163
-13.911
-13.614
-17.796
-17.894
-10.968
-11.179
-15.034
-17.863
-9.759
-16.49
-12.144
-17.495
-11.531
-11.681
-15.786
-14.417
-12.984
-14.583
-13.502
-14.474
-14.91
-15.925
-15.948
-14.587
-18.39
-13.171
-11.903
-16.864
-15.289
-12.779
-14.341
-14.748
-13.95
-12.537
-15.447
-14.585
-12.987
-11.15
-14.195
-20.342
-11.039
-14.428
-14.633
-13.733
-14.592
-18.283
-14.471
-18.523
-12.107
-15.635
-14.87
-13.952
-17.918
-15.893
-16.495
-14.511
-16.638
-16.445
-16.902
-17.469
-15.574
-13.237
-14.285
-15.304
-14.701
-12.095
-13.841
-18.819
-13.679
-12.162
-17.124
-15.091
-16.982
-16.194
-11.446
-12.858
-12.498
-16.191
-12.3
-14.564
-16.762
-10.993
-11.265
-14.219
-17.347
-13.654
-12.192
-13.571
-14.096
-17.139
-15.472
-16.64
-18.666
-13.465
-15.012
-15.743
-16.421
-15.515
-19.794
-11.2
-19.558
-13.474
-14.743
-15.069
-13.204
-13.38
-15.293
-16.194
-10.285
-9.397
-13.848
-9.16
-13.5
-11.853
-13.518
-13.622
-11.487
-15.469
-13.533
-19.634
-14.58
-17.672
-15.488
-17.426
-11.898
-11.646
-16.145
-10.484
-14.873
-15.107
-15.089
-14.259
-11.112
-15.013
-11.838
-18.912
-17.934
-16.2
-12.136
-11.738
-17.092
-16.559
-16.062
-17.115
-11.602
-15.403
-11.191
-14.525
-19.335
-13.56
-16.855
-13.899
-18.268
-18.009
-17.215
-17.705
-18.078
-15.944
-15.052
-16.403
-13.305
-18.133
-14.339
-18.587
-17.675
-17.566
-18.593
-12.102
-16.481
-16.508
-16.168
-19.401
-16.199
-11.869
-11.088
-18.582
-18.832
-16.289
-13.875
-12.396
-13.537
-19.689
-17.796
-11.259
-13.841
-9.858
-10.759
-16.219
-14.193
-17.796
-18.004
-18.752
-13.228
-15.496
-14.298
-20.451
-7.211
-13.653
-12.594
-12.73
-13.454
-12.528
-15.94
-15.416
-14.016
-15.352
-11.449
-16.598
-15.583
-15.409
-15.954
-10.218
-9.493
-16.641
-9.836
-16.976
-15.27
-20.015
-14.898
-14.228
-17.71
-22.416
-14.087
-14.636
-12.374
-13.441
-20.621
-18.446
-19.101
-13.327
-17.818
-18.895
-16.009
-15.803
-17.015
-11.378
-16.517
-17.21
-10.58
-16.43
-10.94
-19.113
-18.804
-17.773
-18.305
-21.885
-16.33
-15.044
-19.209
-17.703
-18.39
-14.863
-11.715
-16.577
-16.21
-12.505
-16.846
-16.947
-10.881
-12.082
-17.897
-9.64
-12.365
-13.443
-14.865
-9.632
-8.762
-13.563
-12.638
-17.17
-13.862
-10.324
-13.8
-13.59
-19.704
-20.286
-17.718
-12.845
-7.551
-15.006
-20.743
-15.499
-15.046
