-2.255
-2.657
-1.941
-1.519
-1.372
-1.711
-1.498
-1.709
-2.066
-2.289
-1.988
-1.279
-2.089
-1.867
-1.626
-2.503
-2.243
-2.399
-2.095
-2.256
-1.789
-2.227
-0.969
-1.89
-1.335
-1.601
-1.399
-1.845
-1.587
-2.562
-1.557
-2.662
-2.299
-1.507
-1.535
-2.603
-1.462
-1.874
-1.695
-1.493
-1.057
-1.082
-1.165
-1.058
-0.963
-1.312
-1.484
-0.903
-1.735
-1.631
-1.764
-1.438
-1.594
-1.518
-1.876
-1.381
-1.459
-2.261
-1.0
-1.908
-2.028
-1.655
-1.489
-1.68
-1.894
-1.914
-1.909
-0.956
-0.36
-1.731
-1.07
-2.023
-0.654
-1.221
-0.763
-0.69
-1.007
-0.563
-1.238
-1.762
-1.903
-2.653
-2.252
-0.877
-1.363
-0.53
-2.161
-2.368
-1.616
-1.372
-1.285
-1.248
-2.23
-2.109
-2.653
-1.88
-1.255
-2.416
-1.768
-2.027
-2.095
-2.245
-1.333
-2.503
-2.356
-1.913
-1.131
-1.923
-1.493
-1.586
-1.074
-1.366
-1.304
-1.836
-1.694
-2.71
-2.08
-1.293
-1.773
-2.105
-1.672
-2.375
-1.655
-1.056
-1.729
-1.995
-2.044
-1.393
-2.349
-1.845
-1.637
-1.562
-2.075
-1.754
-0.851
-1.385
-1.571
-1.674
-1.978
-2.03
-2.228
-1.661
-1.444
-1.223
-1.699
-2.315
-1.355
-0.783
-0.825
-2.308
-1.346
-1.71
-2.182
-1.129
-1.279
-1.678
-1.211
-0.713
-1.327
-1.708
-0.935
-1.295
-1.029
-1.515
-1.631
-1.706
-1.04
-1.425
-1.589
-1.682
-0.924
-1.6
-1.571
-1.674
-1.268
-0.842
-1.59
-1.611
-1.562
-1.244
-1.347
-1.295
-0.927
-1.178
-1.195
-1.532
-1.2
-0.869
-0.54
-1.135
-1.265
-1.464
-1.212
-1.005
-1.715
-1.817
-1.188
-0.579
-1.104
-1.159
-0.256
-1.496
-2.061
-1.595
-1.061
-2.161
-1.413
-1.829
-1.673
-1.358
-1.636
-1.02
-2.021
-2.068
-1.364
-1.925
-1.642
-1.226
-2.039
-1.225
-1.173
-1.107
-1.536
-1.931
-1.399
-1.762
-1.818
-1.411
-1.095
-1.083
-1.521
-1.761
-1.371
-1.387
-1.727
-1.226
-1.202
-0.938
-1.566
-1.486
-2.201
-1.707
-2.213
-2.824
-2.341
-2.386
-1.993
-1.887
-1.104
-1.798
-2.329
-1.368
-2.095
-2.303
-2.602
-2.098
-2.382
-1.857
-2.145
-1.707
-1.786
-1.634
-2.088
-1.765
-1.376
-0.824
-2.167
-2.297
-2.162
-1.76
-1.882
-1.959
-2.835
-1.402
-2.273
-2.478
-1.988
-2.207
-2.157
-1.851
-2.467
-1.87
-2.399
-2.055
-1.84
-1.477
-1.972
-1.043
-1.549
-2.084
-1.841
-2.223
-1.248
-1.268
-2.527
-2.601
-2.269
-2.114
-1.759
-1.583
-1.384
-2.221
-2.45
-1.373
-1.436
-1.618
-1.578
-1.557
-2.463
-2.34
-1.75
-2.305
-2.608
-3.067
-2.209
-2.137
-2.461
-1.921
-2.245
-0.565
-1.953
-1.601
-1.235
-1.692
-1.751
-2.163
-2.243
-1.618
-1.581
-1.122
-1.537
-2.417
-1.845
-1.593
-2.051
-1.178
-2.371
-1.851
-0.85
-1.842
-2.404
-1.909
-1.392
-1.887
-2.137
-1.784
-2.412
-1.368
-1.405
-2.043
-1.438
-1.314
-0.629
-1.521
-1.703
-0.94
-2.213
-0.988
-1.392
-1.612
-0.867
-1.763
-2.309
-1.37
-1.192
-1.388
-1.621
-1.695
-1.699
-1.903
-2.475
-2.325
-1.692
-0.99
-1.47
-2.263
-1.522
-1.474
-1.5
-1.334
-1.103
-1.263
-1.454
-1.258
-1.334
-1.129
-1.696
-1.525
-1.74
-2.02
-1.896
-1.849
-1.656
-1.557
-1.432
-1.814
-1.653
-1.661
-1.76
-1.975
-1.962
-1.744
-1.996
-1.243
-1.618
-1.65
-1.83
-1.828
-1.576
-1.416
-0.942
-1.723
-1.386
-1.352
-1.357
-0.937
-1.138
-0.916
-0.965
-1.174
-1.608
-1.969
-1.699
-2.32
-1.814
-2.006
-1.623
-1.3
-1.047
-1.702
-1.813
-1.662
-1.736
-1.729
-1.691
-1.989
-1.882
-1.347
-1.367
-2.046
-1.753
-1.634
-2.238
-1.724
-1.979
-1.563
-1.904
-1.049
-2.162
-0.919
-1.22
-2.024
-1.603
-1.695
-1.564
-1.067
-0.931
-1.193
-1.852
-1.594
-1.741
-1.514
-1.83
-1.593
-2.05
-1.954
-2.046
-1.339
-1.443
-1.532
-1.573
-1.548
-1.577
-1.638
-2.213
-1.384
-2.021
-1.963
-1.233
-1.075
-1.957
-2.159
-1.883
-0.919
-2.116
-1.285
-2.024
-1.918
-1.184
-1.205
-2.133
-2.151
-1.64
-1.853
-1.78
-1.826
-1.254
-1.298
-2.041
-1.662
-1.672
