-3.597
-1.219
-5.514
-2.727
-3.771
-2.489
-2.142
-3.283
-2.702
-4.713
-3.762
-2.773
-3.446
-2.652
-5.268
-4.057
-5.571
-6.046
-6.244
-3.636
-7.253
-6.789
-5.44
-3.276
-7.104
-4.195
-5.432
-5.677
-6.289
-5.554
-5.652
-5.411
-3.648
-3.326
-7.872
-4.328
-5.717
-6.81
-2.208
-3.233
-6.416
-6.136
-7.053
-7.321
-8.533
-7.044
-4.001
-6.129
-4.769
-6.07
-7.097
-0.447
-5.343
-4.435
-3.028
-6.453
-0.748
-6.426
-5.147
-4.083
-5.268
-0.837
-5.57
-5.206
-5.31
-3.227
-6.254
-5.475
-6.161
-3.81
-4.638
-4.858
-2.958
-2.162
-4.633
-4.913
-5.11
-6.102
-4.896
-5.52
-1.959
-5.817
-2.371
-4.898
-3.642
-5.381
-4.286
-1.819
-4.035
-3.887
-8.056
-8.033
-2.492
-2.597
-5.341
-3.297
-3.837
-7.251
-7.184
-4.173
-5.901
-5.592
-3.642
-8.657
-5.318
-4.502
-4.338
-4.621
-0.125
-6.456
-4.067
-3.456
-6.208
-4.352
-7.803
-3.042
-0.807
-4.332
-5.454
-4.607
-4.427
-3.52
-8.025
-4.029
-5.663
-1.176
-6.951
-2.931
-2.047
-3.94
-1.475
-6.524
-4.309
-3.797
-6.177
-5.153
-3.81
-5.3
-1.656
-3.396
-6.857
-5.372
-6.57
-1.714
-7.268
-3.489
-4.298
-4.164
-2.338
-6.078
-4.082
-2.008
-4.658
-5.051
-2.772
-2.837
-2.223
-6.38
-5.153
-4.829
-5.928
-5.398
-4.276
-6.25
-3.52
-6.46
-3.718
-5.471
-3.07
-1.379
-5.066
-2.358
-1.94
-5.438
-6.749
-4.003
-4.637
-4.32
-4.775
-5.571
-8.19
-3.031
-5.8
-3.099
-3.168
-4.87
-3.54
-5.867
-4.416
-2.565
-0.959
-2.885
-6.292
-3.15
-3.694
-7.496
-5.285
-5.128
-3.393
-5.35
-2.423
-5.283
-5.152
-1.632
-6.385
-3.814
-4.031
-3.165
-2.926
-3.913
-4.399
-3.443
-2.12
-1.684
-4.92
-4.214
-1.172
-2.585
-4.064
-1.442
-4.147
-2.609
-3.81
-6.341
-4.45
-4.989
-2.941
-2.15
-0.91
-1.846
-2.153
-3.428
-2.689
-2.928
-2.794
-2.286
-3.747
-1.819
-3.977
-1.667
-0.62
-1.337
-2.67
-2.034
-1.917
-4.492
-5.769
-2.583
-3.109
-2.372
-3.648
-3.285
-3.381
-4.105
-1.493
-4.869
-5.304
-5.139
-4.937
-2.608
-2.939
-2.591
-3.991
-0.938
-4.211
-3.816
-5.279
-4.353
-3.853
-3.014
-3.416
-4.768
-4.367
-5.806
-6.093
-2.759
-2.875
-5.974
-5.915
-6.615
-3.202
-5.533
-3.741
-6.978
-6.022
-6.133
-6.229
-5.65
-5.693
-6.008
-7.095
-7.465
-4.742
-7.263
-7.139
-7.086
-6.403
-8.251
-6.007
-6.272
-5.203
-8.12
-6.382
-5.609
-5.412
-3.388
-5.474
-4.387
-8.424
-5.085
-6.964
-6.35
-2.373
-2.076
-6.408
-5.7
-8.402
-7.177
-3.605
-5.039
-6.252
-4.896
-4.535
-7.054
-5.205
-5.088
-7.665
-3.182
-5.525
-3.9
-3.33
-4.679
-5.226
-6.716
-4.465
-5.234
-5.821
-4.674
-5.827
-6.301
-6.062
-3.319
-4.898
-5.743
-6.526
-5.117
-6.057
-3.5
-5.299
-7.779
-6.496
-4.047
-3.434
-6.188
-3.88
-6.251
-3.616
-5.225
-3.323
-6.195
-4.904
-4.481
-5.384
0.13
-6.942
-5.297
-4.998
-6.912
-3.647
-1.856
-5.47
-5.575
-5.035
-6.98
-5.124
-6.402
-6.608
-2.307
-3.626
-6.102
-2.043
-6.369
-1.942
-3.339
-6.124
-3.141
-5.353
-4.861
-6.655
-4.861
-4.875
-5.005
-6.729
-2.765
-2.096
-8.293
-4.476
-4.175
-7.119
-7.633
-6.603
-1.028
-4.65
-3.541
-1.494
-2.439
-3.784
-0.494
-5.487
-2.341
-7.339
-4.602
-2.794
-3.62
-1.162
-2.365
-4.495
-4.822
-3.597
-2.308
-4.127
-5.135
-4.09
-3.37
-5.36
-3.983
-1.117
-5.874
-3.766
-5.347
-3.747
-2.316
-0.036
-6.27
-2.109
-1.66
-1.979
-3.316
-0.585
-1.683
-3.803
-5.116
-2.869
-3.18
-0.36
-3.21
-1.419
-1.064
-2.75
-4.688
-2.475
-1.084
-6.089
-4.811
-7.66
-4.023
-5.855
-6.983
-4.333
-6.827
-5.254
-6.484
-1.27
-8.292
-5.849
-5.725
-7.109
-7.016
-6.504
-5.775
-5.335
-3.799
-4.994
-4.401
-5.622
-4.363
-5.902
-3.953
-4.579
-4.6
-5.968
-5.102
-0.725
0.171
-1.803
-0.776
-4.286
-5.646
-3.259
-0.18
-3.601
-3.17
-3.019
-2.35
-1.455
-0.858
-2.936
-2.227
-2.072
-3.331
0.226
