-401.678
-419.037
-425.139
-464.955
-426.024
-457.172
-445.537
-452.506
-468.868
-403.707
-416.314
-445.401
-412.568
-419.958
-467.827
-455.337
-417.036
-434.383
-456.01
-445.38
-403.044
-402.52
-441.115
-450.769
-441.21
-453.059
-474.769
-457.287
-464.344
-449.591
-427.077
-490.947
-475.408
-447.453
-427.595
-433.562
-430.22
-462.74
-472.899
-449.611
-510.533
-525.873
-566.275
-550.469
-511.856
-588.515
-509.604
-537.042
-491.956
-519.289
-529.387
-551.115
-560.444
-485.44
-567.865
-594.119
-545.408
-571.48
-565.06
-559.908
-563.89
-547.935
-522.514
-524.22
-515.361
-502.052
-458.923
-492.033
-504.403
-526.129
-490.66
-492.318
-544.592
-526.146
-587.31
-556.34
-601.813
-568.56
-553.843
-561.007
-530.106
-549.994
-553.646
-563.422
-539.062
-505.831
-512.85
-510.961
-532.71
-554.146
-545.864
-534.175
-527.698
-575.411
-566.953
-545.278
-561.003
-563.609
-572.393
-549.768
-551.15
-574.41
-561.683
-549.933
-559.25
-512.155
-530.5
-584.791
-521.704
-517.639
-489.647
-575.18
-536.593
-548.832
-480.196
-547.764
-546.641
-556.898
-545.766
-551.727
-514.136
-511.639
-540.659
-546.22
-531.683
-514.389
-534.642
-507.368
-560.386
-530.161
-549.058
-513.973
-554.334
-576.426
-536.639
-541.741
-517.195
-546.787
-535.396
-557.362
-526.453
-543.382
-542.1
-513.06
-538.344
-560.135
-551.068
-584.626
-541.926
-576.634
-559.793
-575.789
-534.96
-557.302
-575.7
-605.542
-567.372
-604.637
-578.67
-536.044
-564.873
-598.977
-574.554
-564.489
-579.931
-611.404
-570.933
-554.957
-544.261
-533.544
-488.53
-487.832
-479.757
-474.804
-470.772
-491.162
-511.212
-522.25
-491.073
-517.431
-524.837
-489.538
-499.917
-489.059
-514.678
-497.42
-493.004
-488.245
-469.326
-497.942
-475.331
-542.351
-486.9
-529.653
-538.645
-517.103
-512.655
-506.053
-540.447
-498.733
-517.05
-510.241
-491.793
-496.512
-525.609
-535.832
-516.949
-540.128
-511.777
-496.723
-472.536
-469.429
-477.448
-488.033
-506.676
-467.276
-480.602
-502.392
-466.933
-483.134
-506.386
-486.224
-496.027
-463.323
-461.216
-469.172
-497.148
-494.169
-447.172
-465.419
-491.817
-503.561
-474.959
-462.479
-517.16
-456.441
-478.579
-468.829
-426.51
-419.433
-416.24
-427.507
-435.478
-453.233
-502.001
-536.06
-514.049
-509.282
-517.164
-495.251
-465.097
-449.898
-463.757
-464.762
-506.655
-461.053
-499.59
-459.851
-412.359
-420.362
-431.758
-457.547
-463.001
-481.371
-486.023
-496.222
-527.184
-515.71
-454.876
-435.339
-470.028
-490.408
-503.83
-474.03
-491.644
-473.699
-475.437
-506.203
-505.895
-472.868
-478.097
-482.533
-449.141
-471.167
-536.407
-477.6
-462.187
-460.912
-500.777
-468.297
-473.925
-500.769
-491.039
-525.86
-483.52
-515.292
-519.618
-504.721
-485.624
-493.356
-514.838
-488.313
-488.729
-520.631
-490.991
-444.478
-476.927
-474.865
-462.105
-427.954
-434.312
-459.615
-420.365
-464.78
-434.111
-499.328
-481.873
-485.091
-440.616
-444.862
-450.913
-444.935
-433.698
-458.194
-447.581
-461.802
-419.428
-487.997
-480.263
-494.329
-456.426
-505.753
-456.561
-475.726
-502.59
-484.379
-490.691
-484.431
-484.758
-464.832
-505.233
-548.756
-522.095
-475.828
-501.874
-473.087
-524.468
-540.48
-468.633
-533.21
-524.007
-523.232
-432.995
-498.984
-488.283
-513.137
-547.294
-538.099
-564.975
-566.821
-530.375
-517.452
-529.493
-498.498
-523.459
-482.638
-519.814
-479.753
-504.121
-476.454
-485.324
-453.034
-473.411
-455.992
-454.477
-462.54
-437.075
-502.095
-434.672
-420.742
-436.357
-490.024
-461.851
-474.866
-492.975
-496.332
-528.204
-436.387
-456.544
-452.302
-479.283
-447.381
-464.816
-461.255
-470.336
-479.204
-437.285
-412.234
-459.169
-465.139
-465.071
-510.966
-504.411
-474.415
-513.69
-517.174
-539.745
-527.293
-538.843
-477.695
-490.444
-505.133
-432.796
-462.264
-471.617
-442.5
-460.077
-459.038
-483.125
-462.787
-502.414
-536.051
-514.437
-461.955
-518.853
-476.662
-545.228
-550.744
-510.65
-573.903
-537.061
-533.559
-524.783
-502.238
-514.123
-482.374
-435.33
-469.989
-477.661
-493.868
-527.047
-485.79
-506.73
-506.393
-476.777
-507.36
-489.5
-511.51
-515.675
-514.662
-503.188
-492.634
-473.995
-490.243
-521.673
-477.032
-537.469
-480.052
-520.062
-493.823
-497.901
-539.458
-460.49
-548.928
-487.583
-529.476
-525.984
-453.263
-476.529
-487.01
-500.91
-453.18
-464.858
-500.827
-464.324
-510.496
-484.746
-536.698
-490.056
-458.454
-498.466
-492.898
-452.201
-446.307
-446.597
-442.783
-452.249
-471.269
-505.105
-459.776
-423.419
-402.284
-454.222
-445.346
-462.699
-415.948
-536.221
-486.014
-496.407
-529.782
-493.701
