-0.177
-0.039
-0.233
-0.16
-0.281
-0.109
-0.092
-0.169
-0.158
-0.115
-0.132
-0.243
-0.19
-0.158
-0.238
-0.174
-0.137
-0.163
-0.24
-0.027
-0.131
-0.198
-0.196
-0.217
-0.287
-0.141
-0.217
-0.169
-0.115
-0.198
-0.123
-0.126
-0.224
-0.167
-0.163
-0.239
-0.065
-0.056
-0.228
-0.212
-0.242
-0.294
-0.272
-0.286
-0.123
-0.225
-0.292
-0.286
-0.22
-0.149
-0.159
-0.238
-0.276
-0.204
-0.173
-0.294
-0.231
-0.204
-0.201
-0.254
-0.148
-0.138
-0.177
-0.27
-0.325
-0.316
-0.262
-0.274
-0.315
-0.196
-0.146
-0.194
-0.274
-0.16
-0.208
-0.143
-0.168
-0.233
-0.215
-0.197
-0.212
-0.181
-0.237
-0.376
-0.184
-0.202
-0.206
-0.186
-0.256
-0.204
-0.246
-0.252
-0.369
-0.246
-0.354
-0.252
-0.214
-0.271
-0.258
-0.221
-0.186
-0.209
-0.294
-0.16
-0.241
-0.226
-0.162
-0.289
-0.261
-0.213
-0.153
-0.13
-0.183
-0.281
-0.206
-0.282
-0.266
-0.161
-0.21
-0.352
-0.311
-0.24
-0.119
-0.232
-0.188
-0.229
-0.247
-0.201
-0.214
-0.185
-0.205
-0.296
-0.249
-0.277
-0.26
-0.341
-0.312
-0.265
-0.264
-0.229
-0.204
-0.211
-0.239
-0.31
-0.298
-0.181
-0.392
-0.276
-0.239
-0.312
-0.145
-0.17
-0.202
-0.263
-0.162
-0.245
-0.131
-0.23
-0.143
-0.159
-0.209
-0.146
-0.293
-0.258
-0.247
-0.242
-0.182
-0.415
-0.312
-0.237
-0.234
-0.195
-0.263
-0.278
-0.283
-0.231
-0.222
-0.148
-0.316
-0.326
-0.268
-0.206
-0.374
-0.285
-0.268
-0.2
-0.398
-0.374
-0.396
-0.338
-0.381
-0.287
-0.392
-0.37
-0.334
-0.292
-0.283
-0.325
-0.307
-0.161
-0.287
-0.318
-0.285
-0.371
-0.153
-0.318
-0.338
-0.324
-0.139
-0.22
-0.203
-0.194
-0.116
-0.286
-0.213
-0.196
-0.222
-0.239
-0.273
-0.247
-0.226
-0.292
-0.119
-0.234
-0.24
-0.098
-0.206
-0.286
-0.297
-0.09
-0.437
-0.311
-0.32
-0.289
-0.379
-0.192
-0.311
-0.306
-0.265
-0.229
-0.187
-0.139
-0.25
-0.273
-0.374
-0.259
-0.291
-0.172
-0.119
-0.299
-0.277
-0.249
-0.329
-0.352
-0.292
-0.213
-0.262
-0.212
-0.176
-0.275
-0.131
-0.152
-0.223
-0.148
-0.067
-0.236
-0.131
-0.237
-0.226
-0.148
-0.196
-0.082
-0.119
-0.078
-0.26
-0.17
-0.34
-0.195
-0.269
-0.423
-0.083
-0.292
-0.236
-0.246
-0.097
-0.188
-0.415
-0.304
-0.335
-0.356
-0.308
-0.34
-0.454
-0.374
-0.289
-0.29
-0.364
-0.216
-0.247
-0.329
-0.232
-0.229
-0.239
-0.242
-0.04
-0.155
-0.167
-0.201
-0.243
-0.156
-0.176
-0.25
-0.246
-0.132
-0.081
-0.207
-0.14
-0.179
-0.257
-0.289
-0.217
-0.222
-0.146
-0.24
-0.13
-0.128
-0.244
-0.294
-0.231
-0.19
-0.187
-0.243
-0.258
-0.263
-0.113
-0.218
-0.306
-0.289
-0.222
-0.278
-0.227
-0.162
-0.173
-0.171
-0.183
-0.193
-0.243
-0.303
-0.161
-0.224
-0.166
-0.246
-0.072
-0.209
-0.191
-0.118
-0.153
-0.208
-0.205
0.04
-0.03
-0.191
-0.104
-0.025
-0.001
-0.225
-0.301
-0.108
-0.22
-0.119
-0.117
-0.105
-0.196
-0.102
-0.051
-0.051
-0.103
-0.214
-0.144
-0.208
-0.241
-0.143
-0.073
-0.021
-0.249
-0.254
-0.346
-0.181
-0.181
-0.186
-0.182
-0.287
-0.222
-0.192
-0.216
-0.207
-0.154
-0.327
-0.101
-0.167
-0.091
-0.214
-0.182
-0.294
-0.147
-0.184
-0.264
-0.161
-0.098
-0.146
-0.246
-0.305
-0.187
-0.167
-0.28
-0.224
-0.204
-0.322
-0.247
-0.229
-0.332
-0.288
-0.262
-0.165
-0.218
-0.161
-0.225
-0.2
-0.193
-0.186
-0.228
-0.273
-0.296
-0.156
-0.335
-0.292
-0.246
-0.101
-0.136
-0.155
-0.151
-0.299
-0.299
-0.168
-0.277
-0.177
-0.245
-0.252
-0.273
-0.157
-0.208
-0.239
-0.229
-0.184
-0.231
-0.236
-0.325
-0.236
-0.328
-0.263
-0.217
-0.239
-0.152
-0.246
-0.169
-0.31
-0.265
-0.21
-0.183
-0.179
-0.242
-0.125
-0.318
-0.096
-0.17
-0.178
-0.282
-0.325
-0.295
-0.226
-0.168
-0.227
-0.198
-0.167
-0.239
-0.202
-0.202
-0.099
-0.243
-0.275
-0.178
-0.23
-0.215
-0.142
-0.218
-0.24
-0.239
-0.161
-0.265
-0.234
-0.227
