-1.562
-3.461
-5.046
-4.793
-3.991
-6.403
-3.516
-4.646
-7.065
-4.515
-4.048
-4.565
-5.262
-5.234
-7.094
-9.296
-6.443
-6.215
-4.658
-4.109
-4.342
-6.205
-5.881
-3.48
-7.836
-6.669
-4.232
-3.509
-3.996
-4.049
-4.322
-4.545
-5.94
-3.257
-7.16
-5.771
-3.694
-6.118
-3.202
-6.035
-7.461
-4.825
-6.484
-7.455
-2.876
-6.132
-5.331
-4.698
-4.692
-5.563
-3.527
-7.338
-2.295
-4.972
-3.093
-5.088
-6.528
-5.624
-3.692
-5.082
-4.141
-4.711
-5.332
-6.931
-5.335
-3.657
-4.015
-5.216
-5.319
-3.82
-7.404
-4.457
-6.568
-2.01
-4.76
-3.366
-4.412
-2.607
-4.356
-0.071
-2.276
-3.401
-3.786
-4.42
-3.538
-3.639
-4.216
-2.661
-3.93
-6.005
-5.781
-7.099
-6.509
-6.455
-6.174
-4.406
-5.776
-6.753
-6.857
-5.636
-9.508
-7.211
-6.551
-4.504
-6.445
-3.843
-5.282
-5.009
-5.474
-6.197
-2.331
-4.688
-3.375
-3.809
-4.427
-3.505
-4.855
-2.762
-4.048
-3.001
-4.371
-2.731
-1.9
-3.128
-4.176
-3.116
-4.278
-1.829
0.228
-4.054
-1.46
-1.268
-2.379
-3.497
-1.053
0.201
-2.88
-2.26
-3.578
-6.367
-2.84
-8.527
-7.988
-6.121
-7.141
-5.0
-7.069
-7.029
-4.234
-5.362
-7.146
-9.164
-8.045
-5.859
-6.327
-6.186
-6.872
-8.997
-5.779
-3.627
-5.305
-6.882
-4.97
-6.82
-5.315
-5.43
-8.997
-4.689
-3.664
-2.798
-2.523
-1.67
-1.889
-3.51
-2.94
-3.391
-2.921
-1.761
-2.31
-1.507
-0.727
-1.46
-1.309
-2.359
-4.279
-4.842
-5.137
-3.303
-1.396
-0.189
-2.651
-1.556
-2.143
-5.645
-1.039
-4.024
-0.975
-0.594
-2.571
-7.887
-5.867
-2.852
-2.391
-3.955
-3.066
-4.158
-3.264
-3.692
-7.634
-0.106
-4.962
-2.273
-7.333
-3.917
-4.429
-2.702
-3.399
-5.699
-3.902
-2.744
-5.974
-1.09
-2.787
-4.132
-4.059
-4.663
-5.466
-2.478
-2.648
-2.616
-5.231
-6.162
-7.077
-4.336
-4.53
-5.055
-4.731
-4.227
-4.288
-4.559
-4.748
-3.988
-2.989
-2.579
-4.212
-4.249
-5.971
-3.488
-5.806
-4.795
-2.917
-0.937
-4.451
-0.599
-2.623
-4.002
-1.505
-3.818
-2.45
-5.129
-5.262
-3.423
-5.505
-2.648
-3.164
-3.905
-4.028
-4.065
-5.644
-4.999
-3.157
-6.442
-4.774
-5.406
-1.718
-4.566
-4.059
-4.02
-5.956
-5.903
-3.665
-1.318
-4.654
-5.195
-7.936
-6.31
-4.325
-6.088
-7.187
-4.929
-5.129
-4.164
-4.237
-6.756
-4.495
-4.945
-2.541
-3.64
-3.491
-4.12
-2.234
-2.579
-3.765
-4.466
-5.151
-4.512
-3.012
-2.235
-3.274
-4.89
-4.435
-2.741
-5.135
-1.507
-5.448
-5.556
-5.02
-1.126
-4.222
-6.609
-4.926
-1.181
-1.821
-3.73
-4.021
-3.563
-5.216
-4.202
-4.42
-4.073
-4.014
-4.33
-4.493
-4.269
-3.006
-3.501
-5.615
-3.549
-6.333
-3.897
-4.237
-3.62
-6.56
-4.824
-6.474
-4.403
-3.552
-4.487
-4.174
-3.618
-5.375
-4.726
-2.794
-2.438
-3.619
-5.546
-6.494
-4.428
-6.63
-4.912
-8.681
-6.871
-6.752
-6.084
-6.915
-5.491
-6.935
-8.702
-6.61
-5.715
-7.922
-7.899
-7.646
-7.153
-3.526
-8.266
-5.453
-5.086
-6.036
-3.406
-4.901
-3.99
-4.181
-5.695
-5.766
-4.41
-5.716
-6.317
-9.622
-5.898
-1.638
-1.072
-3.002
-3.497
-4.226
-3.715
-2.542
-4.982
-5.16
-3.662
-5.709
-4.893
-4.048
-4.523
-7.345
-6.084
-7.796
-6.449
-4.283
-4.95
-6.115
-5.665
-6.505
-7.02
-6.234
-6.101
-5.441
-6.944
-6.581
-6.158
-6.099
-8.002
-6.391
-7.093
-3.492
-3.386
-4.1
-3.387
-2.883
-3.693
-4.737
-4.223
-3.992
-3.417
-4.863
-5.668
-2.886
-6.047
-4.12
-4.126
-5.077
-4.331
-4.413
-1.24
-3.189
-2.443
-4.477
-4.466
-1.85
-4.943
-4.521
-1.996
-2.253
-1.869
-3.259
0.723
-2.496
-3.694
-2.937
-2.432
-4.534
-4.749
-3.893
-4.597
-4.019
-3.492
-3.932
-3.587
-3.98
-3.434
-6.258
-1.476
-4.508
-4.247
-4.035
-6.495
-6.279
-4.402
-4.243
-8.13
-5.682
-4.858
-0.427
-2.618
-2.823
-0.888
-3.588
0.182
-6.643
0.009
-0.94
-5.257
-3.172
-2.381
-2.383
-1.495
-0.382
-6.091
-4.425
-6.896
-3.985
