-1.388
-0.887
-0.504
-1.406
-1.846
-2.042
-1.7
-2.063
-1.956
-2.276
-1.708
-2.574
-2.121
-2.041
-2.053
-2.493
-2.059
-1.341
-1.344
-1.942
-0.996
-0.754
-1.563
-1.288
-1.887
-1.095
-1.585
0.072
-1.21
-1.27
-0.511
-0.455
-0.664
-1.203
-1.58
-2.087
-1.497
-0.422
-1.855
-0.741
-2.188
-2.51
-2.353
-1.92
-2.225
-2.481
-2.234
-1.739
-1.163
-1.844
-1.373
-2.076
-2.099
-1.53
-1.326
-1.964
-1.922
-1.389
-1.797
-1.546
-1.144
-1.752
-1.242
-1.545
-1.49
-1.606
-1.127
-1.058
-1.609
-1.4
-0.874
-1.87
-0.827
-1.738
-2.225
-1.302
-2.01
-1.693
-1.388
-1.915
-1.936
-1.953
-1.466
-1.675
-2.27
-1.523
-1.901
-1.608
-1.339
-1.944
-2.537
-1.922
-2.12
-2.133
-1.887
-1.932
-1.589
-1.878
-2.204
-1.657
-2.815
-1.767
-2.314
-2.165
-2.121
-1.7
-2.139
-1.674
-1.855
-1.928
-1.721
-1.53
-1.667
-1.148
-0.954
-2.051
-1.598
-0.965
-1.728
-2.338
-1.737
-2.403
-2.489
-2.429
-1.791
-1.553
-1.769
-1.649
-2.109
-1.366
-1.433
-1.914
-2.412
-1.765
-2.139
-1.865
-2.046
-1.786
-1.852
-1.771
-1.747
-1.867
-1.542
-2.046
-1.833
-2.012
-1.733
-2.189
-2.934
-1.898
-1.862
-2.123
-2.085
-1.825
-1.428
-1.123
-1.64
-2.1
-2.133
-1.61
-2.67
-1.103
-1.805
-2.418
-0.639
-1.307
-2.653
-2.2
-1.809
-0.961
-1.397
-1.5
-1.445
-0.564
-1.528
-1.353
-2.162
-2.269
-1.862
-1.626
-1.511
-1.03
-1.677
-1.479
-1.45
-1.553
-2.152
-1.497
-0.55
-1.468
-2.318
-1.833
-2.038
-1.79
-1.894
-1.789
-2.034
-2.194
-1.328
-2.402
-1.485
-1.312
-1.151
-1.569
-1.656
-1.872
-1.971
-2.338
-1.587
-1.352
-1.154
-2.231
-1.677
-1.884
-1.842
-2.185
-1.406
-1.253
-1.402
-1.944
-1.978
-1.473
-1.418
-1.511
-1.903
-1.695
-1.542
-1.247
-2.484
-1.674
-1.674
-2.371
-0.802
-1.158
-1.031
-1.79
-1.369
-2.058
-1.363
-1.389
-0.977
-1.705
-1.259
-2.252
-0.944
-1.002
-1.822
-1.928
-1.6
-1.407
-1.14
-1.028
-1.551
-0.856
-1.066
-0.737
-1.667
-1.147
-0.73
-0.967
-0.732
-0.744
-0.924
-1.647
-1.58
-0.98
-1.449
-1.426
-1.527
-1.339
-1.667
-1.403
-2.192
-1.825
-1.509
-2.029
-1.538
-1.792
-2.213
-1.568
-1.58
-1.625
-1.332
-1.054
-1.273
-2.313
-1.181
-1.211
-1.607
-1.639
-2.508
-1.977
-1.672
-1.678
-1.401
-1.902
-1.846
-1.908
-0.733
-1.914
-1.025
-1.315
-1.408
-1.628
-1.433
-1.108
-1.185
-1.993
-1.837
-1.369
-1.414
-1.868
-1.537
-0.994
-1.03
-1.615
-1.868
-0.961
-1.498
-1.418
-1.992
-0.995
-2.035
-1.334
-0.963
-1.661
-1.316
-0.4
-0.722
-0.603
-1.853
-0.472
-0.854
-1.442
-1.225
-1.246
-1.251
-0.561
-1.471
-0.809
-0.468
-1.39
-1.331
-0.942
-0.977
-0.999
-0.943
-1.114
-0.601
-1.213
-1.441
-0.741
-0.743
-1.614
-1.874
-1.776
-1.59
-1.784
-1.723
-0.975
-1.373
-2.901
-1.86
-0.672
-1.764
-1.057
-1.642
-1.335
-1.691
-1.859
-1.306
-1.179
-1.309
-0.972
-1.645
-1.121
-0.291
-1.668
-0.84
-0.514
-0.726
-1.697
-1.358
-1.878
-0.651
-1.144
-0.889
-0.865
-1.66
-1.279
-1.082
-0.562
-0.977
-1.031
-0.832
-0.632
-1.106
-1.1
-0.226
-1.905
0.009
-0.932
-1.318
-1.383
-1.236
-0.769
-1.391
-0.654
-0.682
-0.214
-1.219
-1.58
-0.688
-1.153
-0.267
-0.891
-1.039
-0.811
-0.985
-1.025
-2.117
-1.67
-2.008
-1.89
-0.564
-1.39
-1.716
-1.212
-1.588
-0.673
-0.852
-1.36
-1.798
-1.887
-1.535
-0.213
-0.755
-1.005
-1.328
-0.732
-1.798
-1.101
-1.264
-2.009
-1.349
-1.603
-1.467
-1.243
-0.876
-1.092
-0.472
-0.631
-0.524
-1.817
-1.133
-1.16
-1.347
-1.311
-1.046
-0.971
-1.194
-1.584
-1.058
-1.092
-1.914
-1.539
-0.93
-1.371
-0.957
-1.293
-1.142
-0.506
-0.975
-0.894
-2.071
-1.256
-1.084
-1.177
-1.714
-0.915
-1.652
-1.078
-2.468
-1.217
-0.967
-1.15
-1.572
-1.601
-1.699
-1.137
-1.497
-1.254
-1.526
-1.793
-1.213
-1.369
-1.434
-1.45
-1.961
-0.991
-1.644
