-59.7
-65.0
-55.99
-64.52
-56.58
-66.85
-62.61
-65.69
-67.21
-61.96
-59.06
-69.08
-64.42
-69.42
-63.61
-72.36
-64.85
-62.7
-69.76
-63.52
-61.99
-60.93
-62.04
-68.03
-59.54
-58.36
-67.2
-56.93
-64.11
-53.47
-56.77
-62.48
-65.86
-58.42
-61.53
-61.79
-59.46
-58.77
-63.7
-68.96
-74.4
-75.93
-83.75
-65.16
-70.44
-67.65
-72.69
-76.46
-71.06
-77.9
-68.26
-84.05
-81.9
-79.87
-79.33
-70.39
-80.07
-72.68
-75.35
-69.09
-73.25
-73.33
-79.5
-58.94
-73.17
-71.27
-72.55
-67.96
-72.86
-77.06
-60.51
-65.78
-70.81
-70.08
-80.5
-70.66
-78.68
-72.32
-80.31
-82.66
-72.11
-67.78
-76.88
-78.14
-82.81
-75.67
-77.69
-72.53
-71.05
-79.48
-78.71
-76.51
-82.8
-82.7
-82.32
-76.66
-80.63
-78.64
-77.0
-72.45
-79.01
-79.78
-78.09
-75.11
-72.68
-70.02
-70.48
-61.63
-70.25
-70.57
-72.91
-64.2
-74.16
-61.71
-73.84
-75.93
-64.5
-75.52
-69.34
-74.21
-81.55
-64.03
-72.28
-72.47
-74.62
-65.11
-57.24
-72.98
-71.27
-70.88
-70.0
-68.39
-75.57
-76.41
-76.27
-83.09
-79.15
-77.23
-83.9
-68.83
-83.37
-82.53
-68.31
-77.83
-84.11
-78.0
-75.05
-76.64
-81.08
-87.0
-80.3
-79.01
-76.83
-79.86
-80.52
-83.09
-81.97
-77.28
-75.09
-72.58
-75.39
-71.39
-87.06
-80.77
-73.9
-75.03
-80.87
-88.74
-66.34
-66.53
-66.57
-59.72
-68.79
-69.68
-70.55
-57.8
-70.67
-71.51
-70.23
-67.89
-71.24
-71.7
-65.32
-69.12
-74.14
-66.33
-71.97
-72.35
-70.49
-72.85
-74.12
-75.7
-73.11
-71.49
-75.86
-71.15
-74.83
-69.71
-70.58
-66.05
-69.24
-73.8
-63.33
-63.44
-70.63
-82.21
-80.34
-74.21
-74.44
-64.88
-55.88
-65.79
-63.35
-57.6
-66.2
-65.05
-64.73
-69.1
-63.09
-70.98
-68.26
-59.74
-61.26
-63.59
-62.34
-68.41
-60.62
-63.81
-67.66
-58.15
-62.28
-66.28
-63.57
-66.74
-64.73
-60.94
-60.7
-64.35
-62.35
-60.31
-61.96
-63.76
-59.89
-65.54
-65.3
-72.03
-74.77
-79.34
-72.34
-76.73
-64.16
-63.84
-64.39
-61.84
-56.86
-59.0
-58.88
-60.1
-62.41
-60.78
-61.39
-54.44
-65.27
-68.27
-60.47
-62.23
-61.93
-64.3
-66.33
-58.02
-58.1
-66.22
-76.12
-61.3
-68.57
-61.83
-74.03
-64.48
-63.87
-70.66
-62.45
-66.3
-64.27
-68.63
-65.27
-61.9
-58.13
-61.92
-65.53
-63.94
-63.72
-66.87
-56.0
-64.0
-68.76
-68.5
-67.73
-65.61
-69.46
-66.38
-72.55
-56.32
-59.12
-65.16
-64.73
-65.55
-64.87
-65.76
-63.25
-56.06
-64.41
-67.45
-63.97
-66.29
-61.86
-69.94
-61.92
-59.7
-61.41
-68.57
-68.97
-62.25
-61.15
-53.52
-58.74
-66.46
-59.96
-62.28
-66.05
-63.52
-71.68
-75.01
-65.05
-70.51
-78.12
-70.47
-69.85
-59.15
-75.33
-64.25
-71.35
-74.55
-67.27
-68.15
-74.02
-74.36
-72.24
-61.61
-66.4
-60.37
-68.04
-63.76
-64.37
-74.66
-68.68
-67.43
-71.18
-72.95
-64.12
-72.78
-59.31
-73.05
-69.27
-69.4
-64.19
-54.94
-69.88
-60.26
-57.12
-67.59
-63.91
-58.16
-64.91
-57.69
-58.78
-71.48
-60.66
-72.79
-65.55
-63.58
-66.51
-74.01
-64.59
-69.52
-73.77
-65.9
-72.28
-65.97
-67.42
-67.55
-74.13
-72.87
-64.12
-69.95
-68.5
-62.28
-61.49
-60.61
-56.16
-66.11
-68.05
-71.24
-69.0
-74.57
-65.62
-63.61
-68.04
-67.5
-68.45
-65.16
-60.68
-66.82
-66.79
-66.66
-60.07
-69.08
-48.36
-71.64
-68.89
-72.19
-78.61
-68.29
-76.7
-74.96
-66.1
-69.93
-67.17
-64.78
-70.37
-75.15
-64.02
-70.39
-72.15
-76.16
-72.62
-65.89
-67.26
-66.91
-65.91
-64.16
-75.72
-74.19
-69.68
-70.52
-68.37
-77.27
-69.38
-75.51
-75.8
-70.47
-62.26
-62.41
-65.05
-77.25
-71.99
-66.23
-72.15
-67.38
-73.73
-74.86
-64.78
-75.93
-70.1
-75.4
-65.12
-80.47
-68.77
-64.31
-63.88
-64.83
-67.99
-65.24
-69.72
-75.19
-78.52
-78.52
-65.35
-75.18
-72.1
-74.8
-75.92
-80.18
-75.78
-69.85
-64.69
-66.97
-66.18
-66.37
-73.05
-67.46
-68.97
-61.8
-70.39
-70.66
-66.25
-64.65
-70.29
-68.43
-73.69
-76.08
-72.82
