-232.02
-269.562
-235.028
-302.859
-255.007
-297.04
-263.748
-291.305
-307.272
-243.412
-255.792
-286.662
-241.167
-246.352
-308.192
-292.263
-264.113
-268.307
-268.417
-256.057
-280.114
-277.485
-313.375
-296.973
-300.695
-285.522
-309.317
-326.742
-323.31
-312.958
-258.394
-268.349
-305.184
-310.875
-293.751
-354.226
-340.039
-316.07
-313.296
-315.899
-309.777
-387.7
-377.089
-329.915
-341.702
-461.984
-400.82
-392.914
-346.956
-393.692
-373.239
-421.514
-445.926
-419.824
-415.809
-425.936
-432.287
-432.541
-455.685
-412.269
-457.984
-438.264
-440.035
-435.809
-431.269
-397.885
-356.596
-396.829
-373.059
-401.497
-351.504
-370.439
-392.763
-401.439
-447.215
-456.171
-500.755
-470.004
-450.708
-486.992
-465.674
-457.554
-443.234
-485.339
-457.983
-413.852
-414.525
-423.443
-439.807
-480.618
-438.763
-452.685
-466.026
-491.011
-505.937
-508.979
-490.416
-486.557
-453.925
-469.024
-490.921
-496.206
-490.167
-449.857
-464.894
-451.998
-423.08
-446.232
-442.859
-440.675
-425.71
-443.741
-457.295
-425.14
-415.887
-468.436
-493.975
-465.506
-478.099
-446.345
-472.769
-462.78
-423.019
-433.782
-454.257
-407.028
-446.227
-416.329
-446.213
-457.106
-459.146
-437.489
-480.839
-510.95
-471.791
-480.108
-455.812
-455.599
-482.953
-469.65
-461.073
-421.251
-446.259
-443.735
-483.04
-470.583
-436.702
-472.561
-444.994
-486.966
-449.364
-488.138
-411.637
-475.523
-449.877
-472.63
-441.641
-463.745
-489.331
-436.139
-435.541
-477.34
-492.45
-481.566
-484.921
-497.551
-470.012
-471.757
-388.703
-397.638
-336.263
-331.091
-347.891
-343.83
-341.094
-352.405
-352.047
-356.535
-343.79
-369.072
-371.097
-348.394
-379.878
-406.926
-401.298
-384.427
-357.75
-415.585
-377.958
-394.603
-397.169
-389.475
-390.915
-397.158
-400.246
-379.354
-383.276
-379.532
-401.533
-349.709
-372.166
-398.495
-359.943
-388.773
-385.101
-411.224
-396.558
-433.816
-372.492
-367.967
-329.987
-310.799
-324.121
-330.314
-290.298
-266.711
-308.028
-315.66
-292.819
-210.56
-285.321
-256.737
-281.232
-284.882
-290.009
-236.633
-103.007
-243.778
-254.598
-271.259
-284.697
-289.428
-292.19
-276.112
-322.313
-240.243
-233.806
-247.557
-229.14
-212.852
-230.987
-194.273
-223.72
-195.937
-325.968
-379.109
-376.142
-350.117
-314.963
-365.114
-262.483
-232.016
-277.225
-257.594
-344.558
-247.965
-279.106
-307.219
-251.275
-271.454
-270.784
-275.096
-301.353
-346.804
-308.388
-311.296
-271.963
-342.522
-292.343
-239.319
-246.051
-270.568
-345.668
-333.773
-285.055
-279.68
-322.351
-300.101
-308.16
-332.332
-261.037
-315.764
-311.645
-317.775
-351.088
-289.889
-275.985
-268.863
-296.454
-282.493
-273.168
-318.846
-333.289
-353.145
-338.571
-318.875
-342.164
-323.103
-302.781
-314.613
-328.196
-321.691
-331.335
-337.666
-331.619
-257.632
-300.03
-309.687
-249.001
-275.627
-260.242
-300.753
-230.081
-305.83
-309.33
-300.353
-308.608
-294.361
-255.478
-283.313
-286.066
-278.849
-260.949
-295.317
-274.517
-284.922
-309.777
-323.687
-332.505
-348.209
-269.127
-338.122
-319.912
-379.977
-367.246
-302.916
-330.728
-314.817
-321.503
-281.268
-367.65
-387.352
-367.545
-348.244
-335.86
-357.115
-361.545
-380.002
-340.733
-368.339
-370.281
-377.023
-278.601
-332.908
-314.918
-345.608
-357.05
-303.22
-304.324
-247.769
-318.556
-338.507
-322.782
-270.134
-254.998
-270.694
-235.596
-259.617
-285.762
-305.968
-268.646
-272.298
-305.731
-272.277
-240.786
-327.101
-256.084
-345.114
-310.637
-242.972
-296.525
-320.783
-212.25
-304.547
-327.533
-291.519
-363.077
-269.752
-266.9
-281.145
-278.322
-301.006
-292.882
-254.522
-300.47
-274.193
-240.417
-213.326
-262.816
-258.043
-306.779
-359.582
-338.87
-339.951
-390.462
-345.246
-396.851
-378.44
-361.698
-295.127
-291.449
-350.007
-254.807
-288.355
-282.2
-258.936
-219.555
-281.884
-269.115
-297.802
-282.56
-341.152
-352.705
-299.032
-320.476
-300.022
-363.908
-360.685
-333.191
-367.485
-307.619
-340.912
-304.514
-306.219
-351.517
-288.698
-302.757
-255.036
-293.96
-355.313
-332.629
-340.056
-325.592
-329.154
-322.438
-337.121
-335.624
-343.035
-371.725
-332.392
-308.353
-309.62
-333.603
-350.372
-348.292
-340.805
-381.778
-331.51
-372.659
-314.742
-310.314
-365.651
-275.92
-373.505
-332.941
-351.664
-372.39
-281.769
-284.559
-316.525
-315.373
-305.56
-313.043
-331.054
-342.302
-362.155
-336.162
-398.964
-329.904
-299.139
-346.65
-346.096
-283.243
-249.614
-254.72
-267.45
-269.901
-333.343
-341.906
-291.229
-275.441
-237.531
-300.351
-310.509
-317.547
-267.017
-352.824
-320.328
-339.739
-373.858
-345.412
