-15.716
-15.936
-8.97
-14.476
-16.793
-2.899
-14.632
-18.108
-21.329
-18.762
-15.418
-21.58
-13.668
-17.054
-21.129
-21.442
-12.892
-14.156
-8.555
-18.62
-12.766
-9.727
-14.541
-19.337
-15.12
-12.38
-14.451
-14.694
-15.282
-10.77
-12.529
-14.567
-12.037
-17.908
-12.861
-18.472
-17.638
-8.933
-7.647
-9.214
-5.728
-13.219
-19.177
-20.159
-21.175
-15.75
-14.049
-16.095
-20.696
-21.136
-12.861
-24.235
-20.888
-15.304
-14.469
-16.238
-15.827
-15.852
-13.751
-20.227
-10.967
-17.113
-17.137
-16.59
-16.203
-14.456
-13.423
-15.632
-13.598
-13.683
-15.344
-15.91
-14.928
-21.447
-21.95
-19.6
-21.289
-21.326
-22.46
-26.901
-16.308
-19.191
-23.448
-23.055
-24.486
-22.047
-21.337
-19.13
-22.773
-19.444
-22.463
-24.316
-23.994
-20.975
-17.677
-15.052
-20.142
-8.745
-18.458
-19.276
-14.897
-16.541
-15.366
-17.721
-18.459
-16.75
-10.491
-11.323
-13.9
-16.739
-18.075
-14.68
-15.531
-13.393
-10.583
-15.922
-10.605
-19.291
-18.667
-16.242
-20.092
-16.415
-17.751
-11.634
-20.431
-15.492
-21.985
-23.814
-13.02
-18.879
-19.242
-16.29
-19.963
-16.422
-16.611
-19.808
-13.224
-20.142
-22.377
-13.518
-22.941
-25.522
-22.92
-20.093
-24.839
-20.986
-21.472
-23.034
-19.821
-15.316
-18.546
-19.303
-19.288
-21.082
-14.985
-22.005
-26.3
-19.745
-14.953
-16.641
-20.551
-20.022
-24.89
-20.312
-18.636
-18.032
-19.554
-19.401
-23.96
-18.525
-22.728
-20.573
-19.964
-20.838
-20.263
-18.684
-22.206
-13.517
-20.846
-22.314
-17.591
-17.217
-18.686
-14.034
-22.07
-18.255
-19.405
-16.173
-18.403
-20.041
-16.652
-19.316
-16.666
-13.259
-21.481
-18.68
-21.32
-18.538
-22.639
1.524
-20.051
-22.903
-14.459
-16.527
-20.307
-22.376
-18.582
-19.616
-20.944
-15.752
-17.187
-20.117
-14.511
-15.22
-12.722
-20.646
-13.437
-16.168
-18.601
-17.957
-16.0
-14.629
-23.118
-16.962
-17.811
-19.418
-13.211
-14.629
-20.103
-12.9
-12.184
-17.953
-13.28
-14.279
-11.1
-12.795
-14.376
-12.46
-15.611
-7.2
-13.684
-11.581
-17.309
-18.232
-14.019
-15.445
-15.046
-17.546
-17.939
-19.013
-10.254
-10.608
-10.358
-13.345
-12.88
-13.563
-14.592
-10.883
-14.609
-10.991
-14.021
-16.899
-19.028
-10.111
-16.502
-20.635
-14.698
-15.85
-16.776
-16.125
-16.776
-12.387
-16.629
-14.135
-15.059
-14.846
-17.803
-20.98
-20.969
-22.133
-17.114
-13.992
-11.683
-14.731
-13.43
-17.332
-19.382
-14.622
-19.818
-18.991
-18.352
-21.271
-17.915
-17.038
-17.504
-15.143
-14.273
-15.352
-14.11
-15.173
-18.061
-16.339
-15.779
-17.39
-11.15
-13.735
-10.917
-14.232
-11.921
-16.627
-13.786
-16.601
-13.72
-8.744
-17.231
-19.434
-17.446
-17.903
-14.558
-16.959
-18.139
-14.817
-14.162
-14.876
-14.789
-18.146
-7.988
-17.703
-18.779
-17.966
-20.981
-16.81
-15.325
-21.897
-15.83
-15.188
-17.655
-16.591
-16.721
-18.085
-20.699
-15.985
-14.55
-15.41
-18.516
-19.144
-17.383
-14.153
-13.174
-11.88
-13.027
-17.023
-15.146
-10.832
-16.119
-17.003
-19.063
-10.446
-16.658
-14.584
-15.564
-14.563
-17.251
-15.538
-14.463
-15.118
-16.833
-17.007
-12.716
-13.711
-16.124
-13.293
-19.478
-16.97
-18.415
-14.464
-16.434
-14.498
-18.129
-18.004
-17.039
-14.702
-12.869
-18.681
-17.794
-14.051
-16.802
-15.718
-16.875
-19.8
-15.967
-15.78
-18.565
-15.769
-17.18
-17.573
-19.224
-17.538
-13.73
-19.471
-14.435
-19.791
-12.496
-14.936
-18.356
-19.91
-19.101
-17.477
-17.492
-16.804
-18.898
-15.675
-22.463
-17.301
-15.175
-17.556
-16.518
-17.536
-15.65
-19.652
-20.633
-14.991
-16.768
-20.745
-16.782
-16.535
-17.761
-20.181
-18.104
-24.792
-15.771
-21.427
-18.437
-18.819
-21.43
-16.553
-15.704
-16.018
-14.673
-15.577
-19.187
-22.475
-19.43
-18.705
-20.317
-20.315
-16.703
-21.917
-21.374
-19.819
-17.638
-13.897
-18.083
-23.292
-20.615
-18.458
-25.749
-17.353
-16.835
-19.906
-20.969
-21.345
-15.457
-16.597
-10.329
-20.682
-15.962
-21.94
-17.976
-20.554
-18.023
-17.218
-10.666
-17.564
-15.25
-18.151
-17.283
-22.624
-19.066
-14.416
-21.501
-13.141
-21.229
-14.111
-17.545
-14.727
-17.098
-5.059
-14.487
-17.25
-18.821
-16.912
-19.879
-15.37
-16.665
-15.905
-7.352
-19.702
-19.689
-17.324
-22.853
