-0.234
-0.076
-0.171
-0.112
-0.117
-0.187
-0.114
-0.18
-0.11
-0.226
-0.168
-0.165
-0.201
-0.169
-0.228
-0.077
-0.154
-0.212
-0.102
-0.158
-0.208
-0.128
-0.259
-0.243
-0.036
-0.17
-0.235
-0.228
-0.228
-0.117
-0.311
-0.228
-0.203
-0.202
-0.182
-0.139
-0.123
-0.207
-0.043
-0.095
-0.04
-0.177
-0.159
-0.136
-0.246
-0.152
-0.165
-0.248
-0.14
-0.112
-0.268
-0.169
-0.061
-0.16
-0.05
-0.252
-0.095
-0.19
-0.18
-0.162
-0.235
-0.259
-0.242
-0.125
-0.276
-0.198
-0.253
-0.224
-0.223
-0.256
-0.191
-0.233
-0.169
-0.218
-0.247
-0.228
-0.061
-0.096
-0.18
-0.189
-0.301
-0.324
-0.113
-0.248
-0.149
-0.106
-0.219
-0.221
-0.208
-0.266
-0.191
-0.277
-0.228
-0.237
-0.237
-0.276
-0.217
-0.227
-0.326
-0.217
-0.322
-0.207
-0.246
-0.203
-0.11
-0.321
-0.336
-0.335
-0.325
-0.35
-0.334
-0.3
-0.297
-0.337
-0.417
-0.248
-0.377
-0.3
-0.318
-0.314
-0.305
-0.371
-0.292
-0.257
-0.43
-0.36
-0.392
-0.388
-0.299
-0.351
-0.399
-0.341
-0.274
-0.279
-0.346
-0.245
-0.322
-0.319
-0.337
-0.393
-0.283
-0.255
-0.232
-0.264
-0.14
-0.242
-0.238
-0.256
-0.321
-0.341
-0.195
-0.343
-0.285
-0.332
-0.368
-0.212
-0.27
-0.214
-0.205
-0.29
-0.24
-0.234
-0.3
-0.258
-0.247
-0.172
-0.218
-0.24
-0.205
-0.348
-0.435
-0.212
-0.119
-0.323
-0.187
-0.31
-0.254
-0.399
-0.284
-0.265
-0.297
-0.368
-0.251
-0.19
-0.18
-0.24
-0.29
-0.207
-0.262
-0.316
-0.189
-0.204
-0.3
-0.355
-0.223
-0.151
-0.335
-0.285
-0.284
-0.25
-0.259
-0.155
-0.226
-0.249
-0.3
-0.2
-0.242
-0.332
-0.248
-0.337
-0.351
-0.36
-0.342
-0.363
-0.28
-0.369
-0.372
-0.351
-0.432
-0.365
-0.29
-0.3
-0.341
-0.24
-0.27
-0.356
-0.469
-0.401
-0.361
-0.431
-0.346
-0.374
-0.428
-0.46
-0.294
-0.345
-0.255
-0.287
-0.24
-0.288
-0.375
-0.298
-0.372
-0.329
-0.273
-0.272
-0.384
-0.304
-0.21
-0.344
-0.315
-0.175
-0.285
-0.244
-0.285
-0.266
-0.205
-0.135
-0.3
-0.289
-0.196
-0.39
-0.229
-0.28
-0.288
-0.319
-0.305
-0.213
-0.345
-0.232
-0.306
-0.334
-0.222
-0.292
-0.25
-0.315
-0.331
-0.265
-0.26
-0.155
-0.332
-0.365
-0.193
-0.256
-0.251
-0.238
-0.236
-0.257
-0.16
-0.32
-0.238
-0.184
-0.289
-0.339
-0.212
-0.3
-0.361
-0.226
-0.288
-0.352
-0.272
-0.286
-0.329
-0.369
-0.373
-0.266
-0.282
-0.286
-0.278
-0.217
-0.278
-0.353
-0.338
-0.307
-0.18
-0.139
-0.433
-0.382
-0.412
-0.287
-0.371
-0.22
-0.311
-0.329
-0.345
-0.326
-0.323
-0.31
-0.47
-0.374
-0.3
-0.286
-0.307
-0.273
-0.238
-0.321
-0.203
-0.141
-0.195
-0.227
-0.198
-0.251
-0.152
-0.176
-0.209
-0.289
-0.269
-0.295
-0.385
-0.24
-0.238
-0.254
-0.29
-0.202
-0.146
-0.329
-0.235
-0.273
-0.248
-0.215
-0.279
-0.258
-0.193
-0.298
-0.345
-0.289
-0.365
-0.309
-0.33
-0.339
-0.235
-0.28
-0.353
-0.259
-0.333
-0.177
-0.262
-0.391
-0.256
-0.312
-0.357
-0.246
-0.365
-0.208
-0.296
-0.301
-0.348
-0.247
-0.293
-0.361
-0.267
-0.144
-0.338
-0.229
-0.196
-0.133
-0.222
-0.239
-0.274
-0.274
-0.238
-0.311
-0.215
-0.271
-0.308
-0.189
-0.217
-0.02
-0.255
-0.176
-0.188
-0.273
-0.204
-0.209
-0.23
-0.296
-0.212
-0.254
-0.239
-0.297
-0.393
-0.273
-0.237
-0.124
-0.274
-0.245
-0.269
-0.213
-0.237
-0.249
-0.142
-0.289
-0.261
-0.246
-0.241
-0.244
-0.238
-0.269
-0.183
-0.317
-0.293
-0.26
-0.293
-0.345
-0.289
-0.327
-0.323
-0.37
-0.315
-0.349
-0.443
-0.395
-0.427
-0.257
-0.361
-0.332
-0.34
-0.455
-0.277
-0.318
-0.282
-0.331
-0.263
-0.337
-0.305
-0.266
-0.327
-0.342
-0.235
-0.351
-0.285
-0.254
-0.279
-0.286
-0.221
-0.26
-0.244
-0.192
-0.172
-0.348
-0.231
-0.204
-0.236
-0.329
-0.217
-0.229
-0.298
-0.262
-0.225
-0.268
-0.277
-0.319
-0.189
-0.314
-0.164
-0.436
-0.238
-0.445
-0.317
-0.393
-0.494
