-414.909
-405.917
-418.414
-438.771
-456.59
-391.713
-467.711
-418.285
-405.653
-397.914
-393.691
-466.639
-434.589
-448.755
-464.216
-431.379
-377.534
-396.811
-393.589
-476.997
-456.877
-445.247
-464.91
-466.982
-423.761
-406.662
-439.587
-465.835
-427.114
-413.631
-467.522
-454.946
-450.462
-463.934
-473.794
-394.702
-482.053
-452.278
-452.042
-507.119
-507.834
-497.366
-518.363
-538.767
-509.843
-532.352
-513.996
-488.911
-546.839
-502.266
-569.823
-501.939
-421.109
-452.605
-446.91
-400.276
-438.321
-398.942
-427.049
-407.275
-398.056
-433.172
-398.64
-382.083
-371.231
-391.445
-387.708
-418.018
-404.934
-396.702
-403.25
-391.646
-374.405
-359.283
-352.268
-382.826
-353.406
-336.641
-399.325
-418.668
-393.84
-409.447
-367.758
-381.379
-421.64
-402.033
-457.271
-478.168
-482.899
-481.617
-462.11
-490.691
-488.425
-413.693
-476.012
-497.616
-456.728
-457.553
-455.079
-451.728
-454.612
-467.573
-466.917
-559.177
-523.857
-557.931
-569.785
-525.821
-510.505
-480.311
-501.05
-536.019
-485.677
-498.481
-504.623
-493.51
-531.272
-515.186
-520.71
-533.069
-498.13
-547.33
-558.993
-530.196
-546.881
-548.853
-539.252
-538.758
-557.271
-581.279
-551.771
-552.381
-506.85
-525.521
-520.427
-519.801
-554.599
-480.945
-554.442
-549.557
-570.018
-554.528
-528.289
-552.692
-491.043
-522.523
-542.289
-557.414
-575.36
-541.741
-543.328
-533.347
-572.323
-547.471
-570.71
-590.662
-540.961
-488.328
-519.278
-547.623
-514.517
-538.969
-515.587
-508.67
-494.808
-475.041
-506.219
-513.887
-486.968
-534.328
-525.684
-530.629
-509.138
-493.29
-512.85
-526.435
-520.7
-502.349
-554.477
-501.517
-550.717
-576.766
-517.617
-550.517
-494.97
-531.569
-571.621
-579.95
-541.787
-540.098
-567.961
-565.085
-602.532
-536.317
-534.416
-542.528
-573.101
-574.655
-577.651
-528.775
-591.717
-579.428
-510.84
-515.872
-498.957
-545.927
-542.763
-522.926
-549.157
-591.048
-563.554
-589.788
-559.769
-599.684
-556.847
-579.131
-588.248
-565.903
-560.968
-545.942
-518.125
-508.952
-462.482
-460.624
-501.919
-467.419
-489.229
-541.233
-539.936
-545.679
-517.523
-485.479
-490.432
-553.425
-483.298
-520.367
-506.926
-457.324
-529.215
-474.592
-503.671
-473.301
-505.962
-505.309
-481.041
-492.737
-515.866
-536.05
-557.261
-518.332
-545.935
-553.341
-536.25
-519.313
-512.35
-537.791
-546.754
-541.161
-538.038
-503.444
-504.188
-536.048
-523.069
-508.357
-470.004
-432.583
-469.094
-508.281
-601.305
-461.314
-516.851
-529.786
-545.115
-513.194
-506.631
-458.601
-478.148
-484.604
-517.557
-489.109
-454.638
-514.327
-477.769
-503.83
-526.598
-546.207
-530.817
-522.621
-567.562
-569.404
-547.351
-541.867
-509.201
-473.472
-490.648
-511.011
-524.96
-458.805
-465.056
-503.124
-470.114
-505.39
-508.093
-508.676
-503.803
-492.478
-521.861
-488.844
-500.93
-523.382
-467.351
-518.188
-472.991
-516.175
-488.88
-511.588
-514.211
-499.099
-489.614
-495.238
-515.037
-499.988
-498.757
-513.762
-513.885
-548.804
-544.679
-544.027
-563.885
-487.6
-461.022
-535.871
-532.982
-528.643
-488.119
-474.599
-495.32
-475.267
-512.968
-488.759
-458.196
-470.946
-458.796
-460.393
-454.154
-446.728
-461.37
-482.581
-447.033
-502.768
-498.57
-520.055
-494.38
-519.815
-498.649
-453.558
-509.199
-492.205
-461.523
-481.71
-471.742
-452.745
-500.37
-467.559
-493.048
-491.762
-462.309
-458.125
-529.402
-510.018
-492.623
-511.032
-479.125
-506.405
-496.29
-473.533
-482.403
-519.293
-532.2
-526.383
-601.008
-548.196
-512.0
-492.712
-521.021
-522.525
-503.563
-538.596
-493.051
-484.997
-481.66
-498.215
-529.617
-521.755
-499.826
-492.233
-502.204
-547.225
-538.161
-490.877
-471.98
-526.533
-487.847
-500.502
-481.998
-475.3
-481.145
-488.684
-520.429
-512.153
-501.242
-486.379
-498.383
-491.022
-478.744
-484.768
-460.354
-487.197
-468.061
-484.729
-514.702
-485.307
-513.321
-465.596
-482.583
-505.624
-482.855
-513.03
-491.39
-520.059
-514.288
-504.815
-540.913
-534.592
-495.911
-498.523
-525.146
-525.371
-537.053
-520.082
-515.546
-523.944
-520.759
-497.393
-496.492
-508.324
-505.973
-503.807
-489.123
-516.823
-500.595
-529.449
-495.614
-465.405
-484.224
-467.411
-486.632
-451.126
-519.837
-488.908
-489.835
-513.483
-524.825
-481.174
-471.354
-475.041
-545.651
-520.856
-495.769
-505.023
-448.919
-505.895
-482.995
-531.878
-495.731
-480.746
-476.333
-527.267
-550.433
-540.809
-536.294
-552.782
-542.22
-513.267
-514.819
-501.647
-492.247
-509.812
-500.394
-484.176
-515.218
-523.675
-526.4
-531.548
-509.507
-548.859
-523.284
-535.538
-531.56
-541.161
-537.242
