-4.165
-7.087
-4.707
-3.976
-5.901
-5.871
-5.932
-4.562
-3.706
-3.433
-2.259
-8.936
-7.132
-5.646
-5.962
-4.582
-5.349
-3.392
-3.774
-3.898
-4.165
-3.791
-4.391
-2.245
-1.905
-5.031
-1.218
-2.884
-3.914
-5.326
-4.561
-2.054
-4.422
-4.559
-4.164
-3.096
-6.357
-3.62
-4.362
-5.487
-4.464
-3.54
-2.865
-4.29
-5.333
-4.672
-5.377
-3.076
-2.206
-3.095
-5.593
-4.008
-4.959
-4.197
-3.932
-2.674
-4.986
-4.688
-6.207
-3.773
-2.631
-3.449
-5.124
-2.079
-2.897
-3.566
-3.889
-2.123
-5.375
-3.778
-3.0
-4.523
-3.591
-4.229
-6.873
-3.429
-4.965
-7.044
-5.78
-3.356
-5.944
-6.203
-3.524
-2.702
-4.537
-6.163
-7.019
-2.317
-4.441
-5.169
-5.721
-6.744
-6.611
-6.38
-6.658
-6.444
-5.222
-5.547
-6.49
-4.391
-6.243
-2.998
-7.008
-6.629
-4.83
-6.728
-4.245
-7.781
-4.585
-7.247
-7.007
-8.878
-4.427
-6.838
-5.448
-2.567
-7.182
-5.782
-6.0
-5.314
-5.835
-7.458
-8.014
-3.967
-5.669
-6.561
-7.031
-5.209
-1.278
-4.407
-2.312
-5.73
-5.145
-6.044
-3.166
-3.653
-3.793
-6.352
-6.801
-5.116
-6.491
-4.712
-3.946
-4.882
-3.668
-2.521
-6.15
-5.295
-4.196
-5.523
-6.706
-6.712
-7.559
-5.514
-7.729
-4.769
-2.341
-5.224
-4.037
-4.436
-6.878
-4.947
-4.917
-4.174
-2.465
-4.109
-4.844
-5.737
-4.751
-6.61
-1.099
-4.594
-3.561
-2.619
-5.467
-3.943
-5.723
-6.25
0.192
-0.372
-5.306
-1.973
-2.785
-2.452
-6.927
-5.098
-4.805
-5.457
-4.93
-3.667
-7.155
-5.079
-4.903
-7.43
-5.465
-6.777
-4.156
-7.206
-3.834
-5.082
-7.585
-7.035
-6.895
-4.091
-4.017
-3.881
-5.856
-4.113
-2.531
-4.368
-2.676
-5.3
-5.925
-4.37
-1.325
-5.657
-3.789
-3.301
-5.167
-2.603
-5.147
-3.743
-1.411
-2.891
-2.858
-3.284
-3.896
-4.08
-4.424
-3.586
-3.014
-1.334
-2.952
-3.3
-1.357
-2.376
-2.609
-2.197
-3.155
0.307
-0.861
-1.378
-1.902
-1.682
0.318
0.593
1.929
-1.913
-3.582
-4.177
-3.132
-2.866
-3.051
-3.631
-0.931
-3.106
-2.098
-5.112
-3.416
-4.609
-5.96
-4.611
-3.811
-2.505
-0.928
-4.344
-1.786
-3.35
-7.193
-2.089
-3.511
-3.458
-1.51
-3.67
-5.523
-3.107
-5.474
-4.382
-3.748
-2.609
-2.484
-3.334
-4.427
-3.477
-2.283
-6.294
-3.267
-5.487
-2.018
-4.178
-3.555
-3.801
-2.015
-1.121
-5.032
-0.617
-3.096
-4.817
-3.356
-1.003
-1.626
-2.441
-4.548
-5.706
-3.248
-1.801
-2.914
-3.962
-3.926
-5.208
-5.188
-5.325
-5.021
-1.724
-5.381
-4.666
-5.11
-5.364
-6.016
-4.602
-5.006
-3.882
-4.757
-3.725
-6.287
-4.784
-1.784
-6.728
-3.895
-4.876
-3.459
-3.678
-5.21
-3.561
-4.865
-4.205
-4.967
-3.149
-4.447
-2.346
-2.86
-0.823
-3.827
-4.213
-3.93
-4.454
-3.163
-3.511
-3.965
-2.956
-4.772
-3.025
-3.409
-2.622
-4.116
-3.456
-3.675
-2.461
-3.328
-3.594
-4.242
-3.288
-2.642
-3.977
-6.446
-4.863
-1.701
-5.013
-3.491
-3.0
-5.324
-4.274
-3.95
-3.11
-2.888
-3.244
-3.556
-2.123
-2.414
-5.681
-5.977
-4.535
-4.438
-6.139
-6.358
-3.754
-3.7
-4.863
-5.008
-6.681
-7.624
-4.857
-6.66
-6.901
-7.005
-5.344
-5.572
-6.643
-5.421
-7.515
-6.022
-6.076
-6.77
-5.82
-2.935
-5.832
-5.045
-7.005
-5.816
-4.999
-3.195
0.284
-4.887
-5.387
-6.481
-5.95
-5.051
-2.171
-5.3
-7.075
-6.285
-6.951
-3.139
-5.502
-5.41
-3.666
-5.26
-4.775
-4.687
-5.567
-7.518
-6.925
-5.612
-5.988
-7.56
-6.167
-6.653
-3.705
-5.099
-5.597
-5.449
-6.358
-5.606
-2.551
-4.064
-5.437
-3.13
-4.584
-6.078
-5.284
-7.138
-5.766
-5.21
-5.264
-4.158
-5.094
-7.098
-2.716
-5.564
-5.313
-0.3
-3.83
-5.025
-2.475
-4.208
-6.478
-4.213
-5.925
-3.922
-4.453
-3.701
-5.07
-6.22
-5.173
-1.842
-4.913
-2.635
-7.304
-4.946
-4.423
-4.352
-4.601
-6.245
-6.445
-4.444
-6.365
-3.898
-4.323
-6.424
-5.659
-5.308
-5.952
-5.762
-6.677
-6.559
-7.26
-5.699
-4.564
-4.796
-5.491
-3.815
