-247.436
-269.355
-260.482
-296.326
-288.544
-198.618
-305.883
-278.187
-214.875
-202.081
-230.602
-322.98
-305.283
-317.97
-285.812
-251.406
-238.578
-213.93
-241.329
-296.731
-301.991
-280.618
-316.588
-290.231
-212.245
-222.729
-261.532
-311.11
-304.307
-285.437
-295.64
-302.0
-302.858
-327.696
-342.026
-237.604
-316.964
-328.464
-327.22
-330.344
-307.831
-319.23
-389.263
-397.759
-368.517
-406.362
-422.585
-361.541
-393.798
-354.043
-437.909
-367.485
-267.56
-287.887
-306.71
-293.563
-320.178
-234.307
-266.834
-216.104
-224.879
-213.978
-205.544
-209.052
-219.389
-205.672
-138.153
-249.397
-233.38
-244.591
-226.844
-226.376
27.845
-205.383
17.21
-103.286
53.324
-166.18
27.93
-141.009
21.425
-167.193
12.553
-147.243
-24.632
-166.329
-201.401
-333.488
-101.632
-345.296
-283.384
-378.34
-391.318
-341.145
-337.082
-334.543
-349.428
-344.757
-335.336
-334.497
-352.409
-351.76
-303.202
-405.531
-414.041
-439.167
-462.784
-434.46
-431.553
-355.511
-389.679
-381.77
-367.547
-376.461
-394.608
-357.347
-426.278
-431.406
-390.627
-429.452
-396.929
-465.442
-451.835
-443.075
-430.255
-458.855
-443.443
-468.274
-457.839
-474.129
-468.557
-446.183
-418.28
-427.261
-413.819
-427.697
-490.973
-418.382
-452.73
-432.664
-486.299
-460.693
-450.462
-503.466
-390.128
-478.633
-433.373
-470.112
-443.294
-453.991
-438.387
-409.994
-467.714
-463.805
-461.812
-479.096
-451.971
-406.372
-382.663
-428.055
-392.269
-419.609
-424.849
-397.925
-357.652
-368.001
-409.608
-407.951
-403.646
-424.082
-415.546
-453.577
-411.746
-423.357
-407.045
-422.804
-414.521
-415.755
-448.814
-393.605
-457.377
-481.848
-419.523
-442.788
-434.967
-453.689
-472.264
-493.155
-485.967
-447.659
-460.671
-486.003
-487.759
-465.381
-444.708
-456.669
-500.743
-493.307
-483.395
-431.673
-516.389
-464.709
-510.939
-408.834
-374.912
-405.636
-370.258
-420.291
-449.809
-470.267
-441.511
-494.635
-437.247
-514.986
-486.637
-478.714
-493.881
-452.128
-490.494
-466.396
-431.74
-361.367
-344.102
-366.205
-401.115
-388.045
-383.18
-472.291
-431.368
-455.647
-420.385
-369.999
-332.591
-425.97
-385.146
-413.795
-376.327
-343.338
-394.821
-364.27
-384.9
-379.939
-401.906
-388.243
-349.093
-394.726
-414.465
-461.382
-472.231
-409.067
-441.28
-429.987
-421.159
-369.218
-366.274
-410.35
-427.424
-384.182
-415.358
-405.643
-362.84
-436.052
-408.523
-386.034
-384.836
-341.956
-353.077
-417.503
-485.457
-358.822
-407.838
-395.55
-428.68
-370.83
-391.37
-331.864
-337.049
-374.685
-364.819
-346.822
-332.471
-406.339
-363.513
-386.087
-407.31
-417.673
-429.245
-441.097
-468.147
-452.468
-445.463
-435.083
-399.19
-379.598
-383.942
-405.763
-382.628
-304.584
-351.104
-399.355
-334.681
-389.208
-376.52
-373.552
-396.908
-366.135
-394.226
-350.458
-361.711
-384.131
-364.738
-417.037
-367.468
-399.41
-388.596
-373.256
-398.396
-410.187
-341.296
-371.94
-383.545
-389.527
-360.985
-382.082
-399.988
-449.648
-467.467
-454.171
-466.739
-380.062
-365.623
-402.306
-445.453
-382.092
-390.771
-351.016
-366.361
-373.02
-422.985
-389.359
-385.211
-342.996
-337.18
-351.5
-345.697
-358.442
-359.917
-360.619
-336.338
-401.609
-382.124
-411.432
-394.657
-390.765
-394.287
-328.559
-412.32
-417.811
-405.803
-420.781
-402.722
-354.999
-420.097
-420.11
-421.442
-392.488
-380.709
-389.222
-449.41
-452.096
-421.873
-474.326
-461.914
-405.127
-378.959
-395.501
-377.625
-451.346
-428.997
-496.941
-531.591
-451.548
-422.408
-425.679
-415.43
-452.537
-441.621
-431.222
-417.883
-439.854
-427.125
-380.919
-454.151
-442.736
-418.222
-380.052
-376.803
-445.831
-419.47
-373.307
-370.291
-420.035
-386.438
-385.425
-364.906
-365.553
-360.203
-378.581
-435.048
-408.195
-338.511
-372.498
-360.639
-404.975
-313.087
-372.443
-358.62
-353.49
-364.305
-375.278
-357.127
-396.748
-393.072
-348.931
-357.145
-380.974
-368.038
-416.501
-364.386
-433.453
-407.536
-405.227
-410.505
-414.884
-387.018
-371.183
-385.388
-399.641
-408.907
-355.527
-376.139
-384.83
-359.984
-338.795
-340.362
-358.933
-333.472
-351.57
-348.757
-371.246
-362.286
-385.576
-370.637
-329.216
-352.034
-343.15
-330.51
-335.31
-387.361
-365.337
-393.66
-385.83
-362.198
-320.213
-332.098
-382.799
-434.017
-377.449
-345.327
-349.039
-350.153
-363.062
-342.869
-415.151
-388.547
-345.765
-354.53
-371.947
-372.799
-372.804
-363.413
-379.312
-352.222
-362.637
-372.63
-357.302
-379.132
-345.433
-371.629
-380.475
-394.925
-410.357
-422.35
-435.602
-388.178
-423.93
-410.546
-435.049
-412.704
-469.73
-413.196
