-1.634
-2.173
-1.349
-1.306
-2.382
-1.25
-1.017
-1.092
-1.394
-1.406
-2.128
-2.438
-1.249
-1.841
-2.545
-2.351
-1.498
-1.894
-1.402
-1.924
-2.413
-1.704
-2.158
-1.199
-1.345
-1.631
-2.094
-1.994
-1.769
-1.91
-1.494
-1.565
-1.711
-2.612
-2.423
-1.62
-2.56
-2.165
-1.424
-2.561
-1.755
-1.507
-1.129
-1.675
-2.068
-2.237
-1.962
-1.771
-2.356
-1.595
-2.218
-1.34
-1.629
-1.869
-1.378
-2.02
-2.0
-1.632
-1.028
-1.993
-1.209
-1.328
-2.544
-0.941
-1.322
-2.001
-1.215
-1.868
-0.972
-1.734
-1.775
-1.463
-1.138
-2.257
-1.358
-1.336
-1.245
-1.021
-0.398
-0.97
-1.298
-1.466
-0.983
-1.134
-1.714
-1.172
-1.474
-2.003
-2.553
-1.792
-2.432
-2.046
-2.49
-1.32
-1.787
-1.918
-1.643
-1.483
-0.93
-1.904
-1.177
-1.818
-1.679
-1.856
-1.138
-1.583
-1.473
-2.02
-2.026
-1.614
-1.442
-2.612
-0.885
-1.173
-2.715
-2.312
-2.431
-1.52
-2.33
-2.208
-2.835
-1.607
-2.465
-1.496
-2.232
-2.255
-1.949
-1.837
-1.59
-1.867
-1.63
-1.257
-0.622
-2.035
-1.522
-2.285
-2.453
-1.738
-2.66
-2.327
-1.612
-1.556
-2.486
-1.637
-1.518
-2.01
-1.992
-2.069
-2.091
-2.136
-1.43
-2.094
-2.478
-2.678
-2.814
-2.158
-1.628
-1.978
-2.252
-2.664
-1.973
-2.385
-2.046
-1.827
-1.965
-1.67
-2.315
-2.605
-2.056
-2.233
-2.221
-2.719
-2.519
-1.735
-1.637
-1.609
-1.738
-1.694
-1.582
-2.293
-2.143
-2.425
-1.982
-2.741
-2.428
-2.495
-1.963
-2.613
-1.831
-2.785
-2.487
-2.56
-2.02
-2.729
-2.546
-2.294
-1.626
-1.235
-1.92
-1.826
-2.342
-2.645
-2.175
-1.878
-1.887
-1.495
-2.359
-2.92
-2.697
-2.462
-2.458
-2.476
-2.631
-2.847
-2.736
-1.8
-2.747
-2.606
-2.599
-1.738
-2.149
-2.408
-2.226
-2.083
-1.339
-2.214
-2.688
-3.124
-2.764
-2.719
-2.519
-1.599
-2.19
-2.018
-1.598
-2.119
-2.483
-2.417
-1.327
-1.917
-1.821
-0.978
-2.062
-2.909
-2.68
-1.675
-2.42
-2.637
-2.532
-2.169
-2.369
-2.098
-2.426
-2.706
-2.505
-2.348
-3.134
-2.585
-2.682
-2.872
-2.611
-2.263
-2.692
-2.564
-2.436
-2.236
-2.306
-2.657
-2.638
-2.935
-1.4
-1.841
-2.716
-2.072
-2.265
-2.646
-2.846
-3.052
-2.753
-1.862
-1.842
-2.914
-2.354
-2.904
-2.669
-1.68
-2.316
-2.986
-3.142
-1.396
-2.867
-2.973
-2.225
-1.812
-2.375
-2.066
-2.941
-2.414
-2.827
-2.535
-2.517
-2.54
-2.643
-2.524
-3.068
-2.9
-2.241
-2.644
-2.399
-1.963
-2.443
-2.426
-2.232
-2.693
-2.19
-2.457
-2.231
-2.238
-2.361
-1.836
-2.366
-1.924
-2.152
-1.753
-2.213
-1.998
-2.618
-2.628
-2.858
-2.247
-2.441
-2.768
-2.293
-2.546
-1.89
-2.331
-1.783
-2.339
-2.47
-1.924
-1.572
-1.9
-1.884
-1.749
-2.216
-2.075
-1.47
-1.907
-1.902
-2.144
-2.756
-2.07
-2.339
-1.922
-1.724
-2.353
-2.424
-1.976
-2.875
-2.119
-2.475
-2.108
-2.339
-2.218
-2.385
-2.452
-2.297
-2.603
-2.88
-2.046
-2.377
-2.281
-2.331
-1.911
-1.971
-2.754
-1.807
-2.768
-1.647
-2.684
-2.208
-1.892
-1.805
-2.208
-1.742
-1.673
-1.491
-2.067
-1.102
-1.821
-1.598
-1.33
-2.388
-2.045
-2.549
-1.537
-2.747
-2.326
-2.131
-1.989
-2.008
-2.652
-1.815
-2.21
-1.838
-2.158
-2.193
-2.092
-1.862
-2.694
-1.57
-2.608
-2.049
-2.878
-2.376
-2.486
-1.742
-2.932
-2.539
-2.462
-2.587
-2.781
-3.235
-1.808
-2.085
-0.925
-1.744
-1.457
-1.444
-1.873
-1.264
-2.123
-2.141
-1.601
-1.66
-1.223
-1.688
-1.522
-2.465
-2.084
-1.679
-1.385
-1.983
-0.492
-1.231
-1.471
-1.643
-1.082
-0.884
-1.996
-2.558
-2.132
-1.858
-1.903
-1.63
-1.174
-2.51
-1.963
-1.55
-1.542
-2.376
-2.323
-1.618
-1.549
-0.955
-1.721
-1.035
-1.66
-1.181
-1.479
-1.802
-0.437
-1.549
-1.922
-1.031
-1.845
-1.88
-1.39
-2.24
-1.48
-2.19
-1.906
-2.394
-1.999
-1.516
-1.169
-1.445
-1.31
-0.807
-1.561
-2.35
-2.282
-1.806
-2.29
-1.829
-2.187
-2.744
-2.014
-2.887
-2.832
-3.072
