-16.761
-23.669
-14.94
-17.521
-21.85
-21.824
-14.967
-16.759
-18.809
-18.773
-17.769
-16.355
-18.376
-23.115
-13.046
-20.344
-14.372
-19.613
-20.078
-18.807
-16.743
-16.618
-14.079
-17.483
-20.55
-14.669
-17.552
-18.682
-19.238
-17.58
-20.271
-2.427
-14.659
-22.868
-19.104
-22.827
-12.16
-20.588
-20.718
-18.645
-24.016
-20.164
-18.159
-16.279
-23.982
-20.855
-17.685
-18.455
-15.298
-21.257
-24.799
-17.671
-17.726
-17.886
-21.604
-19.244
-18.578
-16.826
-16.8
-17.601
-17.321
-20.676
-23.894
-15.851
-16.609
-20.062
-15.861
-21.095
-11.377
-16.472
-12.66
-16.901
-11.628
-16.15
-16.117
-13.246
-17.647
-11.47
-14.99
-11.139
-13.417
-16.462
-17.496
-18.445
-20.109
-21.524
-18.982
-0.268
-17.444
-22.036
-18.45
-15.104
-17.703
-15.648
-19.28
-19.175
-17.77
-14.913
-19.092
-16.948
-16.328
-18.303
-14.869
-15.536
-20.395
-15.459
-17.514
-10.8
-15.19
-18.615
-7.243
-16.805
-19.2
-14.498
-19.709
-16.328
-20.448
-21.304
-20.163
-19.848
-15.637
-19.552
-14.85
-16.62
-22.389
-14.382
-22.366
-19.323
-18.36
-20.472
-21.023
-18.589
-14.196
-17.284
-16.359
-17.843
-16.882
-16.485
-19.124
-16.574
-14.969
-18.071
-14.811
-21.922
-18.446
-19.974
-17.408
-16.942
-22.283
-19.541
-20.899
-19.697
-18.582
-14.334
-18.925
-20.264
-20.452
-17.368
-16.421
-21.033
-18.319
-16.613
-15.287
-22.883
-20.565
-18.29
-17.316
-18.515
-22.741
-20.569
-17.5
-17.741
-19.015
-18.65
-18.102
-22.266
-19.801
-18.614
-20.954
-20.299
-23.443
-21.24
-21.65
-15.273
-16.171
-19.745
-21.034
-25.178
-15.877
-18.242
-19.723
-21.53
-17.906
-17.65
-21.39
-22.422
-18.444
-18.054
-22.115
-20.708
-17.494
-18.02
-18.271
-18.716
-20.545
-19.931
-21.799
-23.195
-20.502
-23.176
-16.327
-12.558
-19.525
-22.473
-23.763
-21.619
-19.364
-24.293
-23.81
-19.666
-22.411
-17.479
-20.263
-20.019
-22.39
-18.166
-14.204
-24.02
-12.176
-21.359
-23.306
-16.915
-19.356
-22.819
-17.583
-21.334
-21.865
-23.497
-18.006
-26.172
-18.857
-18.027
-8.347
-23.015
-7.944
-13.679
-21.069
-21.806
-24.379
-25.031
-24.52
-21.293
-25.582
-17.205
-18.706
-21.29
-22.395
-18.571
-19.54
-20.985
-21.225
-20.466
-23.297
-19.287
-23.95
-18.512
-18.901
-19.759
-15.981
-21.728
-17.252
-15.212
-19.6
-20.206
-20.84
-17.826
-22.818
-16.738
-21.482
-17.893
-23.076
-22.69
-22.289
-19.371
-15.211
-16.032
-23.504
-13.202
-16.696
-19.502
-16.535
-21.08
-14.244
-9.986
-16.805
-21.848
-21.498
-20.96
-22.167
-18.387
-21.665
-18.107
-19.072
-22.718
-18.811
-13.932
-15.652
-21.251
-21.412
-20.181
-16.568
-17.255
-19.088
-21.092
-22.511
-17.83
-18.152
-14.251
-16.952
-15.415
-20.66
-21.847
-20.98
-22.402
-18.246
-8.259
-20.178
-21.752
-20.891
-17.855
-21.84
-24.182
-20.735
-18.098
-15.515
-19.2
-19.331
-19.558
-21.948
-19.749
-18.288
-16.039
-20.723
-17.137
-21.578
-18.082
-18.986
-21.28
-20.242
-16.75
-17.539
-16.27
-14.857
-19.048
-18.301
-14.893
-20.259
-19.524
-20.74
-14.562
-19.314
-18.198
-19.493
-12.709
-16.024
-23.649
-22.796
-19.556
-17.902
-20.439
-14.157
-16.929
-22.139
-24.521
-20.354
-18.653
-16.897
-22.142
-24.152
-22.394
-20.22
-13.796
-19.325
-22.6
-13.936
-21.138
-15.751
-11.84
-13.025
-15.125
-18.46
-16.062
-18.711
-20.475
-18.222
-18.729
-11.764
-17.744
-8.667
-13.807
-14.86
-18.957
-14.935
-15.469
-18.538
-18.249
-15.665
-14.585
-20.395
-15.409
-20.629
-19.645
-17.371
-19.087
-21.792
-19.504
-13.421
-14.294
-18.583
-20.649
-20.681
-17.606
-19.229
-19.345
-16.759
-14.821
-17.175
-12.577
-19.091
-14.222
-15.119
-18.47
-18.933
-14.237
-13.183
-15.038
-15.207
-19.224
-16.534
-13.587
-14.942
-16.382
-11.235
-18.314
-17.427
-18.697
-15.742
-14.692
-17.813
-19.132
-23.902
-17.31
-21.465
-18.222
-20.317
-11.467
-16.759
-17.223
-11.384
-18.066
-17.845
-12.973
-20.693
-20.097
-17.784
-16.564
-16.19
-23.314
-13.584
-10.906
-19.478
-16.44
-14.593
-13.049
-12.737
-4.994
-10.664
-13.433
-11.298
-10.163
-18.799
-20.049
-18.374
-16.177
-19.394
-13.265
-15.659
-9.815
-11.973
-14.902
-10.347
-14.828
-18.782
-11.631
-12.45
-21.382
-17.473
-11.607
-18.502
-15.066
-14.291
