-61.48
-68.5
-66.33
-63.45
-69.55
-56.45
-66.44
-55.79
-61.09
-59.05
-66.62
-76.26
-75.71
-72.08
-68.25
-62.4
-62.41
-63.29
-67.03
-70.67
-70.14
-69.07
-71.74
-70.8
-67.01
-60.07
-61.63
-66.8
-68.42
-67.67
-71.79
-67.29
-72.41
-77.07
-73.61
-59.59
-74.45
-74.33
-71.33
-76.86
-81.65
-75.82
-79.21
-79.09
-82.3
-81.16
-79.09
-72.3
-81.62
-79.16
-86.41
-77.51
-65.38
-68.64
-70.97
-70.33
-65.27
-54.31
-57.01
-60.15
-58.49
-58.94
-64.1
-57.2
-61.14
-60.65
-63.92
-63.08
-52.87
-62.91
-62.47
-62.71
-59.36
-53.62
-57.81
-51.91
-52.03
-54.4
-54.35
-56.26
-56.83
-64.52
-54.72
-59.47
-67.53
-57.41
-66.0
-70.81
-77.67
-77.49
-70.66
-75.01
-75.25
-69.31
-65.12
-65.13
-66.29
-64.04
-62.27
-62.18
-65.21
-75.03
-67.28
-76.5
-71.65
-70.46
-79.7
-76.36
-70.42
-63.95
-70.69
-75.14
-72.64
-66.69
-69.45
-61.36
-74.32
-73.0
-73.32
-67.4
-77.59
-78.08
-68.33
-75.45
-74.87
-78.31
-77.97
-70.56
-75.99
-76.53
-75.9
-73.28
-69.54
-73.45
-74.23
-72.18
-84.9
-70.93
-75.98
-73.34
-73.84
-76.38
-70.81
-79.85
-66.61
-73.85
-83.24
-71.78
-72.6
-70.45
-67.51
-84.02
-80.19
-81.06
-74.13
-78.68
-73.55
-74.72
-73.74
-68.4
-74.96
-78.04
-71.86
-72.38
-66.67
-69.55
-78.57
-73.55
-76.26
-80.42
-69.84
-65.54
-76.84
-81.78
-78.57
-76.07
-73.99
-76.62
-66.06
-73.91
-73.12
-82.25
-78.56
-75.09
-77.28
-78.02
-78.14
-82.37
-79.0
-76.25
-74.63
-76.06
-73.59
-75.68
-78.31
-72.54
-74.06
-72.86
-79.0
-80.98
-75.51
-75.8
-79.31
-71.22
-69.34
-69.17
-72.81
-76.94
-76.21
-81.33
-75.48
-89.63
-77.86
-82.97
-82.77
-78.22
-76.02
-77.41
-75.95
-77.26
-76.7
-79.05
-70.0
-71.65
-70.05
-74.56
-74.07
-81.65
-69.38
-81.11
-81.17
-65.21
-60.98
-68.78
-66.34
-71.7
-69.72
-69.18
-70.33
-65.86
-73.91
-72.11
-77.28
-80.96
-77.05
-75.82
-78.0
-82.17
-82.09
-84.03
-78.39
-80.39
-81.21
-68.0
-74.32
-80.39
-83.72
-70.1
-81.49
-71.27
-77.48
-78.32
-71.68
-66.69
-81.62
-78.3
-69.78
-72.52
-79.82
-77.37
-77.23
-74.28
-71.72
-79.9
-76.28
-73.83
-76.92
-76.24
-69.24
-70.7
-70.33
-79.71
-69.71
-77.04
-75.42
-73.0
-81.15
-79.97
-75.57
-79.47
-76.36
-81.15
-67.09
-70.61
-75.02
-78.14
-70.12
-69.93
-79.17
-71.69
-65.76
-72.73
-71.11
-79.96
-77.18
-72.26
-72.94
-75.23
-71.85
-68.77
-70.88
-74.79
-68.03
-72.26
-76.19
-62.41
-77.65
-74.69
-71.81
-68.33
-77.49
-73.43
-76.02
-75.04
-70.94
-59.32
-78.15
-77.68
-81.98
-73.8
-69.41
-79.13
-74.61
-73.61
-73.44
-67.16
-72.0
-66.49
-79.97
-68.95
-68.59
-60.87
-70.75
-66.99
-73.35
-65.52
-68.9
-72.28
-69.28
-72.75
-69.68
-69.8
-70.99
-70.15
-67.75
-70.44
-73.0
-68.95
-74.99
-72.93
-75.22
-67.51
-73.34
-71.66
-70.56
-78.37
-68.97
-72.48
-77.44
-77.84
-73.97
-73.54
-78.48
-77.91
-70.25
-75.89
-62.7
-76.18
-82.48
-82.79
-85.12
-71.47
-70.04
-81.05
-64.04
-78.18
-72.8
-67.56
-71.16
-72.86
-70.53
-62.62
-79.85
-71.85
-67.58
-71.2
-62.24
-71.43
-69.06
-75.6
-69.92
-74.04
-70.21
-74.98
-61.6
-69.7
-71.26
-71.74
-69.9
-68.41
-64.9
-72.47
-62.8
-75.34
-71.66
-77.93
-67.7
-66.54
-66.49
-71.53
-71.94
-75.57
-67.45
-68.78
-66.83
-65.66
-76.42
-76.88
-70.25
-69.74
-71.6
-77.98
-74.26
-77.83
-65.84
-63.31
-69.71
-77.84
-74.55
-67.24
-65.67
-66.25
-67.97
-57.98
-72.39
-68.23
-63.47
-62.7
-55.08
-64.44
-70.19
-72.8
-75.04
-67.89
-71.73
-72.48
-64.71
-67.03
-71.75
-57.13
-72.29
-70.05
-69.66
-66.05
-59.79
-74.27
-65.36
-67.69
-73.27
-66.01
-70.0
-61.86
-76.74
-66.43
-70.87
-72.67
-73.98
-72.95
-71.18
-70.28
-73.44
-64.63
-71.01
-70.1
-71.03
-68.18
-70.18
-63.66
-69.39
-69.15
-64.94
-76.56
-68.51
-74.84
-64.83
-74.45
-73.29
-74.06
-77.61
-79.91
-73.96
