-22.171
-26.675
-22.713
-22.661
-25.98
-24.939
-25.055
-18.081
-15.778
-20.821
-18.186
-19.083
-18.169
-17.589
-21.459
-26.603
-28.004
-18.184
-19.059
-19.7
-18.342
-20.052
-24.979
-20.438
-21.163
-22.999
-22.795
-22.212
-22.715
-21.446
-19.501
-23.606
-23.532
-24.773
-17.545
-19.761
-22.371
-23.653
-22.401
-22.023
-23.65
-22.439
-21.073
-23.463
-22.872
-24.84
-18.854
-24.509
-24.512
-22.976
-25.225
-23.045
-20.124
-22.339
-20.456
-25.559
-22.644
-22.628
-21.224
-22.431
-23.68
-20.122
-19.678
-22.501
-20.686
-22.198
-21.17
-21.489
-21.179
-20.089
-24.691
-25.032
-22.207
-23.354
-20.057
-20.045
-22.223
-23.379
-18.562
-22.245
-23.025
-23.189
-18.771
-20.978
-20.569
-23.717
-25.241
-24.045
-21.841
-25.704
-19.12
-20.505
-23.867
-23.913
-23.381
-22.057
-20.856
-23.365
-21.962
-22.278
-21.724
-21.25
-23.978
-22.753
-16.239
-23.805
-22.632
-19.857
-23.01
-19.488
-21.089
-24.861
-25.29
-21.295
-22.233
-20.932
-19.458
-24.494
-21.705
-20.091
-21.529
-21.368
-21.998
-22.465
-16.811
-26.361
-22.636
-19.99
-26.938
-24.09
-18.88
-21.196
-25.091
-24.211
-24.499
-17.191
-19.24
-23.592
-25.132
-21.556
-24.146
-20.965
-21.628
-23.864
-25.237
-25.714
-22.456
-22.171
-19.775
-19.804
-19.731
-22.707
-17.92
-20.592
-19.272
-22.508
-23.368
-16.626
-23.96
-23.179
-22.917
-22.158
-22.861
-23.238
-25.377
-23.451
-24.517
-25.705
-20.829
-20.509
-20.144
-26.998
-22.379
-23.501
-27.588
-21.88
-24.171
-29.823
-24.675
-22.935
-25.313
-22.025
-17.239
-25.024
-22.881
-24.886
-27.573
-20.764
-21.56
-26.416
-23.527
-26.274
-21.199
-22.171
-20.727
-22.177
-24.416
-27.486
-20.862
-21.629
-24.917
-21.328
-21.481
-20.44
-24.632
-24.674
-25.952
-23.206
-25.261
-21.367
-21.795
-26.367
-25.754
-17.688
-20.542
-23.541
-21.689
-15.563
-18.092
-19.062
-24.039
-25.76
-19.099
-22.429
-17.532
-23.068
-21.436
-21.336
-23.03
-22.75
-20.061
-26.481
-19.226
-25.26
-16.829
-16.201
-19.987
-17.638
-17.423
-23.223
-16.758
-16.964
-22.506
-22.623
-20.734
-20.252
-21.129
-25.423
-20.951
-22.323
-26.216
-19.535
-22.253
-25.31
-24.939
-18.875
-21.136
-23.856
-23.166
-19.578
-22.648
-23.221
-15.738
-23.39
-23.476
-24.889
-25.645
-18.993
-17.392
-21.196
-18.253
-27.497
-25.539
-25.763
-23.517
-24.473
-23.711
-21.098
-26.095
-29.734
-20.506
-27.122
-22.806
-24.788
-23.741
-21.27
-26.383
-28.266
-24.806
-24.475
-19.262
-23.035
-21.701
-20.601
-22.729
-21.388
-22.572
-21.436
-24.431
-21.852
-22.155
-24.32
-26.991
-23.367
-21.871
-20.905
-21.553
-21.168
-23.095
-22.519
-20.777
-20.978
-18.276
-21.785
-20.163
-27.562
-23.203
-21.373
-21.46
-19.696
-24.767
-16.428
-18.873
-24.383
-20.917
-18.703
-20.98
-19.381
-19.151
-19.042
-24.134
-19.983
-15.301
-21.979
-22.24
-26.837
-24.004
-25.246
-20.392
-23.418
-22.898
-26.378
-28.629
-23.105
-23.166
-24.691
-25.743
-21.811
-22.589
-21.219
-18.719
-23.202
-7.472
-17.589
-27.73
-18.646
-22.537
-21.682
-24.04
-22.359
-20.614
-20.365
-15.51
-23.406
-20.621
-19.353
-24.223
-16.58
-18.328
-21.362
-19.292
-21.509
-22.634
-24.057
-23.933
-20.005
-26.493
-19.57
-24.447
-22.381
-24.216
-25.065
-24.603
-18.889
-25.252
-23.44
-22.705
-20.931
-20.045
-22.531
-24.015
-19.934
-26.103
-17.11
-21.875
-23.833
-27.542
-25.14
-18.108
-22.619
-23.471
-23.307
-29.582
-19.133
-20.394
-22.933
-21.715
-25.622
-24.908
-21.598
-21.61
-18.975
-20.529
-21.481
-19.702
-20.613
-12.288
-20.436
-26.002
-19.028
-25.263
-25.238
-21.051
-24.065
-20.197
-23.938
-17.894
-24.84
-20.845
-15.497
-17.25
-18.277
-22.82
-22.338
-20.266
-27.074
-15.261
-23.456
-24.098
-22.155
-22.317
-23.865
-19.702
-23.046
-20.674
-15.797
-16.924
-18.262
-15.948
-17.248
-19.729
-20.119
-17.231
-11.183
-15.407
-16.932
-17.929
-16.829
-15.562
-18.601
-21.186
-23.944
-20.767
-22.371
-14.089
-23.232
-23.822
-20.364
-25.559
-28.735
-24.276
-21.585
-21.899
-21.551
-21.434
-23.514
-21.858
-25.315
-18.939
-22.113
-23.079
-22.624
-20.83
-20.027
-24.143
-21.342
-18.34
-22.262
-21.201
-20.772
-25.998
-26.694
-18.606
-22.677
-23.452
-22.669
-19.913
-15.24
-17.733
-23.711
-24.963
