-64.24
-71.03
-63.84
-69.05
-71.64
-68.46
-70.22
-72.98
-59.27
-70.69
-72.89
-61.82
-64.94
-67.9
-61.41
-66.36
-72.36
-69.95
-71.79
-70.91
-66.63
-58.97
-59.88
-64.63
-59.17
-66.83
-65.37
-56.65
-67.39
-66.74
-63.17
-68.8
-68.69
-74.3
-70.58
-65.54
-70.57
-67.1
-65.96
-72.52
-70.03
-71.11
-68.69
-63.44
-74.67
-65.85
-72.91
-74.84
-70.53
-57.99
-65.59
-61.06
-69.94
-68.39
-62.63
-69.71
-59.64
-61.69
-63.41
-66.96
-68.58
-69.84
-62.08
-64.75
-64.4
-64.61
-65.71
-69.73
-69.45
-60.93
-63.05
-65.84
-65.34
-71.18
-72.88
-60.65
-67.36
-59.72
-66.22
-59.01
-61.75
-70.51
-63.13
-68.1
-68.88
-66.2
-63.22
-69.6
-71.06
-69.72
-68.3
-69.04
-66.19
-67.67
-64.67
-69.58
-65.57
-66.99
-64.61
-68.05
-64.02
-66.4
-72.72
-68.6
-67.5
-66.28
-65.14
-59.66
-73.75
-65.02
-67.98
-68.75
-72.17
-71.86
-73.87
-73.14
-74.7
-69.54
-64.72
-68.93
-65.87
-69.14
-69.69
-69.07
-59.44
-62.34
-75.49
-66.95
-68.1
-67.97
-65.25
-71.3
-73.16
-69.2
-64.71
-63.52
-70.01
-76.0
-74.4
-69.74
-69.07
-60.54
-72.38
-72.19
-76.34
-74.56
-65.36
-67.74
-65.2
-70.06
-69.59
-73.67
-67.15
-68.91
-60.59
-68.53
-74.92
-75.1
-77.19
-76.98
-80.37
-73.21
-75.2
-75.27
-77.79
-72.57
-76.32
-72.88
-72.38
-74.5
-72.89
-73.9
-70.44
-73.99
-77.31
-70.85
-72.62
-80.4
-79.15
-72.83
-82.34
-78.61
-77.93
-74.72
-73.42
-70.54
-75.06
-71.37
-76.54
-77.15
-71.66
-71.56
-70.9
-70.76
-75.71
-79.7
-78.62
-80.34
-79.95
-74.16
-82.21
-79.76
-76.94
-76.13
-78.22
-73.29
-83.21
-80.12
-77.68
-78.92
-68.28
-74.95
-76.17
-73.74
-72.26
-76.65
-79.8
-71.04
-70.4
-74.29
-80.87
-70.62
-67.28
-72.13
-70.85
-72.28
-64.36
-68.13
-72.52
-71.87
-72.63
-78.87
-69.31
-74.52
-67.73
-74.68
-72.88
-63.85
-73.88
-73.34
-76.7
-67.33
-74.83
-79.3
-75.01
-74.29
-68.47
-70.91
-80.92
-70.61
-72.8
-69.73
-71.94
-83.66
-75.21
-71.12
-76.33
-70.5
-77.39
-79.8
-80.73
-78.38
-72.5
-77.66
-73.64
-72.13
-75.89
-78.58
-82.87
-74.26
-65.71
-75.46
-79.3
-79.47
-77.01
-81.56
-75.86
-76.37
-78.64
-80.35
-87.33
-79.48
-72.23
-75.98
-79.65
-79.12
-81.74
-84.98
-77.78
-71.87
-64.61
-72.78
-77.21
-71.08
-73.79
-71.14
-73.18
-75.03
-80.44
-71.8
-66.14
-67.75
-77.06
-78.32
-71.0
-72.42
-69.15
-67.41
-68.36
-65.13
-72.26
-68.75
-72.23
-72.67
-73.2
-73.73
-68.15
-72.56
-68.18
-69.19
-73.01
-69.07
-69.62
-71.34
-64.83
-61.19
-63.84
-62.4
-64.01
-68.13
-69.73
-72.75
-65.26
-75.01
-78.1
-80.5
-77.27
-72.38
-76.77
-71.37
-77.57
-83.28
-83.56
-77.03
-77.98
-81.83
-81.09
-72.58
-78.29
-79.43
-83.44
-81.73
-76.61
-74.8
-88.77
-73.05
-70.77
-76.71
-74.38
-68.72
-67.88
-70.72
-62.19
-70.81
-73.17
-63.74
-69.78
-72.06
-71.73
-75.02
-69.78
-71.74
-77.01
-76.88
-74.46
-78.22
-80.53
-75.93
-77.81
-78.57
-74.81
-79.79
-79.14
-76.18
-88.1
-70.84
-75.03
-79.98
-75.45
-78.22
-71.94
-64.21
-76.39
-74.9
-70.31
-69.39
-72.24
-74.88
-69.93
-75.52
-72.95
-73.61
-76.16
-70.83
-69.54
-79.51
-71.45
-70.93
-58.02
-71.73
-66.1
-71.29
-70.13
-70.76
-65.37
-70.66
-74.12
-72.18
-72.5
-73.28
-64.91
-74.61
-75.36
-77.87
-76.14
-76.99
-66.26
-78.42
-74.64
-64.49
-73.14
-72.58
-76.14
-72.06
-74.79
-69.17
-64.08
-74.84
-76.31
-71.18
-69.97
-67.04
-64.02
-60.07
-72.63
-66.05
-68.52
-63.23
-61.2
-67.92
-60.77
-60.78
-58.33
-59.96
-64.31
-65.55
-62.41
-58.31
-54.77
-71.06
-71.79
-72.36
-66.32
-68.9
-65.3
-69.49
-67.46
-72.92
-68.68
-70.7
-70.89
-61.63
-69.73
-68.04
-65.26
-73.02
-71.5
-75.11
-65.49
-73.46
-74.76
-68.76
-73.33
-81.1
-73.39
-69.89
-64.12
-64.94
-69.68
-73.74
-76.06
-83.01
-74.46
-71.63
-73.3
-70.55
-71.05
-77.9
-74.91
-75.58
-78.14
