-226.613
-236.534
-214.298
-231.059
-266.417
-222.576
-242.142
-245.271
-215.672
-235.456
-263.754
-212.572
-228.598
-305.966
-288.644
-209.998
-247.152
-260.756
-249.768
-265.051
-212.912
-212.944
-210.247
-268.234
-193.883
-201.947
-209.47
-228.79
-258.761
-263.496
-259.895
-240.365
-230.012
-286.91
-279.872
-291.303
-252.472
-322.519
-239.069
-265.145
-251.183
-267.975
-209.859
-242.225
-339.948
-274.248
-318.551
-267.261
-223.189
-229.879
-285.548
-192.532
-259.897
-248.455
-233.301
-210.405
-245.741
-245.772
-238.188
-244.73
-220.386
-295.454
-265.832
-249.892
-223.075
-288.059
-274.564
-286.14
-288.931
-188.783
-201.871
-313.789
-280.619
-274.692
-280.893
-233.228
-254.861
-207.794
-220.307
-233.264
-253.127
-202.947
-212.721
-170.49
-237.493
-245.598
-244.48
-303.283
-253.99
-253.206
-257.838
-198.128
-250.143
-181.606
-264.685
-260.224
-254.69
-274.083
-270.926
-282.784
-211.743
-281.366
-275.547
-251.803
-246.84
-221.45
-208.436
-177.745
-328.028
-241.423
-214.448
-244.354
-286.724
-301.587
-262.27
-236.099
-283.484
-234.165
-156.432
-228.709
-217.488
-319.243
-242.852
-252.912
-248.36
-237.999
-263.368
-274.03
-239.22
-231.532
-197.985
-255.767
-291.718
-242.171
-219.747
-279.935
-298.646
-307.098
-275.521
-282.745
-261.32
-293.314
-300.812
-286.603
-297.631
-259.442
-313.666
-275.495
-244.333
-298.838
-319.329
-262.219
-200.616
-245.245
-227.047
-211.703
-315.737
-265.442
-336.641
-321.113
-332.724
-298.288
-338.018
-279.505
-319.439
-300.351
-318.498
-279.994
-319.215
-331.957
-309.809
-298.468
-296.858
-246.56
-325.227
-300.089
-345.862
-301.741
-327.819
-248.952
-365.028
-351.901
-311.485
-243.169
-317.662
-264.21
-335.768
-284.522
-222.791
-302.683
-283.428
-272.103
-319.758
-348.727
-323.225
-336.134
-342.583
-345.163
-312.4
-326.662
-302.066
-342.55
-343.942
-318.026
-359.435
-303.215
-277.177
-283.027
-318.781
-357.995
-289.091
-289.083
-318.341
-256.379
-278.26
-289.186
-285.341
-292.214
-270.208
-320.42
-369.717
-299.319
-231.506
-291.17
-290.743
-315.831
-299.27
-274.772
-299.03
-221.821
-302.335
-302.94
-248.963
-337.597
-305.099
-295.026
-295.986
-261.042
-289.528
-278.823
-324.763
-284.253
-303.949
-250.242
-300.217
-320.702
-261.124
-291.181
-274.033
-274.901
-293.388
-314.14
-305.32
-340.697
-319.63
-252.598
-351.261
-335.549
-342.445
-323.088
-335.124
-297.881
-305.859
-317.269
-284.191
-298.047
-332.297
-298.376
-295.884
-317.747
-311.011
-296.716
-316.646
-308.573
-293.258
-300.204
-329.623
-333.477
-387.491
-351.826
-388.705
-367.2
-225.872
-301.588
-344.774
-323.405
-317.825
-340.368
-312.209
-278.557
-267.947
-286.842
-294.986
-293.069
-280.982
-287.12
-288.938
-320.15
-333.018
-291.974
-269.515
-252.858
-282.579
-268.946
-286.071
-264.693
-298.941
-258.889
-261.72
-244.917
-255.283
-241.616
-258.771
-340.515
-282.177
-236.553
-271.41
-283.978
-301.417
-251.027
-304.547
-308.53
-277.541
-295.41
-283.39
-239.556
-207.019
-252.7
-246.042
-210.552
-296.629
-296.024
-284.5
-322.851
-334.774
-330.741
-306.159
-302.721
-297.998
-318.729
-349.209
-361.654
-269.894
-291.531
-337.664
-318.213
-320.698
-276.023
-275.814
-332.629
-289.225
-324.033
-288.681
-283.13
-339.595
-265.66
-295.905
-248.251
-273.417
-217.007
-248.482
-261.959
-206.472
-253.367
-270.792
-219.04
-200.613
-237.632
-247.513
-209.258
-295.96
-286.044
-271.965
-339.105
-331.758
-306.482
-328.83
-331.68
-340.992
-302.084
-255.533
-293.39
-287.409
-309.845
-321.56
-248.293
-300.432
-322.984
-303.462
-317.583
-321.883
-295.425
-284.626
-327.028
-270.079
-288.513
-288.772
-310.705
-314.748
-324.946
-307.673
-296.34
-288.307
-267.178
-257.635
-324.9
-297.437
-274.079
-271.657
-305.797
-313.756
-309.676
-301.783
-244.054
-285.316
-266.672
-319.695
-280.908
-286.863
-284.027
-259.466
-305.358
-300.946
-275.759
-299.64
-220.978
-257.929
-316.887
-315.733
-279.088
-270.589
-275.921
-361.214
-346.528
-330.46
-334.678
-305.558
-327.846
-351.863
-364.163
-359.5
-254.774
-236.535
-251.885
-267.908
-283.893
-316.611
-267.492
-249.465
-238.083
-198.314
-237.636
-223.145
-230.852
-249.6
-291.673
-233.073
-205.332
-206.658
-216.915
-292.163
-332.724
-305.249
-281.528
-245.922
-320.4
-290.923
-286.246
-313.019
-260.812
-289.47
-228.316
-301.172
-249.286
-260.178
-307.755
-297.215
-320.602
-323.051
-236.845
-287.567
-303.435
-344.718
-321.641
-253.068
-285.501
-309.867
-269.617
-275.033
-259.399
-287.912
-299.815
-277.735
-278.756
-306.642
-281.432
-273.753
-318.727
-226.171
-299.954
-294.013
