-431.395
-446.789
-417.593
-418.613
-475.692
-439.019
-459.632
-490.619
-448.347
-460.749
-510.04
-429.978
-454.898
-501.171
-497.895
-434.03
-427.558
-477.403
-464.651
-412.58
-415.312
-427.277
-430.772
-407.09
-400.24
-422.572
-418.982
-444.194
-471.946
-473.53
-438.26
-439.332
-417.501
-465.393
-446.372
-452.011
-464.797
-467.514
-455.839
-442.629
-430.603
-520.408
-424.356
-466.675
-505.971
-466.809
-489.639
-439.693
-444.302
-419.194
-462.456
-449.238
-490.221
-450.495
-443.383
-391.183
-425.239
-465.993
-436.859
-423.56
-452.956
-463.562
-458.878
-457.768
-426.077
-425.248
-455.872
-464.531
-464.406
-434.501
-397.658
-479.196
-447.444
-481.925
-450.798
-436.179
-448.862
-442.487
-412.936
-395.613
-477.501
-406.773
-384.011
-387.322
-458.831
-432.26
-425.316
-460.93
-445.78
-443.182
-470.82
-421.34
-425.328
-424.64
-436.12
-459.712
-421.325
-479.784
-451.999
-463.935
-426.741
-459.085
-436.066
-426.902
-424.484
-417.269
-426.115
-404.414
-440.333
-469.809
-412.62
-439.194
-457.074
-447.637
-435.338
-402.575
-444.963
-427.26
-390.023
-410.293
-410.497
-488.489
-431.655
-448.275
-447.963
-365.93
-467.987
-448.576
-449.827
-411.747
-407.047
-458.129
-454.096
-468.68
-439.581
-461.626
-481.872
-474.067
-498.489
-430.447
-436.042
-456.858
-454.151
-456.653
-462.032
-425.251
-467.895
-428.347
-417.295
-456.061
-458.035
-478.318
-411.515
-455.605
-419.15
-405.391
-498.438
-460.101
-483.84
-484.092
-507.493
-430.985
-469.08
-469.27
-477.916
-465.956
-456.596
-478.699
-482.207
-505.578
-474.463
-444.353
-455.246
-487.602
-465.055
-433.772
-522.038
-517.694
-509.856
-463.651
-501.407
-510.347
-519.16
-468.687
-438.157
-436.091
-505.084
-469.266
-435.704
-499.736
-456.776
-444.488
-481.271
-462.079
-469.295
-450.171
-515.13
-507.905
-498.948
-514.44
-510.599
-524.656
-509.135
-452.411
-488.048
-509.48
-457.936
-470.47
-505.691
-468.454
-477.733
-460.184
-463.376
-484.464
-457.604
-473.233
-452.0
-502.426
-456.396
-483.748
-479.61
-460.743
-442.134
-448.992
-399.307
-479.041
-460.351
-443.644
-489.429
-455.864
-457.462
-436.692
-380.033
-482.094
-418.989
-476.966
-443.456
-421.764
-474.472
-432.41
-491.383
-478.484
-497.62
-469.996
-438.534
-478.058
-462.392
-485.504
-445.766
-460.675
-449.217
-418.945
-442.478
-475.443
-486.645
-474.249
-488.842
-472.916
-473.237
-484.871
-456.045
-436.392
-407.373
-454.11
-455.403
-475.413
-512.062
-456.012
-458.862
-491.862
-478.196
-468.452
-404.995
-473.783
-433.854
-559.232
-526.458
-518.652
-551.269
-502.448
-525.987
-530.807
-482.337
-492.625
-505.019
-485.45
-509.967
-522.325
-537.347
-468.452
-448.434
-488.727
-448.809
-502.262
-470.634
-474.262
-464.263
-474.056
-518.535
-490.598
-437.238
-382.916
-499.357
-497.783
-440.371
-483.301
-479.767
-448.445
-419.121
-454.757
-413.753
-427.677
-429.168
-456.755
-455.017
-439.458
-435.756
-469.369
-453.465
-401.549
-495.999
-477.065
-435.261
-438.359
-436.405
-409.335
-415.159
-423.565
-406.349
-402.942
-451.459
-454.834
-425.017
-475.558
-469.253
-497.773
-491.128
-445.278
-473.156
-461.603
-490.461
-509.15
-469.395
-485.205
-518.08
-472.487
-489.471
-417.654
-469.182
-474.649
-473.748
-445.754
-412.428
-454.758
-557.297
-445.549
-465.65
-449.401
-437.272
-410.781
-443.718
-396.277
-406.434
-429.668
-410.689
-373.579
-411.301
-449.743
-420.534
-433.235
-449.437
-447.254
-443.554
-497.149
-472.264
-478.611
-480.96
-494.329
-526.347
-427.623
-448.391
-459.907
-461.35
-461.038
-458.889
-448.656
-472.201
-455.097
-475.533
-422.404
-465.227
-478.483
-452.176
-485.481
-431.043
-428.663
-467.157
-434.78
-446.284
-479.877
-451.65
-494.196
-470.722
-479.924
-422.316
-495.325
-486.736
-442.707
-486.07
-494.71
-498.78
-496.32
-490.398
-387.973
-474.011
-435.964
-464.753
-470.046
-452.003
-430.028
-468.835
-484.41
-421.094
-470.202
-485.84
-427.894
-436.409
-433.089
-450.238
-435.301
-448.997
-446.996
-498.905
-499.152
-488.909
-486.715
-458.76
-445.218
-470.292
-508.507
-483.702
-432.41
-441.252
-420.312
-456.462
-471.388
-471.128
-412.323
-417.785
-430.176
-365.276
-447.209
-372.641
-397.656
-413.995
-433.111
-411.124
-389.924
-392.049
-408.9
-472.364
-497.996
-471.028
-436.994
-413.54
-455.494
-413.13
-464.403
-448.401
-464.594
-480.97
-449.435
-492.022
-455.701
-459.614
-475.598
-484.506
-490.778
-481.813
-458.815
-513.244
-488.431
-478.702
-499.641
-476.003
-465.18
-517.837
-465.103
-409.1
-465.134
-473.354
-481.181
-494.061
-476.409
-473.617
-465.36
-451.233
-486.443
-454.412
-430.804
-454.069
