-0.074
-0.212
-0.063
-0.182
-0.255
-0.205
-0.309
-0.381
-0.211
-0.178
-0.341
-0.115
-0.224
-0.264
-0.198
-0.321
-0.26
-0.26
-0.357
-0.357
-0.282
-0.227
-0.13
-0.204
-0.27
-0.261
-0.242
-0.188
-0.253
-0.135
-0.112
-0.218
-0.225
-0.17
-0.185
-0.105
-0.199
-0.248
-0.254
-0.219
-0.191
-0.224
-0.282
-0.15
-0.232
-0.117
-0.238
-0.169
-0.203
-0.159
-0.202
-0.106
-0.236
-0.117
-0.051
-0.149
-0.164
-0.123
-0.068
-0.095
-0.155
-0.017
-0.132
-0.137
-0.092
-0.119
-0.08
-0.117
-0.184
-0.176
-0.072
-0.125
-0.206
-0.116
-0.06
-0.063
-0.11
-0.18
-0.265
-0.015
-0.251
-0.191
-0.117
-0.045
-0.094
-0.122
-0.216
-0.196
-0.144
-0.143
-0.065
-0.26
-0.089
-0.077
-0.098
-0.148
-0.277
-0.191
-0.261
-0.142
-0.108
-0.083
-0.08
-0.019
-0.18
-0.283
-0.24
-0.116
-0.107
-0.284
-0.089
-0.104
-0.223
-0.178
-0.16
-0.184
-0.128
-0.227
-0.092
-0.037
-0.065
-0.115
-0.036
-0.054
-0.1
-0.038
-0.127
-0.117
-0.172
-0.223
-0.118
-0.067
-0.169
-0.155
-0.203
-0.067
-0.084
-0.128
-0.123
-0.045
-0.065
-0.231
-0.166
-0.148
-0.101
-0.118
-0.137
-0.093
0.039
-0.02
-0.062
-0.128
-0.14
-0.115
-0.091
-0.169
-0.111
-0.281
-0.141
-0.098
-0.184
-0.026
-0.131
-0.177
-0.198
-0.115
-0.183
-0.123
-0.186
-0.233
-0.259
-0.18
-0.237
-0.158
-0.163
-0.113
-0.24
-0.208
-0.144
-0.091
-0.146
-0.143
-0.087
-0.167
-0.2
-0.161
-0.241
-0.199
-0.171
-0.232
-0.25
-0.147
-0.203
-0.206
-0.193
-0.11
-0.086
-0.038
-0.215
-0.17
-0.086
-0.161
-0.148
-0.208
-0.171
-0.132
-0.223
-0.266
-0.284
-0.261
-0.16
-0.235
-0.069
-0.12
-0.097
-0.21
-0.133
-0.135
-0.11
-0.12
-0.227
-0.003
-0.095
-0.086
-0.098
-0.111
-0.099
-0.089
-0.069
-0.189
-0.265
-0.24
-0.199
-0.119
-0.179
-0.133
-0.078
-0.148
-0.173
-0.223
-0.13
-0.167
-0.161
-0.136
-0.045
-0.152
-0.257
-0.205
-0.174
-0.097
-0.123
-0.159
-0.145
-0.16
-0.161
-0.236
-0.124
-0.211
-0.269
-0.274
-0.143
-0.248
-0.132
-0.079
-0.114
-0.089
-0.075
-0.197
-0.296
-0.387
-0.206
-0.117
-0.127
-0.166
0.003
-0.233
-0.113
-0.089
-0.188
-0.032
-0.084
-0.056
-0.025
-0.111
-0.095
-0.151
-0.163
-0.12
-0.09
-0.102
-0.059
0.04
-0.11
-0.025
-0.183
-0.139
-0.01
-0.144
-0.176
-0.061
-0.113
-0.123
-0.095
-0.058
0.061
-0.119
-0.174
-0.09
0.034
-0.178
-0.153
-0.147
-0.086
-0.066
-0.114
-0.123
-0.129
-0.087
-0.084
-0.111
-0.212
-0.09
-0.239
-0.099
-0.113
-0.104
0.138
0.017
-0.107
-0.158
-0.194
-0.153
-0.163
-0.169
-0.108
-0.141
-0.055
-0.148
-0.105
-0.122
-0.12
-0.2
0.006
-0.152
-0.196
-0.149
-0.199
-0.114
-0.147
-0.144
-0.124
-0.199
-0.066
-0.093
-0.114
-0.123
-0.13
-0.122
-0.247
-0.189
-0.076
-0.254
-0.256
-0.1
-0.14
-0.145
-0.151
-0.016
-0.082
-0.092
0.007
-0.104
-0.041
-0.11
-0.177
-0.206
-0.076
0.04
-0.125
-0.129
-0.163
-0.047
-0.189
-0.088
-0.135
-0.169
-0.112
-0.196
-0.137
-0.129
-0.087
-0.071
-0.103
-0.039
-0.144
-0.177
-0.148
-0.262
-0.22
-0.077
-0.213
-0.134
-0.113
-0.138
-0.121
-0.015
-0.011
-0.128
-0.208
-0.185
-0.057
-0.114
-0.049
-0.139
-0.159
-0.12
-0.186
-0.141
-0.12
-0.103
-0.169
-0.21
-0.149
-0.111
-0.177
-0.235
-0.163
-0.183
-0.194
-0.235
-0.244
-0.236
-0.225
-0.13
-0.245
-0.182
-0.092
-0.284
-0.335
-0.201
-0.137
-0.162
-0.194
-0.204
-0.217
-0.278
-0.098
-0.178
-0.245
-0.221
-0.263
-0.153
-0.299
-0.116
-0.268
-0.186
-0.247
-0.234
-0.2
-0.173
-0.116
-0.215
-0.212
-0.226
-0.146
-0.241
-0.153
-0.091
-0.193
-0.109
-0.191
-0.2
-0.249
-0.166
-0.147
-0.153
-0.259
-0.17
-0.216
-0.212
-0.097
-0.133
-0.13
-0.227
-0.206
-0.213
-0.097
-0.256
-0.258
-0.184
-0.194
-0.213
-0.12
-0.048
-0.141
-0.337
-0.07
-0.28
0.05
-0.239
-0.202
