-2.474
-2.53
-2.19
-2.454
-2.92
-2.535
-2.861
-2.223
-2.532
-2.852
-2.235
-2.145
-2.098
-2.507
-2.633
-2.994
-2.859
-2.163
-2.143
-2.537
-1.932
-2.277
-2.645
-1.977
-2.564
-1.967
-1.964
-2.391
-2.651
-2.325
-2.366
-1.82
-2.105
-1.866
-2.014
-1.515
-2.135
-2.253
-2.174
-2.015
-2.163
-2.243
-2.361
-2.486
-2.526
-2.106
-1.976
-1.721
-2.776
-2.161
-1.513
-2.034
-1.771
-2.163
-1.998
-2.484
-1.576
-1.782
-1.837
-1.693
-2.039
-2.254
-2.098
-1.925
-2.097
-1.887
-1.69
-2.321
-2.509
-2.108
-2.003
-2.429
-1.676
-3.382
-1.668
-2.485
-2.629
-2.236
-2.06
-1.899
-2.462
-2.272
-2.29
-2.611
-2.226
-2.494
-2.459
-2.251
-2.864
-2.511
-2.413
-2.36
-2.492
-2.856
-2.408
-1.753
-2.116
-2.544
-2.803
-2.627
-2.476
-2.389
-2.402
-2.235
-2.289
-2.342
-3.019
-2.285
-2.016
-1.817
-2.586
-1.805
-2.367
-1.962
-2.206
-2.081
-2.244
-2.626
-2.285
-2.573
-1.684
-1.969
-1.762
-2.531
-2.18
-2.094
-2.222
-2.564
-2.252
-2.573
-3.218
-2.42
-2.786
-1.731
-1.926
-1.888
-2.173
-2.956
-1.876
-2.823
-1.619
-2.717
-2.317
-2.093
-2.251
-2.15
-1.858
-1.916
-2.226
-1.631
-1.982
-2.533
-2.065
-1.73
-2.203
-2.559
-2.393
-2.347
-3.082
-2.45
-2.468
-2.38
-2.799
-2.478
-2.561
-2.731
-1.868
-2.932
-2.243
-2.383
-2.682
-2.321
-2.354
-2.698
-2.496
-2.613
-2.702
-2.227
-2.635
-1.687
-2.816
-2.949
-2.617
-2.825
-2.498
-2.033
-2.337
-2.03
-2.432
-2.725
-2.318
-1.826
-1.947
-2.632
-2.935
-2.474
-2.328
-2.469
-2.716
-2.099
-2.736
-2.877
-2.159
-2.086
-2.942
-2.531
-2.307
-2.618
-2.041
-2.506
-2.05
-3.209
-2.458
-2.379
-2.295
-1.95
-2.412
-2.117
-2.252
-2.763
-2.058
-1.96
-1.858
-2.193
-2.148
-2.878
-1.976
-2.304
-2.54
-2.234
-1.495
-2.354
-2.127
-2.114
-2.44
-1.485
-2.273
-2.194
-2.096
-2.701
-2.653
-2.689
-2.785
-2.457
-2.49
-2.653
-2.084
-2.678
-2.854
-2.407
-2.198
-2.272
-2.184
-2.329
-2.156
-2.11
-2.89
-2.423
-2.33
-2.595
-2.668
-2.562
-2.667
-2.031
-2.27
-2.441
-2.179
-1.951
-2.645
-2.283
-2.801
-2.582
-2.357
-2.128
-2.699
-1.667
-2.002
-2.644
-2.566
-2.268
-2.444
-2.826
-2.387
-1.356
-2.464
-2.376
-2.782
-2.425
-2.309
-2.314
-1.766
-2.191
-2.5
-2.64
-2.658
-1.85
-2.584
-1.939
-2.225
-2.603
-1.785
-2.438
-2.294
-1.963
-2.275
-2.07
-2.347
-2.229
-1.848
-2.045
-2.267
-2.38
-2.449
-2.392
-2.612
-2.028
-2.132
-2.221
-2.009
-1.554
-2.437
-2.517
-1.352
-2.411
-2.203
-2.195
-1.8
-2.029
-1.759
-2.003
-1.823
-1.522
-2.253
-2.88
-2.543
-2.77
-2.838
-2.795
-2.479
-2.58
-2.66
-2.724
-2.908
-2.997
-2.319
-2.38
-3.032
-2.394
-3.079
-2.583
-3.011
-2.834
-2.444
-2.396
-1.932
-1.729
-2.455
-2.551
-2.163
-2.633
-2.417
-1.976
-1.884
-2.543
-2.673
-1.717
-2.149
-1.313
-2.117
-2.013
-1.843
-2.636
-1.987
-2.362
-2.274
-2.687
-2.386
-2.171
-2.588
-2.479
-2.724
-2.45
-2.844
-2.741
-2.829
-2.155
-2.589
-2.623
-2.193
-2.35
-2.805
-2.344
-2.647
-2.708
-2.79
-2.794
-1.987
-2.849
-2.785
-3.207
-2.738
-2.524
-1.715
-2.916
-2.896
-2.243
-2.34
-2.388
-2.293
-1.93
-2.388
-2.348
-2.661
-2.806
-2.141
-2.613
-2.425
-2.05
-2.599
-2.062
-1.975
-2.748
-2.974
-3.003
-2.784
-2.63
-1.965
-2.545
-2.735
-2.992
-2.557
-2.446
-2.813
-2.268
-2.367
-2.355
-1.884
-2.271
-2.62
-3.075
-2.517
-2.374
-2.434
-1.774
-2.586
-2.25
-2.447
-2.323
-1.91
-2.037
-1.705
-2.113
-2.009
-1.757
-1.602
-1.592
-2.393
-1.985
-1.822
-2.342
-2.449
-2.211
-1.803
-2.045
-2.334
-2.597
-2.056
-1.526
-2.245
-2.039
-1.752
-2.132
-2.201
-2.266
-2.241
-2.177
-2.775
-2.28
-2.451
-2.681
-2.327
-2.957
-2.427
-2.973
-2.995
-1.858
-1.907
-1.918
-1.817
-2.801
-2.452
-2.096
-2.476
-2.013
-1.756
-2.447
-1.393
-2.733
-2.244
-2.325
-2.718
