0.08
-2.608
-7.009
-3.454
-2.388
-0.847
-2.346
-5.022
-2.662
-4.38
-4.559
-5.471
-4.581
-3.576
-3.597
-4.22
-2.954
-7.172
-5.137
-4.561
-6.371
-5.534
-4.832
-4.103
-0.923
-5.518
-7.628
-4.328
-3.016
-6.077
-4.23
-1.019
-5.016
-2.59
-4.758
-5.219
-3.167
-4.845
-2.18
-5.391
-4.184
-7.191
-4.649
-4.748
-2.304
-6.778
-2.155
-6.089
-1.877
-2.733
-4.706
-3.337
-1.438
-7.919
-4.121
-4.478
-0.309
-3.74
-1.094
-1.752
-2.002
-3.432
-5.125
-1.978
-6.167
-4.35
-3.78
-1.64
-4.296
-1.944
-4.848
-4.889
-2.681
-6.678
-5.598
-5.392
-7.166
-3.587
-4.954
-5.6
0.163
-2.965
-6.016
-5.493
-5.623
-4.327
-3.731
-9.003
-4.164
-7.704
-5.114
-4.702
-4.514
-2.82
-5.066
-3.999
-4.316
-5.957
-5.822
-4.3
-3.078
-3.52
-3.756
-3.858
-4.293
-2.356
-6.371
-5.581
-5.417
-2.724
-2.722
-1.666
-0.598
-1.64
-1.919
-0.815
-2.929
-3.595
-3.291
-3.037
-1.921
-4.594
-3.309
-2.697
-5.101
-2.425
-0.012
-3.303
-3.751
-0.555
-1.949
-1.168
-3.386
-1.937
-4.786
-4.293
-2.108
0.824
-4.625
-3.242
-1.657
-2.032
-2.067
-1.791
-3.262
-6.451
-1.126
-4.158
-2.95
-4.116
-2.395
-2.877
-2.285
-0.459
-2.686
-3.024
-1.837
-6.147
-3.792
-6.328
-3.151
-4.374
-4.939
-2.206
-2.305
-2.356
-2.367
-3.552
-5.996
-2.839
-1.575
-1.624
-4.906
-0.881
-0.217
-3.273
-4.567
-1.847
-3.006
-3.259
-3.317
-1.662
-5.982
-3.872
-0.948
-3.512
-5.475
-2.282
-2.4
-2.846
-5.572
-2.968
-2.437
-3.368
-6.222
-2.424
-1.45
-3.556
-2.281
-2.668
-1.612
-4.578
-2.337
-2.745
-4.653
-4.279
-4.141
-2.262
-2.731
-2.051
-1.46
-3.546
-0.605
-3.911
-4.996
-2.624
-1.922
-2.415
-1.638
-4.517
-5.339
-3.534
-2.52
-1.954
-1.307
-3.864
-3.225
-4.593
1.061
0.237
-4.884
-5.342
-5.085
-3.86
-2.64
-6.376
-5.648
-1.447
-4.806
-4.927
-6.276
-5.639
-3.024
-0.91
-6.229
-5.757
-2.452
-2.325
-4.568
-4.55
-3.16
-2.708
-4.159
-2.817
-3.008
-4.701
-5.052
-4.006
-3.968
-5.823
-5.298
-4.711
-5.948
-5.596
-5.296
-3.35
-3.459
-3.83
-3.61
-3.447
-2.045
-3.54
-3.539
-2.792
-6.208
-3.357
-0.749
-3.303
-7.508
-2.297
-2.973
-1.877
-5.63
-4.615
-2.799
-1.558
-4.874
-2.637
-2.263
-2.429
-2.633
-1.344
-3.344
-5.015
-1.548
-2.224
-1.071
-1.792
-1.501
-6.024
-5.592
-4.734
-4.255
-5.677
-4.702
-3.53
-3.524
-3.234
-3.661
-2.77
-5.478
-1.953
-4.434
-5.049
-5.535
-4.084
-6.594
-2.189
-3.082
-4.276
-2.664
-4.699
-1.385
-6.911
-5.862
-1.942
-2.795
-3.994
-3.94
-5.761
-2.879
-0.841
-2.239
-5.884
-2.844
-4.445
-4.026
-1.396
-4.198
-3.534
-2.308
-4.169
-2.203
-2.905
-1.353
-2.477
-2.137
-1.428
-3.28
-2.321
-2.304
-2.703
0.726
-2.36
0.064
-2.496
-3.058
-3.568
-1.868
-0.67
-4.729
-6.149
-5.356
-4.796
-4.33
-4.342
-3.632
-2.099
-4.188
-3.458
-3.652
-3.865
-1.523
-1.102
-2.521
0.877
-5.592
-2.248
-1.328
-7.217
-3.846
-3.288
-4.468
-3.87
-5.51
-4.253
-5.843
-3.573
-1.982
-1.804
-3.588
-6.478
-4.237
-3.745
-6.812
-6.596
-4.561
-4.213
-4.875
-6.156
-5.585
-2.301
-3.201
-0.372
-2.567
-2.409
-1.607
-4.783
-5.391
-6.736
-2.105
-3.171
-3.038
-2.14
-2.055
-1.602
-3.79
-2.793
-5.291
-4.274
-3.66
-1.949
-5.539
-2.381
-4.908
-4.025
-3.422
-4.486
-4.611
-4.295
-3.255
-6.31
-6.752
-1.564
-1.833
-2.259
-1.086
-3.073
-7.601
-6.476
-5.79
-4.693
-5.637
-6.616
-6.001
-8.212
-5.834
-4.046
-4.685
-2.76
-5.968
-5.365
-5.08
-6.432
-4.94
-6.887
-5.542
-7.867
-5.322
-5.033
-6.268
-6.56
-4.018
-2.4
-1.028
-2.589
-5.082
-4.392
-6.951
-2.143
-1.325
-3.216
-2.367
-2.869
-4.832
-4.893
-4.751
-3.49
-3.683
-2.554
-4.302
-4.082
-3.631
-5.858
-6.547
-4.505
-4.295
-4.876
-1.13
-5.216
-6.509
-3.137
-6.484
-4.571
-5.593
-5.301
-7.209
-6.039
-6.005
-4.503
-3.849
